-6.080548836889999864e-02 -3.614974196020639963e-01
-6.040413201002937243e-02 -3.353463885996687543e-01
-6.000277565115874623e-02 -3.110241798453403650e-01
-5.960141929228812002e-02 -2.898083771257523589e-01
-5.920006293341749382e-02 -2.709624156392710370e-01
-5.879870657454686067e-02 -2.541107331807620495e-01
-5.839735021567623446e-02 -2.388107941638249465e-01
-5.799599385680560826e-02 -2.247716043852081291e-01
-5.759463749793498205e-02 -2.117497924692580413e-01
-5.719328113906435584e-02 -1.997184969880144434e-01
-5.679192478019372964e-02 -1.885410508886948000e-01
-5.639056842132310343e-02 -1.781411430597935053e-01
-5.598921206245247029e-02 -1.683192998111151528e-01
-5.558785570358184408e-02 -1.590497013893308609e-01
-5.518649934471121787e-02 -1.503131799833165305e-01
-5.478514298584059167e-02 -1.420929379619161326e-01
-5.438378662696996546e-02 -1.343579754175059926e-01
-5.398243026809933925e-02 -1.269829249860713882e-01
-5.358107390922871305e-02 -1.199802589461376884e-01
-5.317971755035808684e-02 -1.132961126888197556e-01
-5.277836119148746064e-02 -1.069839211669073170e-01
-5.237700483261682749e-02 -1.009779974874193270e-01
-5.197564847374620128e-02 -9.524011165806775536e-02
-5.157429211487557508e-02 -8.978968213498064732e-02
-5.117293575600494887e-02 -8.450015694655760301e-02
-5.077157939713432266e-02 -7.952855448113115011e-02
-5.037022303826369646e-02 -7.475293956091196013e-02
-4.996886667939307025e-02 -7.017104960288902959e-02
-4.956751032052243711e-02 -6.577421892080125010e-02
-4.916615396165181784e-02 -6.153839591164680239e-02
-4.876479760278118469e-02 -5.750128483238004656e-02
-4.836344124391055849e-02 -5.364376079669486846e-02
-4.796208488503993228e-02 -4.990253489950470522e-02
-4.756072852616930607e-02 -4.631983159304416814e-02
-4.715937216729867987e-02 -4.285890488634930273e-02
-4.675801580842804672e-02 -3.951647484322828169e-02
-4.635665944955742745e-02 -3.634453194020995093e-02
-4.595530309068679431e-02 -3.330097795775678604e-02
-4.555394673181616810e-02 -3.026576774491186728e-02
-4.515259037294554190e-02 -2.738446868345614793e-02
-4.475123401407491569e-02 -2.460869197953957643e-02
-4.434987765520428948e-02 -2.192392524075145732e-02
-4.394852129633366328e-02 -1.933119492044803669e-02
-4.354716493746303707e-02 -1.683166878228642416e-02
-4.314580857859240393e-02 -1.436601790168504089e-02
-4.274445221972178466e-02 -1.203040409755587459e-02
-4.234309586085115151e-02 -9.722910318423061762e-03
-4.194173950198052531e-02 -7.499692171904306405e-03
-4.154038314310989910e-02 -5.341775065880211004e-03
-4.113902678423927289e-02 -3.246920443082117799e-03
-4.073767042536864669e-02 -1.210771161636742862e-03
-4.033631406649801354e-02 7.632080381401516560e-04
-3.993495770762739427e-02 2.671787559607491109e-03
-3.953360134875676113e-02 4.506213722649659095e-03
-3.913224498988613492e-02 6.342075734602927936e-03
-3.873088863101550872e-02 8.111109661105387475e-03
-3.832953227214488251e-02 9.826914554066543475e-03
-3.792817591327425630e-02 1.149629210417802382e-02
-3.752681955440363010e-02 1.312168677474586168e-02
-3.712546319553300389e-02 1.463781780290835353e-02
-3.672410683666237075e-02 1.627157710407973329e-02
-3.632275047779175148e-02 1.777041181319449770e-02
-3.592139411892111833e-02 1.924222327460942822e-02
-3.552003776005049213e-02 2.065486132823481785e-02
-3.511868140117986592e-02 2.208990428169550074e-02
-3.471732504230923971e-02 2.339599239304258893e-02
-3.431596868343861351e-02 2.480709595570676496e-02
-3.391461232456798036e-02 2.610140115504472336e-02
-3.351325596569736109e-02 2.734145054834053942e-02
-3.311189960682672795e-02 2.860931635125683187e-02
-3.271054324795610174e-02 2.978281010462447212e-02
-3.230918688908547554e-02 3.103840998697257603e-02
-3.190783053021484933e-02 3.218899575934124763e-02
-3.150647417134422312e-02 3.333951969382126235e-02
-3.110511781247359692e-02 3.444936437638053406e-02
-3.070376145360296724e-02 3.553834118881055854e-02
-3.030240509473234103e-02 3.658740868578588823e-02
-2.990104873586171483e-02 3.767060099745064145e-02
-2.949969237699108515e-02 3.866387533504889173e-02
-2.909833601812045895e-02 3.969382115897653746e-02
-2.869697965924983274e-02 4.067919793353154401e-02
-2.829562330037920653e-02 4.162999915246246713e-02
-2.789426694150858033e-02 4.258031907675918076e-02
-2.749291058263795412e-02 4.350192832251133235e-02
-2.709155422376732791e-02 4.438443606907805511e-02
-2.669019786489669477e-02 4.529043047543035438e-02
-2.628884150602606856e-02 4.614433558198512836e-02
-2.588748514715544236e-02 4.702006455391632284e-02
-2.548612878828481615e-02 4.784921061587801144e-02
-2.508477242941418994e-02 4.866038463096646755e-02
-2.468341607054356374e-02 4.944477871507090005e-02
-2.428205971167293753e-02 5.023982611134974324e-02
-2.388070335280230438e-02 5.100280687638997917e-02
-2.347934699393167818e-02 5.171737008685023396e-02
-2.307799063506105197e-02 5.247946997463531771e-02
-2.267663427619042577e-02 5.323568468941380916e-02
-2.227527791731979956e-02 5.391474066471675652e-02
-2.187392155844917335e-02 5.463388248800300773e-02
-2.147256519957854715e-02 5.529823929399612509e-02
-2.107120884070792094e-02 5.596881657095101326e-02
-2.066985248183729473e-02 5.662985882929635201e-02
-2.026849612296666159e-02 5.728775141999450926e-02
-1.986713976409603538e-02 5.790632294529524798e-02
-1.946578340522540918e-02 5.852167345860036923e-02
-1.906442704635478297e-02 5.912202015813632777e-02
-1.866307068748415676e-02 5.973344390851018787e-02
-1.826171432861353056e-02 6.028985985742734560e-02
-1.786035796974290435e-02 6.086138913479770957e-02
-1.745900161087227120e-02 6.143002506211130836e-02
-1.705764525200164500e-02 6.196072896165726041e-02
-1.665628889313101879e-02 6.250757705945170217e-02
-1.625493253426039258e-02 6.303272765468875827e-02
-1.585357617538976638e-02 6.353926731699741093e-02
-1.545221981651914017e-02 6.402419640778139742e-02
-1.505086345764851397e-02 6.452398462440801785e-02
-1.464950709877788776e-02 6.497523325071953570e-02
-1.424815073990726155e-02 6.547471504591428904e-02
-1.384679438103662841e-02 6.593393886831661055e-02
-1.344543802216600220e-02 6.639091879518907446e-02
-1.304408166329537599e-02 6.684296047697009524e-02
-1.264272530442474979e-02 6.725209619372193859e-02
-1.224136894555412358e-02 6.769848321298024829e-02
-1.184001258668349738e-02 6.810474042911940362e-02
-1.143865622781287117e-02 6.853119565905091415e-02
-1.103729986894223802e-02 6.890480825522755925e-02
-1.063594351007161182e-02 6.930567535378656663e-02
-1.023458715120098561e-02 6.968745367692920356e-02
-9.833230792330359404e-03 7.008795625925656747e-02
-9.431874433459733198e-03 7.045323570517328382e-02
-9.030518074589106992e-03 7.081340004815353528e-02
-8.629161715718480785e-03 7.117941674744472647e-02
-8.227805356847854579e-03 7.152593467436901831e-02
-7.826448997977228372e-03 7.187679509125725896e-02
-7.425092639106595227e-03 7.223633502835041797e-02
-7.023736280235969021e-03 7.259676648948797106e-02
-6.622379921365342814e-03 7.292855913858042882e-02
-6.221023562494716608e-03 7.327954357752698711e-02
-5.819667203624090401e-03 7.363442625113887641e-02
-5.418310844753464195e-03 7.394885262245265434e-02
-5.016954485882837989e-03 7.431869545840127933e-02
-4.615598127012204843e-03 7.461868531686328965e-02
-4.214241768141578637e-03 7.505222369268940708e-02
-3.812885409270952430e-03 7.540044020416772352e-02
-3.411529050400326224e-03 7.580126252713995094e-02
-3.010172691529700018e-03 7.618987198783258585e-02
-2.608816332659073811e-03 7.654587870465116850e-02
-2.207459973788447605e-03 7.690613710213760335e-02
-1.806103614917821398e-03 7.712292418531319083e-02
-1.404747256047195192e-03 7.740418367852015813e-02
-1.003390897176562047e-03 7.755963117142268548e-02
-6.020345383059358402e-04 7.768179745935210878e-02
-2.006781794353096338e-04 7.775854009210421414e-02
2.006781794353165727e-04 7.776020967992980371e-02
6.020345383059427791e-04 7.767972958685122331e-02
1.003390897176568985e-03 7.755982644122445813e-02
1.404747256047195192e-03 7.740441484357483970e-02
1.806103614917828337e-03 7.712298063984905638e-02
2.207459973788447605e-03 7.690619994958676486e-02
2.608816332659080750e-03 7.654591253284616370e-02
3.010172691529700018e-03 7.618973244369775522e-02
3.411529050400333163e-03 7.580133858029423910e-02
3.812885409270966308e-03 7.540046941912319223e-02
4.214241768141585576e-03 7.505223900477625554e-02
4.615598127012218721e-03 7.461853896946304965e-02
5.016954485882837989e-03 7.431881919556164451e-02
5.418310844753471134e-03 7.394898644063244153e-02
5.819667203624090401e-03 7.363435602693879645e-02
6.221023562494723547e-03 7.327960246744769091e-02
6.622379921365342814e-03 7.292868334228563842e-02
7.023736280235975959e-03 7.259712598342647760e-02
7.425092639106609105e-03 7.223639909364068523e-02
7.826448997977228372e-03 7.187680181892085185e-02
8.227805356847861518e-03 7.152589160930905576e-02
8.629161715718480785e-03 7.117928216985808243e-02
9.030518074589113930e-03 7.081323604495427804e-02
9.431874433459733198e-03 7.045328614350977736e-02
9.833230792330366343e-03 7.008806788766797080e-02
1.023458715120099949e-02 6.968755809528810741e-02
1.063594351007161876e-02 6.930584331545983079e-02
1.103729986894225190e-02 6.890486191083738943e-02
1.143865622781287117e-02 6.853130215135806724e-02
1.184001258668350431e-02 6.810494891902083014e-02
1.224136894555412358e-02 6.769860737604400935e-02
1.264272530442475673e-02 6.725227937650803123e-02
1.304408166329538987e-02 6.684309253588188726e-02
1.344543802216600914e-02 6.639098831996159689e-02
1.384679438103664229e-02 6.593423723519793722e-02
1.424815073990726155e-02 6.547465251366466066e-02
1.464950709877789470e-02 6.497529848832611643e-02
1.505086345764851397e-02 6.452393191150503082e-02
1.545221981651914711e-02 6.402434636025021442e-02
1.585357617538976638e-02 6.353932346407831222e-02
1.625493253426039952e-02 6.303265515248128448e-02
1.665628889313103267e-02 6.250754315666247340e-02
1.705764525200165194e-02 6.196065572680990730e-02
1.745900161087228508e-02 6.143020932883127422e-02
1.786035796974290435e-02 6.086140455105092800e-02
1.826171432861353749e-02 6.028978453365990003e-02
1.866307068748415676e-02 5.973345367810270479e-02
1.906442704635478991e-02 5.912200065979945907e-02
1.946578340522540918e-02 5.852154771518980336e-02
1.986713976409604232e-02 5.790635091348295821e-02
2.026849612296667547e-02 5.728774339379411051e-02
2.066985248183729473e-02 5.662993737203374234e-02
2.107120884070792788e-02 5.596868219574971381e-02
2.147256519957854715e-02 5.529815513188949400e-02
2.187392155844918029e-02 5.463425191454054225e-02
2.227527791731979956e-02 5.391503180420433722e-02
2.267663427619043270e-02 5.323575757810292824e-02
2.307799063506106585e-02 5.247968667078829058e-02
2.347934699393168512e-02 5.171751940807632619e-02
2.388070335280231826e-02 5.100295799409920033e-02
2.428205971167293753e-02 5.023987711549170870e-02
2.468341607054357068e-02 4.944482771114497299e-02
2.508477242941418994e-02 4.866044100156004942e-02
2.548612878828482309e-02 4.784928122946676549e-02
2.588748514715545623e-02 4.702038691283610961e-02
2.628884150602607550e-02 4.614460563033316587e-02
2.669019786489670865e-02 4.529047851920683238e-02
2.709155422376732791e-02 4.438459998619816854e-02
2.749291058263796106e-02 4.350181671375009940e-02
2.789426694150858033e-02 4.258024937135369836e-02
2.829562330037921347e-02 4.162995656557806623e-02
2.869697965924983274e-02 4.067922302108429450e-02
2.909833601812046588e-02 3.969370628582174348e-02
2.949969237699109903e-02 3.866408305807807894e-02
2.990104873586171830e-02 3.767079567507543303e-02
3.030240509473235144e-02 3.658760298556489043e-02
3.070376145360297071e-02 3.553836989125206541e-02
3.110511781247360386e-02 3.444945386686221883e-02
3.150647417134422312e-02 3.333965029909956995e-02
3.190783053021485627e-02 3.218916146834045061e-02
3.230918688908547554e-02 3.103861234993693027e-02
3.271054324795610868e-02 2.978279748431848437e-02
3.311189960682674183e-02 2.860936596111527883e-02
3.351325596569736109e-02 2.734162137311312718e-02
3.391461232456799424e-02 2.610136165747328763e-02
3.431596868343861351e-02 2.480692843122515867e-02
3.471732504230924665e-02 2.339598454819379406e-02
3.511868140117986592e-02 2.209002676340458826e-02
3.552003776005049906e-02 2.065503107363919275e-02
3.592139411892113221e-02 1.924201612126595975e-02
3.632275047779175148e-02 1.777026128175976730e-02
3.672410683666238462e-02 1.627156864960893970e-02
3.712546319553300389e-02 1.463793319653191628e-02
3.752681955440363704e-02 1.312173596795743018e-02
3.792817591327425630e-02 1.149643384529191840e-02
3.832953227214488945e-02 9.826921823464496858e-03
3.873088863101552259e-02 8.110912341027121109e-03
3.913224498988614186e-02 6.342106642157917251e-03
3.953360134875677501e-02 4.506021010185727940e-03
3.993495770762739427e-02 2.671975861138984817e-03
4.033631406649802742e-02 7.635374968137623349e-04
4.073767042536864669e-02 -1.210589844528708880e-03
4.113902678423927983e-02 -3.246806571438641716e-03
4.154038314310989910e-02 -5.341882218423557073e-03
4.194173950198053225e-02 -7.499583695186095959e-03
4.234309586085116539e-02 -9.722696873985584715e-03
4.274445221972178466e-02 -1.203032112938257070e-02
4.314580857859241780e-02 -1.436585571065438459e-02
4.354716493746303707e-02 -1.683155779018772821e-02
4.394852129633367022e-02 -1.933091317819379470e-02
4.434987765520428948e-02 -2.192405052008177674e-02
4.475123401407492263e-02 -2.460872973978592629e-02
4.515259037294554190e-02 -2.738461611675288912e-02
4.555394673181617504e-02 -3.026591421849571598e-02
4.595530309068680819e-02 -3.330124820264748764e-02
4.635665944955742745e-02 -3.634470409752169062e-02
4.675801580842806060e-02 -3.951643348117623439e-02
4.715937216729867987e-02 -4.285880029044298462e-02
4.756072852616931301e-02 -4.631973634479106400e-02
4.796208488503993228e-02 -4.990244809337858467e-02
4.836344124391056543e-02 -5.364361394157805135e-02
4.876479760278119857e-02 -5.750110903746556701e-02
4.916615396165181784e-02 -6.153826359429431098e-02
4.956751032052245098e-02 -6.577418933334991391e-02
4.996886667939307025e-02 -7.017106527164060359e-02
5.037022303826370340e-02 -7.475306517202678913e-02
5.077157939713432266e-02 -7.952831586875123981e-02
5.117293575600495581e-02 -8.450011685002921380e-02
5.157429211487558895e-02 -8.978968497024540640e-02
5.197564847374620822e-02 -9.524047130152918372e-02
5.237700483261684137e-02 -1.009782737052431073e-01
5.277836119148746064e-02 -1.069840914719189379e-01
5.317971755035809378e-02 -1.132960557285124098e-01
5.358107390922871305e-02 -1.199800888979914021e-01
5.398243026809934619e-02 -1.269827611906097775e-01
5.438378662696996546e-02 -1.343580556556282501e-01
5.478514298584059861e-02 -1.420925902206984781e-01
5.518649934471123175e-02 -1.503131075908314962e-01
5.558785570358185102e-02 -1.590496344774881277e-01
5.598921206245248416e-02 -1.683192459762471171e-01
5.639056842132310343e-02 -1.781408953183623856e-01
5.679192478019373658e-02 -1.885411943616321362e-01
5.719328113906435584e-02 -1.997191456338401894e-01
5.759463749793498899e-02 -2.117498825566143661e-01
5.799599385680560826e-02 -2.247713241975268783e-01
5.839735021567624140e-02 -2.388105175294035210e-01
5.879870657454687455e-02 -2.541096578701355635e-01
5.920006293341749382e-02 -2.709600588831027612e-01
5.960141929228812696e-02 -2.898080102429206883e-01
6.000277565115874623e-02 -3.110259092402211101e-01
6.040413201002937937e-02 -3.353512110462591456e-01
6.080548836889999864e-02 -3.614972996580397280e-01
