-1.681893921254125346e-01 9.239730136814212902e-02
-1.673678042508250918e-01 9.495980254947833377e-02
-1.665462163762376213e-01 9.796696466775478562e-02
-1.657246285016501786e-01 1.015785335296166270e-01
-1.649030406270627080e-01 1.048168366251195499e-01
-1.640814527524752653e-01 1.092421540299434307e-01
-1.632598648778877948e-01 1.142688609670058641e-01
-1.624382770033003243e-01 1.192013270512860545e-01
-1.616166891287128815e-01 1.244465155910768339e-01
-1.607951012541254110e-01 1.305983284920091969e-01
-1.599735133795379682e-01 1.374515551542240255e-01
-1.591519255049504977e-01 1.445592167600576183e-01
-1.583303376303630272e-01 1.520412659263377375e-01
-1.575087497557755845e-01 1.606119524352774552e-01
-1.566871618811881139e-01 1.692877969779397751e-01
-1.558655740066006712e-01 1.785443132911838648e-01
-1.550439861320132007e-01 1.884780236760733030e-01
-1.542223982574257579e-01 1.990810477062127659e-01
-1.534008103828382874e-01 2.101329061555309574e-01
-1.525792225082508446e-01 2.209341377956836050e-01
-1.517576346336633741e-01 2.322001233228599415e-01
-1.509360467590759036e-01 2.444197967117795467e-01
-1.501144588844884609e-01 2.571167506825785543e-01
-1.492928710099009904e-01 2.703671770717477330e-01
-1.484712831353135476e-01 2.835261366211638268e-01
-1.476496952607260771e-01 2.968513467151185359e-01
-1.468281073861386066e-01 3.105140772201819277e-01
-1.460065195115511638e-01 3.245075589263462512e-01
-1.451849316369636933e-01 3.386951463743358426e-01
-1.443633437623762505e-01 3.520032875091057001e-01
-1.435417558877887800e-01 3.648975869053300292e-01
-1.427201680132013095e-01 3.782058728603061026e-01
-1.418985801386138668e-01 3.910991065178466286e-01
-1.410769922640263963e-01 4.032329654417605713e-01
-1.402554043894389535e-01 4.148502775905996143e-01
-1.394338165148514830e-01 4.258547972783907620e-01
-1.386122286402640402e-01 4.359282185129877418e-01
-1.377906407656765697e-01 4.450277932666826808e-01
-1.369690528910891270e-01 4.531093559519863700e-01
-1.361474650165016564e-01 4.601821501633360234e-01
-1.353258771419141859e-01 4.661124994258756815e-01
-1.345042892673267432e-01 4.705974337031987864e-01
-1.336827013927392727e-01 4.736659593290173387e-01
-1.328611135181518299e-01 4.753736057021339945e-01
-1.320395256435643594e-01 4.757256020571491995e-01
-1.312179377689768889e-01 4.746718885732621462e-01
-1.303963498943894461e-01 4.718992483394165993e-01
-1.295747620198019756e-01 4.679288086168751359e-01
-1.287531741452145329e-01 4.627181723484525278e-01
-1.279315862706270623e-01 4.561893517044535717e-01
-1.271099983960395918e-01 4.484829672648169563e-01
-1.262884105214521491e-01 4.396100801073098974e-01
-1.254668226468646786e-01 4.297608240875339658e-01
-1.246452347722772358e-01 4.189212040560978956e-01
-1.238236468976897653e-01 4.071943780744387564e-01
-1.230020590231023087e-01 3.943833058612434828e-01
-1.221804711485148520e-01 3.806683956181479700e-01
-1.213588832739273954e-01 3.664906720286253416e-01
-1.205372953993399388e-01 3.520050959630744991e-01
-1.197157075247524682e-01 3.372735891693150467e-01
-1.188941196501650255e-01 3.222579749439204999e-01
-1.180725317755775550e-01 3.070700554146898464e-01
-1.172509439009900983e-01 2.919792954185654321e-01
-1.164293560264026417e-01 2.769714081161118169e-01
-1.156077681518151851e-01 2.621190683696033585e-01
-1.147861802772277284e-01 2.474062086538001970e-01
-1.139645924026402579e-01 2.329181044679276280e-01
-1.131430045280528152e-01 2.188719797558708602e-01
-1.123214166534653446e-01 2.052634736789861747e-01
-1.114998287788778880e-01 1.919977142489531496e-01
-1.106782409042904314e-01 1.789538261697101451e-01
-1.098566530297029747e-01 1.663845688683694146e-01
-1.090350651551155181e-01 1.545730201846626517e-01
-1.082134772805280476e-01 1.434471276702467268e-01
-1.073918894059406048e-01 1.328352985014601972e-01
-1.065703015313531343e-01 1.221887356640651290e-01
-1.057487136567656777e-01 1.120373598208592447e-01
-1.049271257821782211e-01 1.027173906492470090e-01
-1.041055379075907644e-01 9.450649841437123999e-02
-1.032839500330033078e-01 8.662638993166260626e-02
-1.024623621584158373e-01 7.897522772424750426e-02
-1.016407742838283806e-01 7.153688707401686941e-02
-1.008191864092409240e-01 6.470202861489567081e-02
-9.999759853465346737e-02 5.847341676304674413e-02
-9.917601066006601074e-02 5.280153454247928785e-02
-9.835442278547855410e-02 4.753039603498384474e-02
-9.753283491089108359e-02 4.264023266642652521e-02
-9.671124703630362696e-02 3.787369545467634407e-02
-9.588965916171617032e-02 3.329680630348409026e-02
-9.506807128712871369e-02 2.942380487069443107e-02
-9.424648341254125705e-02 2.613960387027747245e-02
-9.342489553795380042e-02 2.308121665425786478e-02
-9.260330766336632990e-02 2.010388140063136195e-02
-9.178171978877887327e-02 1.706890030193385435e-02
-9.096013191419141664e-02 1.434860633949963833e-02
-9.013854403960396000e-02 1.206684001925671136e-02
-8.931695616501650337e-02 1.037482574593150478e-02
-8.849536829042904673e-02 8.670767159805432139e-03
-8.767378041584159010e-02 6.804738246261822845e-03
-8.685219254125411958e-02 5.022122656624542457e-03
-8.603060466666666295e-02 3.674353338161063381e-03
-8.520901679207920631e-02 2.545956855492081082e-03
-8.438742891749174968e-02 1.571476404876230668e-03
-8.356584104290429305e-02 6.644842396435877594e-04
-8.274425316831683641e-02 -1.806629348397292270e-04
-8.192266529372936590e-02 -9.231241834341838513e-04
-8.110107741914190926e-02 -1.209732310993469947e-03
-8.027948954455445263e-02 -1.541667215062894180e-03
-7.945790166996699599e-02 -2.028323142130093997e-03
-7.863631379537953936e-02 -2.691355065021714885e-03
-7.781472592079208273e-02 -3.262132566014409873e-03
-7.699313804620461221e-02 -3.514542293880273255e-03
-7.617155017161715558e-02 -3.494982463150687283e-03
-7.534996229702969894e-02 -3.348846250642961188e-03
-7.452837442244224231e-02 -3.279775953851892835e-03
-7.370678654785478567e-02 -3.479944465990236855e-03
-7.288519867326732904e-02 -3.716593344467136045e-03
-7.206361079867987240e-02 -3.894664534007045986e-03
-7.124202292409240189e-02 -3.776068565034373069e-03
-7.042043504950494526e-02 -3.483924916994237710e-03
-6.959884717491748862e-02 -3.165156097172095156e-03
-6.877725930033003199e-02 -2.947203764517355041e-03
-6.795567142574257535e-02 -2.854373187990475944e-03
-6.713408355115511872e-02 -2.839983425456267356e-03
-6.631249567656764821e-02 -2.831235785319939375e-03
-6.549090780198019157e-02 -2.820597910205792456e-03
-6.466931992739273494e-02 -2.789212617442589793e-03
-6.384773205280527830e-02 -2.667537987420475019e-03
-6.302614417821782167e-02 -2.349866745708544761e-03
-6.220455630363036503e-02 -2.064481746030788750e-03
-6.138296842904290840e-02 -1.850021463061692593e-03
-6.056138055445543789e-02 -1.673488806758953798e-03
-5.973979267986798125e-02 -1.608204508258542255e-03
-5.891820480528052462e-02 -1.595257367552333069e-03
-5.809661693069306798e-02 -1.601101381332311821e-03
-5.727502905610561135e-02 -1.647907185861418157e-03
-5.645344118151815471e-02 -1.505956067494033284e-03
-5.563185330693068420e-02 -9.487961406123845975e-04
-5.481026543234322757e-02 -3.938682035024393098e-04
-5.398867755775577093e-02 -2.234859691378028243e-04
-5.316708968316831430e-02 -2.920009716539536358e-04
-5.234550180858085766e-02 -3.004321014750779058e-04
-5.152391393399340103e-02 -2.716036758207282997e-04
-5.070232605940594439e-02 -2.385984944369050689e-04
-4.988073818481847388e-02 -2.045110531796604306e-04
-4.905915031023101724e-02 -1.704258793381360337e-04
-4.823756243564356061e-02 -1.363407034722028928e-04
-4.741597456105610398e-02 -1.022555276062697520e-04
-4.659438668646864734e-02 -6.817035174203067704e-05
-4.577279881188119071e-02 -3.408517586932127263e-05
-4.495121093729372019e-02 -5.082197683525802034e-15
-4.412962306270626356e-02 3.408517586593314084e-05
-4.330803518811882080e-02 6.817035172847814989e-05
-4.248644731353135029e-02 1.022555275944112907e-04
-4.166485943894387978e-02 1.363407034654266292e-04
-4.084327156435643702e-02 1.704258793262775724e-04
-4.002168368976896651e-02 2.045110551955988450e-04
-3.920009581518152375e-02 2.385962310632260518e-04
-3.837850794059405324e-02 2.726814069325473244e-04
-3.755692006600661048e-02 3.067665828001745311e-04
-3.673533219141913997e-02 3.408517586678017379e-04
-3.591374431683166946e-02 3.749369345337348787e-04
-3.509215644224422670e-02 4.090221106690244968e-04
-3.427056856765675619e-02 4.431072699144771466e-04
-3.344898069306931343e-02 4.771913655711511153e-04
-3.262739281848184292e-02 5.116066658909264450e-04
-3.180580494389437241e-02 5.184031528684675217e-04
-3.098421706930692965e-02 -4.185409649898531219e-04
-3.016262919471945914e-02 -3.866088016113840243e-04
-2.934104132013201638e-02 -3.523785861407347777e-04
-2.851945344554454587e-02 -3.182968177612934988e-04
-2.769786557095710311e-02 -2.842113071038938898e-04
-2.687627769636963260e-02 -2.501261309313348221e-04
-2.605468982178216208e-02 -2.160409550620135495e-04
-2.523310194719471933e-02 -1.819557791977744745e-04
-2.441151407260724882e-02 -1.478706033267591360e-04
-2.358992619801980606e-02 -1.137854274608259952e-04
-2.276833832343233555e-02 -7.970025159319878844e-05
-2.194675044884489279e-02 -4.561507572218344991e-05
-2.112516257425742228e-02 -1.152989986133250676e-05
-2.030357469966995176e-02 2.255527600798876587e-05
-1.948198682508250901e-02 5.664045186714564313e-05
-1.866039895049503849e-02 9.072562774324317934e-05
-1.783881107590759574e-02 1.248108036074822543e-04
-1.701722320132012523e-02 1.588959794700272633e-04
-1.619563532673265471e-02 1.929811553410426019e-04
-1.537404745214521196e-02 2.270663312086698086e-04
-1.455245957755774144e-02 2.611515070746029494e-04
-1.373087170297029869e-02 2.952366829371479585e-04
-1.290928382838282817e-02 3.293218588098573629e-04
-1.208769595379538542e-02 3.634070346740964378e-04
-1.126610807920791490e-02 3.974922105400295787e-04
-1.044452020462044439e-02 4.315773862806018433e-04
-9.622932330033001636e-03 4.656625722838252969e-04
-8.801344455445531123e-03 4.997475711452834500e-04
-7.979756580858088366e-03 5.338429692386051492e-04
-7.158168706270617854e-03 5.681305080349602615e-04
-6.336580831683175097e-03 -1.984589418664714153e-04
-5.514992957095704584e-03 -3.744012355156309865e-04
-4.693405082508234072e-03 -3.281646339608703831e-04
-3.871817207920791315e-03 -2.959200408941608596e-04
-3.050229333333320803e-03 -2.617210613812745446e-04
-2.228641458745878046e-03 -2.276243784982140547e-04
-1.407053584158407533e-03 -1.934797806791102061e-04
-5.854657095709370207e-04 -1.593968596860334238e-04
2.361221650165057362e-04 -1.253660931525678182e-04
1.057710039603976249e-03 -9.122724673291560549e-05
1.879297914191419006e-03 -5.713951512463510962e-05
2.700885788778889518e-03 -2.305810992751062497e-05
3.522473663366332275e-03 1.103250453368892839e-05
4.344061537953802787e-03 4.511666169850739490e-05
5.165649412541273300e-03 7.914599200968389960e-05
5.987237287128716057e-03 1.131969771501437636e-04
6.808825161716186569e-03 1.482524943939903493e-04
7.630413036303629326e-03 1.674256758640103914e-04
8.452000910891099839e-03 1.285793088812164789e-03
9.273588785478542595e-03 1.248247756270278244e-03
1.009517666006601311e-02 1.283753860393334377e-03
1.091676453465348362e-02 1.317791959345434921e-03
1.173835240924092638e-02 1.351877134813262576e-03
1.255994028382839689e-02 1.385962310685971872e-03
1.338152815841583965e-02 1.420047486553599296e-03
1.420311603300331016e-02 1.454132662412756065e-03
1.502470390759078067e-02 1.488217838285465361e-03
1.584629178217822343e-02 1.522303014149704436e-03
1.666787965676569394e-02 1.556388190015637685e-03
1.748946753135313670e-02 1.590473365884958849e-03
1.831105540594060721e-02 1.624558541752586273e-03
1.913264328052804997e-02 1.658643717616825348e-03
1.995423115511552048e-02 1.692728893482758380e-03
2.077581902970299099e-02 1.726814069352079761e-03
2.159740690429043375e-02 1.760899245219706751e-03
2.241899477887790426e-02 1.794984421085640000e-03
2.324058265346534702e-02 1.829069597481815766e-03
2.406217052805281753e-02 1.863154712386787693e-03
2.488375840264026029e-02 1.897240480310116240e-03
2.570534627722773080e-02 1.932090737591290151e-03
2.652693415181520131e-02 1.865627621122346825e-03
2.734852202640264407e-02 2.992052741212467525e-03
2.817010990099011458e-02 3.033581171837959264e-03
2.899169777557755734e-02 3.067665828025462234e-03
2.981328565016502785e-02 3.101751003881231088e-03
3.063487352475247061e-02 3.135836179752246426e-03
3.145646139933994112e-02 3.169921355619873416e-03
3.227804927392741163e-02 3.204006531519688200e-03
3.309963714851485439e-02 3.238091705994793242e-03
3.392122502310232490e-02 3.272176641235606618e-03
3.474281289768976766e-02 3.306337582631660704e-03
3.556440077227723817e-02 3.335310960033080994e-03
3.638598864686470868e-02 4.421737188193657943e-03
3.720757652145215144e-02 4.408595551588977146e-03
3.802916439603962195e-02 4.442602762720631801e-03
3.885075227062706471e-02 4.476687938420547026e-03
3.967234014521453522e-02 4.510773112949862176e-03
4.049392801980197798e-02 4.544858527015012070e-03
4.131551589438944849e-02 4.578928634190224979e-03
4.213710376897691900e-02 4.611451939963534877e-03
4.295869164356436176e-02 5.089452569880827809e-03
4.378027951815183227e-02 5.682766898778358715e-03
4.460186739273927503e-02 5.715284161218923790e-03
4.542345526732674554e-02 5.749369408913251184e-03
4.624504314191418830e-02 5.783445104147775379e-03
4.706663101650165881e-02 5.817986673820461918e-03
4.788821889108912933e-02 5.966906164454457116e-03
4.870980676567657208e-02 6.890365693385807830e-03
4.953139464026404259e-02 6.919795282934212803e-03
5.035298251485148535e-02 6.953891191817201251e-03
5.117457038943895586e-02 6.988140063517162340e-03
5.199615826402642638e-02 7.011342192030791710e-03
5.281774613861386913e-02 7.012413356472253952e-03
5.363933401320133965e-02 7.017860376191139768e-03
5.446092188778878240e-02 7.203115517052716132e-03
5.528250976237625292e-02 7.527726347288085651e-03
5.610409763696369567e-02 7.858707799393047783e-03
5.692568551155116618e-02 8.130980741322509781e-03
5.774727338613863670e-02 8.227292924474296359e-03
5.856886126072607945e-02 8.257095890594468718e-03
5.939044913531354997e-02 8.325502241129909692e-03
6.021203700990099272e-02 8.513228831943185637e-03
6.103362488448846324e-02 8.846594999054248343e-03
6.185521275907590599e-02 9.215208487120131464e-03
6.267680063366337651e-02 9.527843139676544018e-03
6.349838850825084702e-02 9.567822597500681009e-03
6.431997638283828977e-02 9.527657131075308733e-03
6.514156425742576029e-02 9.550930520789275430e-03
6.596315213201320304e-02 9.607774245605160690e-03
6.678474000660067356e-02 9.643763519432278081e-03
6.760632788118811631e-02 9.601045430810445369e-03
6.842791575577558683e-02 9.673510154903619193e-03
6.924950363036305734e-02 1.012340225049145927e-02
7.007109150495050010e-02 1.068349822015976849e-02
7.089267937953797061e-02 1.098148588808868335e-02
7.171426725412541336e-02 1.105975434393614149e-02
7.253585512871288388e-02 1.099127287414824843e-02
7.335744300330035439e-02 1.091234425972916963e-02
7.417903087788779715e-02 1.092269292784912166e-02
7.500061875247526766e-02 1.094825919116687932e-02
7.582220662706271042e-02 1.103164865938974747e-02
7.664379450165018093e-02 1.126437731328366366e-02
7.746538237623762369e-02 1.162785253512645459e-02
7.828697025082509420e-02 1.201916006629736959e-02
