-6.080519538479999681e-02 -4.511513156289030935e-01
-6.040384095981781581e-02 -4.296465663690318126e-01
-6.000248653483564176e-02 -4.094770082952695067e-01
-5.960113210985346077e-02 -3.915219717460924898e-01
-5.919977768487128672e-02 -3.752753162253148478e-01
-5.879842325988910573e-02 -3.604957710535727777e-01
-5.839706883490692474e-02 -3.468447403323950962e-01
-5.799571440992475069e-02 -3.340945570717535618e-01
-5.759435998494256970e-02 -3.220730709188440177e-01
-5.719300555996039565e-02 -3.107768932903633985e-01
-5.679165113497821465e-02 -3.000987686238866248e-01
-5.639029670999604060e-02 -2.899816095391919979e-01
-5.598894228501385961e-02 -2.802672987021765927e-01
-5.558758786003167862e-02 -2.709364275931214205e-01
-5.518623343504950457e-02 -2.619815135259214722e-01
-5.478487901006732358e-02 -2.534031084625603669e-01
-5.438352458508514953e-02 -2.451752252721614012e-01
-5.398217016010296854e-02 -2.371898098446033887e-01
-5.358081573512078755e-02 -2.294531582184038687e-01
-5.317946131013861349e-02 -2.219373560423520964e-01
-5.277810688515643250e-02 -2.146937533860680536e-01
-5.237675246017425845e-02 -2.076749451273119107e-01
-5.197539803519207746e-02 -2.008293024941041616e-01
-5.157404361020989647e-02 -1.941699579397822562e-01
-5.117268918522772242e-02 -1.876216385963797584e-01
-5.077133476024554143e-02 -1.812987968298000463e-01
-5.036998033526336738e-02 -1.751271371823865108e-01
-4.996862591028118639e-02 -1.690758834342853678e-01
-4.956727148529900540e-02 -1.631435096497295678e-01
-4.916591706031683134e-02 -1.573127981283762578e-01
-4.876456263533465035e-02 -1.516276778342837139e-01
-4.836320821035247630e-02 -1.460800548039844493e-01
-4.796185378537029531e-02 -1.406051102116677443e-01
-4.756049936038811432e-02 -1.352256754060280619e-01
-4.715914493540594027e-02 -1.299213038636507223e-01
-4.675779051042375928e-02 -1.247057616746527348e-01
-4.635643608544158523e-02 -1.196234141363455711e-01
-4.595508166045940424e-02 -1.146292680152389692e-01
-4.555372723547722325e-02 -1.096200654776008782e-01
-4.515237281049504919e-02 -1.047179327700397816e-01
-4.475101838551286820e-02 -9.989028674665441365e-02
-4.434966396053069415e-02 -9.514024090157706393e-02
-4.394830953554851316e-02 -9.045758368139714123e-02
-4.354695511056633217e-02 -8.582860050540272456e-02
-4.314560068558415812e-02 -8.121104609196903856e-02
-4.274424626060198407e-02 -7.670018597696549867e-02
-4.234289183561980308e-02 -7.221224249083713076e-02
-4.194153741063762209e-02 -6.779798008704866763e-02
-4.154018298565544109e-02 -6.341758913440079248e-02
-4.113882856067326704e-02 -5.907754301388218332e-02
-4.073747413569109299e-02 -5.478244559578597517e-02
-4.033611971070891200e-02 -5.054724961964728036e-02
-3.993476528572673101e-02 -4.637487945365128400e-02
-3.953341086074455002e-02 -4.224405085965517864e-02
-3.913205643576237597e-02 -3.810716195467610257e-02
-3.873070201078020192e-02 -3.402936390776119951e-02
-3.832934758579802093e-02 -3.000346827370605624e-02
-3.792799316081583993e-02 -2.603433767790586453e-02
-3.752663873583365894e-02 -2.208727021459516715e-02
-3.712528431085148489e-02 -1.822584078470998112e-02
-3.672392988586931084e-02 -1.427304206261119889e-02
-3.632257546088712985e-02 -1.044559401280634008e-02
-3.592122103590494886e-02 -6.658160934000074103e-03
-3.551986661092276787e-02 -2.912402569511385667e-03
-3.511851218594059382e-02 8.508237363188377251e-04
-3.471715776095841977e-02 4.494099233061329447e-03
-3.431580333597623877e-02 8.219024673894499353e-03
-3.391444891099405778e-02 1.182171516689077898e-02
-3.351309448601187679e-02 1.537273361942325528e-02
-3.311174006102970274e-02 1.894990988043651972e-02
-3.271038563604752869e-02 2.243571166189964328e-02
-3.230903121106534770e-02 2.597372237504100637e-02
-3.190767678608316671e-02 2.940100087358527362e-02
-3.150632236110098572e-02 3.281512679776395214e-02
-3.110496793611881167e-02 3.619073794596743693e-02
-3.070361351113663415e-02 3.954805313323863508e-02
-3.030225908615445662e-02 4.283865227069649784e-02
-2.990090466117227910e-02 4.614037830619723002e-02
-2.949955023619010158e-02 4.934638003749512725e-02
-2.909819581120792059e-02 5.257732934422969934e-02
-2.869684138622573960e-02 5.575741804472452573e-02
-2.829548696124356555e-02 5.888741661883212242e-02
-2.789413253626138456e-02 6.198890957725814582e-02
-2.749277811127921051e-02 6.504035162594273833e-02
-2.709142368629702952e-02 6.805599782733262604e-02
-2.669006926131485546e-02 7.106832644224318762e-02
-2.628871483633267447e-02 7.401901815752992553e-02
-2.588736041135049348e-02 7.696015900941012566e-02
-2.548600598636831943e-02 7.982661049749339988e-02
-2.508465156138613844e-02 8.266972258609807389e-02
-2.468329713640396439e-02 8.547033730979905486e-02
-2.428194271142178340e-02 8.825883484129586065e-02
-2.388058828643960241e-02 9.098938373724999029e-02
-2.347923386145742836e-02 9.364327409009000347e-02
-2.307787943647524737e-02 9.633081705942896089e-02
-2.267652501149307331e-02 9.898023818709753008e-02
-2.227517058651089232e-02 1.015463585892979470e-01
-2.187381616152871133e-02 1.041078932087885628e-01
-2.147246173654653728e-02 1.065957225127452113e-01
-2.107110731156435629e-02 1.090616177203209830e-01
-2.066975288658218224e-02 1.114992537564667013e-01
-2.026839846160000125e-02 1.139134606363652602e-01
-1.986704403661782026e-02 1.162570222098625872e-01
-1.946568961163564621e-02 1.185596073011411511e-01
-1.906433518665346522e-02 1.208250568364802047e-01
-1.866298076167129116e-02 1.230766012514281915e-01
-1.826162633668911017e-02 1.252552881884960723e-01
-1.786027191170692918e-02 1.274130868949476247e-01
-1.745891748672475513e-02 1.295284031707573946e-01
-1.705756306174257414e-02 1.315828844584784330e-01
-1.665620863676040009e-02 1.336284560913134078e-01
-1.625485421177821910e-02 1.356269144160994200e-01
-1.585349978679604505e-02 1.375716616640713097e-01
-1.545214536181386406e-02 1.394603524635270875e-01
-1.505079093683168306e-02 1.413315011122166232e-01
-1.464943651184950901e-02 1.431274890994450877e-01
-1.424808208686732802e-02 1.449418661466813085e-01
-1.384672766188515397e-02 1.466856010418714495e-01
-1.344537323690297298e-02 1.483872122951922223e-01
-1.304401881192079199e-02 1.500492992574801732e-01
-1.264266438693861794e-02 1.516485071588944689e-01
-1.224130996195643695e-02 1.532472037153183586e-01
-1.183995553697426290e-02 1.547771569366920286e-01
-1.143860111199208190e-02 1.562829663536656755e-01
-1.103724668700990091e-02 1.577080696841394458e-01
-1.063589226202772686e-02 1.591274931473852516e-01
-1.023453783704554587e-02 1.604963797067100739e-01
-9.833183412063371820e-03 1.618516161474786719e-01
-9.431828987081190829e-03 1.631369430971589540e-01
-9.030474562099009839e-03 1.643740472939817232e-01
-8.629120137116835787e-03 1.655906015510755502e-01
-8.227765712134654796e-03 1.667532199303143892e-01
-7.826411287152480745e-03 1.678896474343842260e-01
-7.425056862170299754e-03 1.689991003701375172e-01
-7.023702437188118763e-03 1.700707569422466869e-01
-6.622348012205944712e-03 1.710821598607903671e-01
-6.220993587223763721e-03 1.720827959983750877e-01
-5.819639162241589669e-03 1.730540929731975430e-01
-5.418284737259408679e-03 1.739547325052734628e-01
-5.016930312277227688e-03 1.748695172242507867e-01
-4.615575887295053636e-03 1.756887085753401634e-01
-4.214221462312872646e-03 1.766044134023848633e-01
-3.812867037330698594e-03 1.774154185164010522e-01
-3.411512612348517604e-03 1.782353795085739323e-01
-3.010158187366336613e-03 1.790092225007209881e-01
-2.608803762384162561e-03 1.797145189998205772e-01
-2.207449337401981571e-03 1.803770635814146428e-01
-1.806094912419807519e-03 1.808647948847783016e-01
-1.404740487437626528e-03 1.813487114223724939e-01
-1.003386062455452477e-03 1.816655759401205883e-01
-6.020316374732714859e-04 1.818920881189751981e-01
-2.006772124910904953e-04 1.820252376109595949e-01
2.006772124910835564e-04 1.820247532274322233e-01
6.020316374732645470e-04 1.818904233124750969e-01
1.003386062455438599e-03 1.816663261491778258e-01
1.404740487437619589e-03 1.813486224428817184e-01
1.806094912419793641e-03 1.808646213381624179e-01
2.207449337401974632e-03 1.803770361588360738e-01
2.608803762384155622e-03 1.797145856143763654e-01
3.010158187366336613e-03 1.790096173169546945e-01
3.411512612348517604e-03 1.782356190284046515e-01
3.812867037330684716e-03 1.774153126189574048e-01
4.214221462312865707e-03 1.766044606877829326e-01
4.615575887295046698e-03 1.756885408294719952e-01
5.016930312277227688e-03 1.748694435728287144e-01
5.418284737259394801e-03 1.739545738035311873e-01
5.819639162241575792e-03 1.730541518384205169e-01
6.220993587223756782e-03 1.720828776799030735e-01
6.622348012205937773e-03 1.710822596141813312e-01
7.023702437188118763e-03 1.700709891594121559e-01
7.425056862170285876e-03 1.689989478934413314e-01
7.826411287152466867e-03 1.678896095361214202e-01
8.227765712134647857e-03 1.667532038217036383e-01
8.629120137116828848e-03 1.655905858648121509e-01
9.030474562099009839e-03 1.643741460458348902e-01
9.431828987081176952e-03 1.631368129931550226e-01
9.833183412063357942e-03 1.618517995796712183e-01
1.023453783704553893e-02 1.604964205180246239e-01
1.063589226202771992e-02 1.591273402200764353e-01
1.103724668700990091e-02 1.577079964476781893e-01
1.143860111199206803e-02 1.562830786546031137e-01
1.183995553697424902e-02 1.547771814060536211e-01
1.224130996195643001e-02 1.532472612712527660e-01
1.264266438693861100e-02 1.516485328365837215e-01
1.304401881192079199e-02 1.500491609852235841e-01
1.344537323690295910e-02 1.483872653619176529e-01
1.384672766188514009e-02 1.466856500355956661e-01
1.424808208686732108e-02 1.449419110887783801e-01
1.464943651184950207e-02 1.431275065375132161e-01
1.505079093683168306e-02 1.413315679041481920e-01
1.545214536181385018e-02 1.394604594334160896e-01
1.585349978679603117e-02 1.375716049563394106e-01
1.625485421177821216e-02 1.356268973284315560e-01
1.665620863676039315e-02 1.336284386135920543e-01
1.705756306174257414e-02 1.315829304090846141e-01
1.745891748672474125e-02 1.295285470805694616e-01
1.786027191170692224e-02 1.274133224692333144e-01
1.826162633668910323e-02 1.252553187072141805e-01
1.866298076167128422e-02 1.230766509016386068e-01
1.906433518665346522e-02 1.208247496643341523e-01
1.946568961163563233e-02 1.185596972376514874e-01
1.986704403661781332e-02 1.162573401358553971e-01
2.026839846159999431e-02 1.139134449255465864e-01
2.066975288658217530e-02 1.114993262006373914e-01
2.107110731156435629e-02 1.090618693496016312e-01
2.147246173654652340e-02 1.065960151987362242e-01
2.187381616152870439e-02 1.041080596556673427e-01
2.227517058651088538e-02 1.015465766324560176e-01
2.267652501149306637e-02 9.898024759391954586e-02
2.307787943647524737e-02 9.633058883170163289e-02
2.347923386145741448e-02 9.364319628624286074e-02
2.388058828643959547e-02 9.098956506795274901e-02
2.428194271142177646e-02 8.825872849274957188e-02
2.468329713640395745e-02 8.547017911116502886e-02
2.508465156138613844e-02 8.266949418059811594e-02
2.548600598636830555e-02 7.982666378314486055e-02
2.588736041135048654e-02 7.696032397412259918e-02
2.628871483633266753e-02 7.401928074605952645e-02
2.669006926131484853e-02 7.106825359672541698e-02
2.709142368629702952e-02 6.805612837526209269e-02
2.749277811127919663e-02 6.504015179943839486e-02
2.789413253626137762e-02 6.198872225186224244e-02
2.829548696124355861e-02 5.888755226748144250e-02
2.869684138622573960e-02 5.575738268598794817e-02
2.909819581120790671e-02 5.257717746394761915e-02
2.949955023619008770e-02 4.934602107114845898e-02
2.990090466117226869e-02 4.614037047798152241e-02
3.030225908615444969e-02 4.283886496530631832e-02
3.070361351113663068e-02 3.954823694413867052e-02
3.110496793611879779e-02 3.619086342510181853e-02
3.150632236110097878e-02 3.281502843451669649e-02
3.190767678608315977e-02 2.940089979549058430e-02
3.230903121106534076e-02 2.597336244099614222e-02
3.271038563604752175e-02 2.243547278108022971e-02
3.311174006102968886e-02 1.894994791703393314e-02
3.351309448601186985e-02 1.537260663067356245e-02
3.391444891099405085e-02 1.182174159884146619e-02
3.431580333597623184e-02 8.218734525350285952e-03
3.471715776095841283e-02 4.493888634241996298e-03
3.511851218594057994e-02 8.507647360697547911e-04
3.551986661092276093e-02 -2.912057193191236459e-03
3.592122103590494192e-02 -6.658000850362295192e-03
3.632257546088712291e-02 -1.044589113423520163e-02
3.672392988586930390e-02 -1.427305111357307470e-02
3.712528431085147101e-02 -1.822584628557540401e-02
3.752663873583365201e-02 -2.208690249583793869e-02
3.792799316081583300e-02 -2.603416096868358537e-02
3.832934758579801399e-02 -3.000388017196756532e-02
3.873070201078019498e-02 -3.402977794495602032e-02
3.913205643576236209e-02 -3.810728112890920255e-02
3.953341086074454308e-02 -4.224415336160669554e-02
3.993476528572672407e-02 -4.637523025473264116e-02
4.033611971070890506e-02 -5.054715067619971330e-02
4.073747413569108605e-02 -5.478187021767198100e-02
4.113882856067325317e-02 -5.907752357497918216e-02
4.154018298565543416e-02 -6.341781607063221027e-02
4.194153741063761515e-02 -6.779819863384919931e-02
4.234289183561979614e-02 -7.221174605365622556e-02
4.274424626060197713e-02 -7.669972478948113015e-02
4.314560068558414424e-02 -8.121083449042898472e-02
4.354695511056632523e-02 -8.582856860267486232e-02
4.394830953554850622e-02 -9.045746046720327949e-02
4.434966396053068721e-02 -9.514027318626697149e-02
4.475101838551286820e-02 -9.989035713662668126e-02
4.515237281049503532e-02 -1.047179206501615001e-01
4.555372723547721631e-02 -1.096202038971454268e-01
4.595508166045939730e-02 -1.146296897854498925e-01
4.635643608544157829e-02 -1.196232300022454093e-01
4.675779051042375928e-02 -1.247056810483316014e-01
4.715914493540592639e-02 -1.299212811540592372e-01
4.756049936038810738e-02 -1.352255205353813383e-01
4.796185378537028837e-02 -1.406048600085952338e-01
4.836320821035246936e-02 -1.460800991481261968e-01
4.876456263533465035e-02 -1.516273768831722935e-01
4.916591706031681747e-02 -1.573124361978081587e-01
4.956727148529899846e-02 -1.631435208313040397e-01
4.996862591028117945e-02 -1.690762384835016452e-01
5.036998033526336044e-02 -1.751270926376541359e-01
5.077133476024554143e-02 -1.812990488437512260e-01
5.117268918522770854e-02 -1.876217359951897201e-01
5.157404361020988953e-02 -1.941699262899698741e-01
5.197539803519207052e-02 -2.008289915163639083e-01
5.237675246017425151e-02 -2.076749798059551455e-01
5.277810688515643250e-02 -2.146939705184502667e-01
5.317946131013859962e-02 -2.219378767958526399e-01
5.358081573512078061e-02 -2.294532335856700467e-01
5.398217016010296160e-02 -2.371895158199691378e-01
5.438352458508514259e-02 -2.451752697982031992e-01
5.478487901006732358e-02 -2.534031121374962781e-01
5.518623343504949069e-02 -2.619817105168666393e-01
5.558758786003167168e-02 -2.709366088380745774e-01
5.598894228501385267e-02 -2.802671936229822469e-01
5.639029670999603366e-02 -2.899806750171191605e-01
5.679165113497820078e-02 -3.000990085051613576e-01
5.719300555996038177e-02 -3.107774775223693386e-01
5.759435998494256276e-02 -3.220727890601550181e-01
5.799571440992474375e-02 -3.340939392132454833e-01
5.839706883490692474e-02 -3.468437509394625695e-01
5.879842325988909185e-02 -3.604957369530280009e-01
5.919977768487127284e-02 -3.752753895971748799e-01
5.960113210985345383e-02 -3.915219181285674588e-01
6.000248653483563482e-02 -4.094773296076504865e-01
6.040384095981781581e-02 -4.296480279316245432e-01
6.080519538479999681e-02 -4.511512692152233606e-01
