-1.681893913498349880e-01 1.036316060968699021e-01
-1.673678036996699703e-01 1.055626143760466373e-01
-1.665462160495049526e-01 1.080488405135287544e-01
-1.657246283993399349e-01 1.110976779587705965e-01
-1.649030407491749173e-01 1.146947373433793299e-01
-1.640814530990098996e-01 1.188172760103084064e-01
-1.632598654488448819e-01 1.234457502609281748e-01
-1.624382777986798643e-01 1.285701113191099476e-01
-1.616166901485148466e-01 1.341905854826262179e-01
-1.607951024983498289e-01 1.403146471759563196e-01
-1.599735148481848390e-01 1.469525787283688933e-01
-1.591519271980197936e-01 1.541135591875259780e-01
-1.583303395478548037e-01 1.618030446232226194e-01
-1.575087518976897860e-01 1.700213357955537297e-01
-1.566871642475247683e-01 1.787628280567818417e-01
-1.558655765973597507e-01 1.880160658396517748e-01
-1.550439889471947330e-01 1.977647949034970210e-01
-1.542224012970297153e-01 2.079903882976531226e-01
-1.534008136468646977e-01 2.186746524887702714e-01
-1.525792259966996800e-01 2.298012480901854837e-01
-1.517576383465346623e-01 2.413540178714074780e-01
-1.509360506963696447e-01 2.533125798810927365e-01
-1.501144630462046270e-01 2.656472690214620180e-01
-1.492928753960396093e-01 2.783157642965542466e-01
-1.484712877458745917e-01 2.912623766687985616e-01
-1.476497000957095740e-01 3.044194112333628577e-01
-1.468281124455445563e-01 3.177095231008768006e-01
-1.460065247953795387e-01 3.310486037406177862e-01
-1.451849371452145210e-01 3.443489611703818287e-01
-1.443633494950495033e-01 3.575221355110750343e-01
-1.435417618448844856e-01 3.704799078299213511e-01
-1.427201741947194680e-01 3.831327028369168608e-01
-1.418985865445544503e-01 3.953863440602732315e-01
-1.410769988943894604e-01 4.071395801280187632e-01
-1.402554112442244150e-01 4.182847072986201620e-01
-1.394338235940594251e-01 4.287116982755572736e-01
-1.386122359438944074e-01 4.383139764746463163e-01
-1.377906482937293897e-01 4.469931162328291685e-01
-1.369690606435643720e-01 4.546605972606084789e-01
-1.361474729933993544e-01 4.612369484208768133e-01
-1.353258853432343367e-01 4.666502323674496799e-01
-1.345042976930693190e-01 4.708359324676292257e-01
-1.336827100429043014e-01 4.737390429596732844e-01
-1.328611223927392837e-01 4.753175910261990267e-01
-1.320395347425742660e-01 4.755462268502733680e-01
-1.312179470924092484e-01 4.744184699971230046e-01
-1.303963594422442307e-01 4.719467023425696350e-01
-1.295747717920792130e-01 4.681598656888016907e-01
-1.287531841419141954e-01 4.630995295289281888e-01
-1.279315964917491777e-01 4.568155869229169608e-01
-1.271100088415841600e-01 4.493629835292274333e-01
-1.262884211914191424e-01 4.408004876463876287e-01
-1.254668335412541247e-01 4.311917000164495750e-01
-1.246452458910891070e-01 4.206076829308252329e-01
-1.238236582409240893e-01 4.091299683348942895e-01
-1.230020705907590856e-01 3.968524273568243554e-01
-1.221804829405940679e-01 3.838807306481453741e-01
-1.213588952904290502e-01 3.703290274839980412e-01
-1.205373076402640325e-01 3.563146964896682922e-01
-1.197157199900990149e-01 3.419527566005569619e-01
-1.188941323399339972e-01 3.273513646305505898e-01
-1.180725446897689934e-01 3.126091530476530767e-01
-1.172509570396039758e-01 2.978143299589358639e-01
-1.164293693894389581e-01 2.830453600164924421e-01
-1.156077817392739404e-01 2.683730194179119732e-01
-1.147861940891089227e-01 2.538633063705005855e-01
-1.139646064389439051e-01 2.395799890830265233e-01
-1.131430187887788874e-01 2.255852622723517054e-01
-1.123214311386138697e-01 2.119376857658124835e-01
-1.114998434884488521e-01 1.986882573841721733e-01
-1.106782558382838344e-01 1.858769701669826802e-01
-1.098566681881188167e-01 1.735321332051874832e-01
-1.090350805379537991e-01 1.616728530062495894e-01
-1.082134928877887814e-01 1.503129292453742882e-01
-1.073919052376237637e-01 1.394636275623582777e-01
-1.065703175874587461e-01 1.291340519296992617e-01
-1.057487299372937423e-01 1.193298602557770205e-01
-1.049271422871287246e-01 1.100519821387292846e-01
-1.041055546369637069e-01 1.012963439898538764e-01
-1.032839669867986893e-01 9.305440431256298273e-02
-1.024623793366336716e-01 8.531389621421067715e-02
-1.016407916864686539e-01 7.805975986850477444e-02
-1.008192040363036363e-01 7.127554978598621416e-02
-9.999761638613861858e-02 6.494497170118973539e-02
-9.917602873597360091e-02 5.905235712644239798e-02
-9.835444108580858324e-02 5.358127311885051841e-02
-9.753285343564356558e-02 4.851213991788866364e-02
-9.671126578547856179e-02 4.382122314878887648e-02
-9.588967813531354412e-02 3.948257901765789973e-02
-9.506809048514852645e-02 3.547213176056585038e-02
-9.424650283498350878e-02 3.177100267486324126e-02
-9.342491518481849111e-02 2.836565512960032703e-02
-9.260332753465347344e-02 2.524476006244998072e-02
-9.178173988448845577e-02 2.239503063398802854e-02
-9.096015223432343810e-02 1.979864560553142722e-02
-9.013856458415842043e-02 1.743354243741708151e-02
-8.931697693399340277e-02 1.527602580028884771e-02
-8.849538928382838510e-02 1.330430341986108857e-02
-8.767380163366338131e-02 1.150154287264605786e-02
-8.685221398349836364e-02 9.857503415087865220e-03
-8.603062633333334597e-02 8.368151331093299367e-03
-8.520903868316832830e-02 7.033202916812420803e-03
-8.438745103300331063e-02 5.852430233387054086e-03
-8.356586338283829296e-02 4.822341362916329754e-03
-8.274427573267327529e-02 3.934749036535738383e-03
-8.192268808250825762e-02 3.177592717060247467e-03
-8.110110043234323995e-02 2.536928258828382264e-03
-8.027951278217822229e-02 1.998541906889211676e-03
-7.945792513201320462e-02 1.548450972488796566e-03
-7.863633748184818695e-02 1.172860892604486163e-03
-7.781474983168318316e-02 8.586245531405796699e-04
-7.699316218151816549e-02 5.945839702076139918e-04
-7.617157453135314782e-02 3.730062838565642840e-04
-7.534998688118813015e-02 1.899289617554144726e-04
-7.452839923102311248e-02 4.390056198137781175e-05
-7.370681158085809481e-02 -6.622153319578189413e-05
-7.288522393069307714e-02 -1.431555028887115293e-04
-7.206363628052805947e-02 -1.918023100624743167e-04
-7.124204863036304181e-02 -2.184867380858210263e-04
-7.042046098019802414e-02 -2.294841788419313498e-04
-6.959887333003300647e-02 -2.296293924407673487e-04
-6.877728567986798880e-02 -2.214195196685803460e-04
-6.795569802970298501e-02 -2.047148726882672912e-04
-6.713411037953796734e-02 -1.769653442034791520e-04
-6.631252272937294967e-02 -1.340239365580535909e-04
-6.549093507920793200e-02 -7.162717839943150925e-05
-6.466934742904291433e-02 1.262261752539323590e-05
-6.384775977887789666e-02 1.174040232572318501e-04
-6.302617212871287899e-02 2.368507774399419971e-04
-6.220458447854786133e-02 3.614088468802795738e-04
-6.138299682838284366e-02 4.802601394980729639e-04
-6.056140917821782599e-02 5.844586020970594323e-04
-5.973982152805280832e-02 6.695284366033978215e-04
-5.891823387788780453e-02 7.366813672584737304e-04
-5.809664622772278686e-02 7.924206516674313404e-04
-5.727505857755776919e-02 8.467943205665818488e-04
-5.645347092739275152e-02 9.107132561491873167e-04
-5.563188327722773385e-02 9.928057307096165452e-04
-5.481029562706271618e-02 1.096524662473328995e-03
-5.398870797689769852e-02 1.218545253048469029e-03
-5.316712032673268085e-02 1.349388046826839041e-03
-5.234553267656766318e-02 1.476356018992278953e-03
-5.152394502640264551e-02 1.587652525279656087e-03
-5.070235737623762784e-02 1.675822245976763903e-03
-4.988076972607261017e-02 1.739096511403623747e-03
-4.905918207590760638e-02 1.780457968809468026e-03
-4.823759442574258871e-02 1.805383961458914251e-03
-4.741600677557757104e-02 1.819600736539700100e-03
-4.659441912541255337e-02 1.827690133611819395e-03
-4.577283147524753570e-02 1.832673503431457053e-03
-4.495124382508251804e-02 1.836209196501566426e-03
-4.412965617491750037e-02 1.839030266717172615e-03
-4.330806852475249658e-02 1.841187299892160355e-03
-4.248648087458747891e-02 1.842071667178593868e-03
-4.166489322442246124e-02 1.840144272734935919e-03
-4.084330557425744357e-02 1.832497603941442201e-03
-4.002171792409242590e-02 1.814528887759034401e-03
-3.920013027392740823e-02 1.780249470085878451e-03
-3.837854262376239056e-02 1.723643624225825507e-03
-3.755695497359737289e-02 1.641067796680345352e-03
-3.673536732343235522e-02 1.533828664150279145e-03
-3.591377967326733756e-02 1.409457860492723978e-03
-3.509219202310231989e-02 1.280496342179150357e-03
-3.427060437293730222e-02 1.160921988966126528e-03
-3.344901672277228455e-02 1.061853733374978556e-03
-3.262742907260726688e-02 9.886580771653499626e-04
-3.180584142244224921e-02 9.406525064028196806e-04
-3.098425377227723154e-02 9.130146431625467364e-04
-3.016266612211221387e-02 8.994692526842690879e-04
-2.934107847194719620e-02 8.943951817651820931e-04
-2.851949082178217854e-02 8.937840544546548759e-04
-2.769790317161716087e-02 8.952448254695736726e-04
-2.687631552145214320e-02 8.975562772536730197e-04
-2.605472787128712553e-02 9.001774051709790676e-04
-2.523314022112213562e-02 9.029006511262962099e-04
-2.441155257095711795e-02 9.056603128931823643e-04
-2.358996492079210028e-02 9.084198510932081074e-04
-2.276837727062708261e-02 9.111793836265834334e-04
-2.194678962046206494e-02 9.139389169629459934e-04
-2.112520197029704727e-02 9.166536476164232911e-04
-2.030361432013202960e-02 9.192526208618334756e-04
-1.948202666996701193e-02 9.214965675877895409e-04
-1.866043901980199426e-02 9.227746613786662550e-04
-1.783885136963697660e-02 9.217253350898287978e-04
-1.701726371947195893e-02 9.157222476820990045e-04
-1.619567606930694126e-02 9.004432405220798036e-04
-1.537408841914192359e-02 8.699752931075945559e-04
-1.455250076897690592e-02 8.179674317281541594e-04
-1.373091311881188825e-02 7.399523139094870468e-04
-1.290932546864687058e-02 6.361121818259610639e-04
-1.208773781848185291e-02 5.129897654939947343e-04
-1.126615016831683525e-02 3.827354625229520543e-04
-1.044456251815181758e-02 2.597315188089050408e-04
-9.622974867986799907e-03 1.560926846863586442e-04
-8.801387217821782238e-03 7.830766842968205511e-05
-7.979799567656764570e-03 2.650953362093300385e-05
-7.158211917491746901e-03 -3.797651336264373963e-06
-6.336624267326756987e-03 -1.897052501896492448e-05
-5.515036617161739319e-03 -2.491248703775103893e-05
-4.693448966996721650e-03 -2.593086128241102288e-05
-3.871861316831703981e-03 -2.463891374929780102e-05
-3.050273666666686312e-03 -2.238946385197749037e-05
-2.228686016501668643e-03 -1.978855103664336514e-05
-1.407098366336650974e-03 -1.707314743581826461e-05
-5.855107161716333053e-04 -1.431342686621084586e-05
2.360769339933843636e-04 -1.155390879338199540e-05
1.057664584158402032e-03 -8.794378797717379397e-06
1.879252234323419701e-03 -6.034857307957619717e-06
2.700839884488437370e-03 -3.275496249626201790e-06
3.522427534653455039e-03 -4.748804448224995881e-07
4.344015184818472708e-03 2.435480719618150942e-06
5.165602834983490377e-03 5.681183677997184676e-06
5.987190485148508046e-03 9.843251134493348660e-06
6.808778135313525715e-03 1.622395671278841541e-05
7.630365785478543383e-03 2.735143263373136010e-05
8.451953435643561052e-03 4.741887652902462748e-05
9.273541085808578721e-03 8.222265193701149607e-05
1.009512873597359639e-02 1.380900068585381524e-04
1.091671638613861406e-02 2.196438376332241187e-04
1.173830403630363173e-02 3.270643406865452298e-04
1.255989168646864940e-02 4.542912488825613746e-04
1.338147933663363931e-02 5.895873293044578663e-04
1.420306698679865698e-02 7.187201029771684083e-04
1.502465463696367465e-02 8.293855955228526854e-04
1.584624228712869232e-02 9.146613886483554584e-04
1.666782993729370999e-02 9.739369687117435323e-04
1.748941758745872765e-02 1.011368411853061323e-03
1.831100523762374532e-02 1.033182617336198764e-03
1.913259288778876299e-02 1.045373738195801410e-03
1.995418053795378066e-02 1.052446918050259144e-03
2.077576818811879833e-02 1.057402443550639181e-03
2.159735583828381600e-02 1.062342274790891404e-03
2.241894348844883367e-02 1.069377592633443015e-03
2.324053113861385134e-02 1.081544913517247779e-03
2.406211878877886901e-02 1.103439729823238848e-03
2.488370643894388667e-02 1.141193327075534390e-03
2.570529408910890434e-02 1.201193004763366490e-03
2.652688173927392201e-02 1.287673659952125096e-03
2.734846938943893968e-02 1.399915156761560820e-03
2.817005703960395735e-02 1.530654766004430024e-03
2.899164468976897502e-02 1.667171760748184994e-03
2.981323233993399269e-02 1.794912377272599516e-03
3.063481999009901036e-02 1.902235323307914679e-03
3.145640764026402803e-02 1.983814002005866804e-03
3.227799529042901794e-02 2.041432113539356878e-03
3.309958294059403561e-02 2.082510737064170638e-03
3.392117059075905328e-02 2.117725522107907245e-03
3.474275824092407094e-02 2.158769977700903796e-03
3.556434589108908861e-02 2.216386279802612380e-03
3.638593354125410628e-02 2.298096756046192572e-03
3.720752119141912395e-02 2.405969752660051895e-03
3.802910884158414162e-02 2.535343931569762968e-03
3.885069649174915929e-02 2.676015719999940215e-03
3.967228414191417696e-02 2.816175679777943759e-03
4.049387179207919463e-02 2.947588581725971331e-03
4.131545944224421230e-02 3.069106091928882740e-03
4.213704709240922996e-02 3.186488384769305300e-03
4.295863474257424763e-02 3.308455532398643043e-03
4.378022239273926530e-02 3.441300090608107390e-03
4.460181004290428297e-02 3.585206419959115296e-03
4.542339769306930064e-02 3.734540048929704207e-03
4.624498534323431831e-02 3.881830153155865337e-03
4.706657299339933598e-02 4.022789840183691422e-03
4.788816064356435365e-02 4.159034651269388067e-03
4.870974829372937132e-02 4.296758048705662247e-03
4.953133594389438898e-02 4.442423590383400185e-03
5.035292359405940665e-02 4.598684792006952661e-03
5.117451124422439657e-02 4.763198741582485261e-03
5.199609889438941424e-02 4.931010167499272692e-03
5.281768654455443190e-02 5.098142736761535412e-03
5.363927419471944957e-02 5.263401122811608990e-03
5.446086184488446724e-02 5.427046229576469420e-03
5.528244949504948491e-02 5.587720025100047921e-03
5.610403714521450258e-02 5.740488047831229616e-03
5.692562479537952025e-02 5.878075125289304072e-03
5.774721244554453792e-02 5.994733981009716522e-03
5.856880009570955559e-02 6.090538619498738274e-03
5.939038774587457326e-02 6.173107544049264567e-03
6.021197539603959092e-02 6.255392881589580227e-03
6.103356304620460859e-02 6.350401915460106468e-03
6.185515069636962626e-02 6.465530251933819007e-03
6.267673834653464393e-02 6.599580107805090232e-03
6.349832599669966160e-02 6.744061209277204920e-03
6.431991364686467927e-02 6.888164679509035417e-03
6.514150129702969694e-02 7.024709226100041108e-03
6.596308894719471461e-02 7.153707512653570237e-03
6.678467659735973228e-02 7.281622783111132979e-03
6.760626424752474994e-02 7.416737564108026419e-03
6.842785189768976761e-02 7.563244870704776725e-03
6.924943954785478528e-02 7.717413443179818588e-03
7.007102719801977520e-02 7.868129061872652583e-03
7.089261484818479286e-02 8.001664097606855236e-03
7.171420249834981053e-02 8.108230778694722543e-03
7.253579014851482820e-02 8.186915333477137735e-03
7.335737779867984587e-02 8.246525519532189180e-03
7.417896544884486354e-02 8.302040960106105844e-03
7.500055309900988121e-02 8.368450726726638436e-03
7.582214074917489888e-02 8.454830010289595549e-03
7.664372839933991655e-02 8.561171391699458691e-03
7.746531604950493421e-02 8.679098179791854689e-03
7.828690369966995188e-02 8.795771430374724545e-03
