1.000000000000000000e+01 2.101402090850118254e-01
1.123320000000000007e+01 3.683549376449431478e-01
1.261860000000000070e+01 4.853447189419400343e-01
1.417469999999999963e+01 2.647553161827900792e-01
1.592280000000000051e+01 8.151101089035503455e-02
1.788650000000000162e+01 1.207664697973753976e+00
2.009230000000000160e+01 3.574143665023426508e-01
2.257019999999999982e+01 5.711249426726294764e-01
2.535360000000000014e+01 4.098290214778943508e-01
2.848039999999999949e+01 9.957788451444169464e-01
3.199269999999999925e+01 6.483074150355321308e+00
3.593809999999999860e+01 5.401754295232137792e+00
4.037019999999999698e+01 1.448179745047850275e+01
4.534879999999999711e+01 1.864855996177669439e+01
5.094140000000000157e+01 3.067155160833162086e-01
5.722370000000000090e+01 3.281347912809587797e+01
6.428069999999999595e+01 3.724776926888746686e+01
7.220810000000000173e+01 4.233200881911078284e+01
8.111310000000000286e+01 4.795548012923796222e+01
9.111629999999999541e+01 5.473456347642409980e+01
1.023529999999999944e+02 6.207441120922483435e+01
1.149759999999999991e+02 7.097908639372852235e+01
1.291550000000000011e+02 8.081310267086743693e+01
1.450829999999999984e+02 9.197950512645986976e+01
1.629749999999999943e+02 1.046003401514076785e+02
1.830740000000000123e+02 1.186930110428398848e+02
2.056510000000000105e+02 1.333003726568760214e+02
2.310130000000000052e+02 1.478417689054392383e+02
2.595020000000000095e+02 1.600791090139043433e+02
2.915049999999999955e+02 1.664592304561674041e+02
3.274549999999999841e+02 1.618929756165653941e+02
3.678380000000000223e+02 1.421915002696782722e+02
4.132010000000000218e+02 1.097305781106477980e+02
4.641589999999999918e+02 7.482422280626056477e+01
5.214009999999999536e+02 4.349554698934971952e+01
5.857019999999999982e+02 1.532999930638067632e+01
6.579329999999999927e+02 1.125519429591590814e+01
7.390720000000000027e+02 3.297763780210205198e+01
8.302179999999999609e+02 5.262054075804640263e+01
9.326029999999999518e+02 7.018697278707057308e+01
1.047619999999999891e+03 8.577141936851015203e+01
1.176809999999999945e+03 9.957121417602289171e+01
1.321940000000000055e+03 1.116339220868716211e+02
1.484970000000000027e+03 1.217937035119175846e+02
1.668099999999999909e+03 1.300209659619752927e+02
1.873819999999999936e+03 1.367117883331104053e+02
2.104900000000000091e+03 1.420932205229039766e+02
2.364489999999999782e+03 1.463900086804735281e+02
2.656090000000000146e+03 1.498393389198649004e+02
2.983650000000000091e+03 1.525905153943919856e+02
3.351599999999999909e+03 1.548136256991329560e+02
3.764940000000000055e+03 1.565995803052419149e+02
4.229239999999999782e+03 1.580487911645210772e+02
4.750810000000000400e+03 1.592333090296768034e+02
5.336699999999999818e+03 1.601995010584024328e+02
5.994840000000000146e+03 1.609935651615442964e+02
6.734149999999999636e+03 1.616524252817685294e+02
7.564630000000000109e+03 1.622007341694927050e+02
8.497530000000000655e+03 1.626578463956888640e+02
9.545479999999999563e+03 1.630404245791508799e+02
1.072270000000000073e+04 1.633628890707871051e+02
1.204500000000000000e+04 1.636360711733553046e+02
1.353050000000000000e+04 1.638685267004317723e+02
1.519910000000000036e+04 1.640670617445439063e+02
1.707350000000000000e+04 1.642371064164286167e+02
1.917909999999999854e+04 1.643832386158226200e+02
2.154429999999999927e+04 1.645089579229590129e+02
2.420129999999999927e+04 1.646174707113865168e+02
2.718590000000000146e+04 1.647115832949680794e+02
3.053859999999999854e+04 1.647934162979769326e+02
3.430469999999999709e+04 1.648644720542488642e+02
3.853530000000000291e+04 1.649263928949979743e+02
4.328759999999999854e+04 1.649807969683809858e+02
4.862600000000000000e+04 1.650285058149317763e+02
5.462280000000000291e+04 1.650702548122226574e+02
6.135909999999999854e+04 1.651068025193710014e+02
6.892610000000000582e+04 1.651390746005518793e+02
7.742639999999999418e+04 1.651673388245612841e+02
8.697489999999999418e+04 1.651925914748150888e+02
9.770100000000000000e+04 1.652148560159028818e+02
1.097500000000000000e+05 1.652342523443238349e+02
1.232850000000000000e+05 1.652517355796572076e+02
1.384890000000000000e+05 1.652669086676544623e+02
1.555680000000000000e+05 1.652794347821084955e+02
1.747530000000000000e+05 1.652924131991771333e+02
1.963040000000000000e+05 1.653048549983895157e+02
2.205130000000000000e+05 1.653121805506363842e+02
2.477080000000000000e+05 1.653199244538573396e+02
2.782560000000000000e+05 1.653286704416005080e+02
3.125720000000000000e+05 1.653330668515006039e+02
3.511190000000000000e+05 1.653416258000890764e+02
3.944210000000000000e+05 1.653446504180662089e+02
4.430620000000000000e+05 1.653496484712995027e+02
4.977020000000000000e+05 1.653562664439515686e+02
5.590810000000000000e+05 1.653552350278779954e+02
6.280290000000000000e+05 1.653652832463033633e+02
7.054800000000000000e+05 1.653559275865240465e+02
7.924830000000000000e+05 1.653610967729125321e+02
8.902150000000000000e+05 1.653772512948512201e+02
1.000000000000000000e+06 1.653764739466624576e+02
