0.000000000000000000e+00 2.116199518107349320e+02
1.700000000000000122e-01 2.125032948262181094e+02
3.400000000000000244e-01 2.126465348146591623e+02
5.100000000000000089e-01 2.129002257994561660e+02
6.800000000000000488e-01 2.132857059042501078e+02
8.499999999999999778e-01 2.138238811738762024e+02
1.020000000000000018e+00 2.144908632433611331e+02
1.189999999999999947e+00 2.148293120040841302e+02
1.360000000000000098e+00 2.143240841595275299e+02
1.530000000000000027e+00 2.130572838270951195e+02
1.699999999999999956e+00 2.116687072215127614e+02
1.870000000000000107e+00 2.110150609760309237e+02
2.040000000000000036e+00 2.116417319349568231e+02
2.209999999999999964e+00 2.127791888185507219e+02
2.379999999999999893e+00 2.117667163783199555e+02
2.549999999999999822e+00 2.069982508062437603e+02
2.720000000000000195e+00 2.005168566838991921e+02
2.890000000000000124e+00 1.946511363415319238e+02
3.060000000000000053e+00 1.897893610247959657e+02
3.229999999999999982e+00 1.855515064208710214e+02
3.399999999999999911e+00 1.819785655045020860e+02
3.569999999999999840e+00 1.803949551407894205e+02
3.740000000000000213e+00 1.828382000579451017e+02
3.910000000000000142e+00 1.892634530703304279e+02
4.080000000000000071e+00 1.961935519330163515e+02
4.250000000000000000e+00 1.996205563560351095e+02
4.419999999999999929e+00 1.982719048081701771e+02
4.589999999999999858e+00 1.936164077986567804e+02
4.759999999999999787e+00 1.878899128699266612e+02
4.929999999999999716e+00 1.825809445544323637e+02
5.099999999999999645e+00 1.778573533237393178e+02
5.269999999999999574e+00 1.724330447331634559e+02
5.440000000000000391e+00 1.676328737950123866e+02
5.610000000000000320e+00 1.739566231839002342e+02
5.780000000000000249e+00 1.869731681199651518e+02
5.950000000000000178e+00 1.919203322238454916e+02
6.120000000000000107e+00 1.915907787056831353e+02
6.290000000000000036e+00 1.894917558250403715e+02
6.459999999999999964e+00 1.791763826326543949e+02
6.629999999999999893e+00 1.627040183419860853e+02
6.799999999999999822e+00 1.635893305691542707e+02
6.969999999999999751e+00 1.535911966360440033e+02
7.139999999999999680e+00 1.490823827925518401e+02
7.309999999999999609e+00 1.489132790395888719e+02
7.480000000000000426e+00 1.484160760089900464e+02
7.650000000000000355e+00 1.351685457586257542e+02
7.820000000000000284e+00 1.688745038049419236e+02
7.990000000000000213e+00 1.567006549616865811e+02
8.160000000000000142e+00 1.469525716467994698e+02
8.330000000000000071e+00 1.342197755607046190e+02
8.500000000000000000e+00 1.288819743766745205e+02
8.669999999999999929e+00 1.248073909522175455e+02
8.839999999999999858e+00 1.345448629363652344e+02
9.009999999999999787e+00 1.406176333078212792e+02
9.179999999999999716e+00 1.584045609355295596e+02
9.349999999999999645e+00 1.358972804832531267e+02
9.519999999999999574e+00 1.311642009869086962e+02
9.689999999999999503e+00 1.285393106152143048e+02
9.859999999999999432e+00 1.322904423344165536e+02
1.002999999999999936e+01 1.316365807324106072e+02
1.019999999999999929e+01 1.361300995211587974e+02
1.036999999999999922e+01 1.395301759826519685e+02
1.053999999999999915e+01 1.354716657903955479e+02
1.071000000000000085e+01 1.233108199962168214e+02
1.088000000000000078e+01 1.233326817407948397e+02
1.105000000000000071e+01 1.272515092570583448e+02
1.122000000000000064e+01 1.231100250251625425e+02
1.139000000000000057e+01 1.208803981286022946e+02
1.156000000000000050e+01 1.341096918516917640e+02
1.173000000000000043e+01 1.317417074155483476e+02
1.190000000000000036e+01 1.156011580931629368e+02
1.207000000000000028e+01 1.407038030786935394e+02
1.224000000000000021e+01 1.264310749333054247e+02
1.241000000000000014e+01 1.266784424474452919e+02
1.258000000000000007e+01 1.301977445610307882e+02
1.275000000000000000e+01 1.304493280284990817e+02
1.291999999999999993e+01 1.493825816404318232e+02
1.308999999999999986e+01 1.412669620725092443e+02
1.325999999999999979e+01 1.390207500729947867e+02
1.342999999999999972e+01 1.414001187009341152e+02
1.359999999999999964e+01 1.507180069124915178e+02
1.376999999999999957e+01 1.457440887844391852e+02
1.393999999999999950e+01 1.580968603465195486e+02
1.410999999999999943e+01 1.459982094737032696e+02
1.427999999999999936e+01 1.451808869256050514e+02
1.444999999999999929e+01 1.450429628502361936e+02
1.461999999999999922e+01 1.440618799414432658e+02
1.478999999999999915e+01 1.436491188154335532e+02
1.496000000000000085e+01 1.441354357116915992e+02
1.513000000000000078e+01 1.437089019143955682e+02
1.530000000000000071e+01 1.442418153852478042e+02
1.547000000000000064e+01 1.542733187554595702e+02
1.564000000000000057e+01 1.404847217616167541e+02
1.581000000000000050e+01 1.331402876133637392e+02
1.598000000000000043e+01 1.463920268697608833e+02
1.614999999999999858e+01 1.352977911719112853e+02
1.632000000000000028e+01 1.279195804650188819e+02
1.648999999999999844e+01 1.390769086266517434e+02
1.666000000000000014e+01 1.303090477269980738e+02
1.682999999999999829e+01 1.292025465392028991e+02
1.700000000000000000e+01 1.266043551306273827e+02
1.717000000000000171e+01 1.251271376061152836e+02
1.733999999999999986e+01 1.240837118173713662e+02
1.751000000000000156e+01 1.229604768504997310e+02
1.767999999999999972e+01 1.226447613875069180e+02
1.785000000000000142e+01 1.187310216432049828e+02
1.801999999999999957e+01 1.165458040991986621e+02
1.819000000000000128e+01 1.204824885701157626e+02
1.835999999999999943e+01 1.231246285004444019e+02
1.853000000000000114e+01 1.168542624895708713e+02
1.869999999999999929e+01 1.167688749910617361e+02
1.887000000000000099e+01 1.280587492561542717e+02
1.903999999999999915e+01 1.182761441474645636e+02
1.921000000000000085e+01 1.180683875197301802e+02
1.937999999999999901e+01 1.366500505360147031e+02
1.955000000000000071e+01 1.310722524510970857e+02
1.971999999999999886e+01 1.269304704726456379e+02
1.989000000000000057e+01 1.253991642950918788e+02
2.005999999999999872e+01 1.426424792024745898e+02
2.023000000000000043e+01 1.310598892418001640e+02
2.039999999999999858e+01 1.278033142878764892e+02
2.057000000000000028e+01 1.400799809075709277e+02
2.073999999999999844e+01 1.439362418172532330e+02
2.091000000000000014e+01 1.343138874740563438e+02
2.107999999999999829e+01 1.295557302628776881e+02
2.125000000000000000e+01 1.281947977692464917e+02
2.142000000000000171e+01 1.317339422358617469e+02
2.158999999999999986e+01 1.339117874427941501e+02
2.176000000000000156e+01 1.353489594713439033e+02
2.192999999999999972e+01 1.436959951168703356e+02
2.210000000000000142e+01 1.216323097935922419e+02
2.226999999999999957e+01 1.195986603632250223e+02
2.244000000000000128e+01 1.236201304349203838e+02
2.260999999999999943e+01 1.499508795571148880e+02
2.278000000000000114e+01 1.250340859248579477e+02
2.294999999999999929e+01 1.219840306415687650e+02
2.312000000000000099e+01 1.201192720929948052e+02
2.328999999999999915e+01 1.238859273039630864e+02
2.346000000000000085e+01 1.220890517930096308e+02
2.362999999999999901e+01 1.220377493458319265e+02
2.380000000000000071e+01 1.215531086542762722e+02
2.396999999999999886e+01 1.118583821770343434e+02
2.414000000000000057e+01 1.118551771205545009e+02
2.430999999999999872e+01 1.119857048752942887e+02
2.448000000000000043e+01 1.114567595096894905e+02
2.464999999999999858e+01 1.118190045289388479e+02
2.482000000000000028e+01 1.258945813852465392e+02
2.498999999999999844e+01 1.172749876566789737e+02
2.516000000000000014e+01 1.177261624034655227e+02
2.532999999999999829e+01 1.202666870492217726e+02
2.550000000000000000e+01 1.207528849120900105e+02
2.567000000000000171e+01 1.210843470703542692e+02
2.583999999999999986e+01 1.235172283421675701e+02
2.601000000000000156e+01 1.247241446669037117e+02
2.617999999999999972e+01 1.362414406990628493e+02
2.635000000000000142e+01 1.389198788789732930e+02
2.651999999999999957e+01 1.315653767888886136e+02
2.669000000000000128e+01 1.271691525931952498e+02
2.685999999999999943e+01 1.325685189015532046e+02
2.703000000000000114e+01 1.321254070822415372e+02
2.719999999999999929e+01 1.215997186329692141e+02
2.737000000000000099e+01 1.205100418360146506e+02
2.753999999999999915e+01 1.198736706754768448e+02
2.771000000000000085e+01 1.189331346242335741e+02
2.787999999999999901e+01 1.183134976631194917e+02
2.805000000000000071e+01 1.233176524633344258e+02
2.821999999999999886e+01 1.239689803117214097e+02
2.839000000000000057e+01 1.247857706757195615e+02
2.855999999999999872e+01 1.127974297346345480e+02
2.873000000000000043e+01 1.129052025356384945e+02
2.889999999999999858e+01 1.124131166201837715e+02
2.907000000000000028e+01 1.282156719067798463e+02
2.923999999999999844e+01 1.293056071605902844e+02
2.941000000000000014e+01 1.232933691160156258e+02
2.957999999999999829e+01 1.200875080637262613e+02
2.975000000000000000e+01 1.247199426097653117e+02
2.992000000000000171e+01 1.236168425090272649e+02
3.008999999999999986e+01 1.224199601951105905e+02
3.026000000000000156e+01 1.219203563483190607e+02
3.042999999999999972e+01 1.207035552412675372e+02
3.060000000000000142e+01 1.212228365505870471e+02
3.076999999999999957e+01 1.205663956788962565e+02
3.094000000000000128e+01 1.192152630985203388e+02
3.110999999999999943e+01 1.182886963004634566e+02
3.128000000000000114e+01 1.184969797947037904e+02
3.144999999999999929e+01 1.173942849205496941e+02
3.162000000000000099e+01 1.176044961576969285e+02
3.178999999999999915e+01 1.177322487415538177e+02
3.196000000000000085e+01 1.174790822406877453e+02
3.213000000000000256e+01 1.178096839431822360e+02
3.229999999999999716e+01 1.180290702308681432e+02
3.246999999999999886e+01 1.171137943045750092e+02
3.264000000000000057e+01 1.180772656606227429e+02
3.281000000000000227e+01 1.174097142383843106e+02
3.297999999999999687e+01 1.204198467491006852e+02
3.314999999999999858e+01 1.251519538110271696e+02
3.332000000000000028e+01 1.256893566768453780e+02
3.349000000000000199e+01 1.204261792043382684e+02
3.365999999999999659e+01 1.252270514780183106e+02
3.382999999999999829e+01 1.286610911528905774e+02
3.400000000000000000e+01 1.379366219662726962e+02

