0.000000000000000000e+00 2.116217166908932370e+02
2.999999999999999889e-01 2.130521979282327436e+02
5.999999999999999778e-01 2.139660343572112708e+02
9.000000000000000222e-01 2.155650237170505932e+02
1.199999999999999956e+00 2.159703052889728099e+02
1.500000000000000000e+00 2.110055295743286194e+02
1.800000000000000044e+00 2.058668483800977356e+02
2.100000000000000089e+00 2.086965749001807353e+02
2.399999999999999911e+00 2.094768240699378339e+02
2.700000000000000178e+00 1.963443277802257967e+02
3.000000000000000000e+00 1.873674889213716028e+02
3.299999999999999822e+00 1.805743124561630282e+02
3.600000000000000089e+00 1.690705751052379071e+02
3.899999999999999911e+00 1.676264873072009607e+02
4.200000000000000178e+00 1.786892373016893032e+02
4.500000000000000000e+00 1.808477866328141488e+02
4.799999999999999822e+00 1.795745061133365255e+02
5.099999999999999645e+00 1.761467015752610621e+02
5.400000000000000355e+00 1.702348671698472629e+02
5.700000000000000178e+00 1.546731794272699858e+02
6.000000000000000000e+00 1.622738573602837846e+02
6.299999999999999822e+00 1.255151792596646345e+02
6.599999999999999645e+00 1.196016654440968239e+02
6.900000000000000355e+00 1.278595206199967151e+02
7.200000000000000178e+00 1.229206135265629882e+02
7.500000000000000000e+00 1.283312296379338306e+02
7.799999999999999822e+00 1.147724000440296663e+02
8.099999999999999645e+00 1.159917114925474664e+02
8.400000000000000355e+00 1.092736513560101770e+02
8.699999999999999289e+00 1.220553923444632574e+02
9.000000000000000000e+00 1.115418512090803063e+02
9.300000000000000711e+00 1.207201505353660878e+02
9.599999999999999645e+00 1.133240037964846607e+02
9.900000000000000355e+00 1.203056005055029232e+02
1.019999999999999929e+01 1.206482820450663240e+02
1.050000000000000000e+01 1.145933001517728798e+02
1.080000000000000071e+01 1.113381484400525068e+02
1.109999999999999964e+01 1.329531614471801220e+02
1.140000000000000036e+01 1.328572076773454853e+02
1.169999999999999929e+01 1.332074600090779199e+02
1.200000000000000000e+01 1.202688020380783058e+02
1.230000000000000071e+01 1.201666103206864449e+02
1.259999999999999964e+01 1.091862714707622075e+02
1.290000000000000036e+01 1.109914245357485783e+02
1.319999999999999929e+01 1.077194334859914875e+02
1.350000000000000000e+01 1.032607176995714724e+02
1.380000000000000071e+01 1.098401794257858626e+02
1.409999999999999964e+01 9.861531463559221322e+01
1.440000000000000036e+01 1.160777759123795931e+02
1.469999999999999929e+01 1.133193891825894610e+02
1.500000000000000000e+01 1.136614213232133892e+02
1.530000000000000071e+01 1.141173712792156181e+02
1.559999999999999964e+01 1.052223752980506930e+02
1.590000000000000036e+01 9.935473426991289614e+01
1.619999999999999929e+01 1.104708293718392866e+02
1.650000000000000000e+01 9.262820901649418204e+01
1.680000000000000071e+01 1.055278162049318951e+02
1.710000000000000142e+01 9.438214046288381098e+01
1.739999999999999858e+01 9.364429780357231436e+01
1.769999999999999929e+01 9.600525856989106899e+01
1.800000000000000000e+01 9.437953386708923631e+01
1.830000000000000071e+01 9.535053999996780760e+01
1.860000000000000142e+01 8.584125602150987788e+01
1.889999999999999858e+01 9.105790445591780724e+01
1.919999999999999929e+01 7.894561999057467006e+01
1.950000000000000000e+01 8.757845466108889809e+01
1.980000000000000071e+01 1.040087911562189049e+02
2.010000000000000142e+01 7.195160455092508300e+01
2.039999999999999858e+01 7.277696804529171004e+01
2.069999999999999929e+01 9.592005402802335823e+01
2.100000000000000000e+01 1.162128744946182763e+02
2.130000000000000071e+01 8.507180679578891613e+01
2.160000000000000142e+01 8.637053880048051724e+01
2.189999999999999858e+01 7.035547255843933101e+01
2.219999999999999929e+01 7.966518611129185956e+01
2.250000000000000000e+01 7.822018322351674158e+01
2.280000000000000071e+01 8.334782714836187267e+01
2.310000000000000142e+01 9.145114829758622932e+01
2.339999999999999858e+01 9.293459256448821293e+01
2.369999999999999929e+01 8.569441689352304081e+01
2.400000000000000000e+01 7.834076842222815173e+01
2.430000000000000071e+01 7.803293905055643620e+01
2.460000000000000142e+01 9.031288949442334513e+01
2.489999999999999858e+01 7.914815915859907136e+01
2.519999999999999929e+01 8.445799098725706244e+01
2.550000000000000000e+01 8.514582126996751299e+01
2.580000000000000071e+01 7.361320381120205525e+01
2.610000000000000142e+01 8.355706275632500990e+01
2.639999999999999858e+01 7.393409949729220898e+01
2.669999999999999929e+01 7.087357006406020332e+01
2.700000000000000000e+01 8.095187023970629525e+01
2.730000000000000071e+01 7.905629028957990556e+01
2.760000000000000142e+01 7.738816626229041162e+01
2.789999999999999858e+01 8.092088448865825967e+01
2.819999999999999929e+01 7.281253248303181635e+01
2.850000000000000000e+01 9.316301598468659506e+01
2.880000000000000071e+01 9.686944064622845474e+01
2.910000000000000142e+01 7.383073339256588952e+01
2.939999999999999858e+01 7.491489002792091867e+01
2.969999999999999929e+01 7.625941300379939491e+01
3.000000000000000000e+01 7.529836679841766056e+01
