-1.000000000000000000e+01 2.966672258017272270e+02
-1.123320000000000007e+01 3.502922118531992055e+02
-1.261860000000000070e+01 3.754565225534173010e+02
-1.417469999999999963e+01 3.724615175105115554e+02
-1.592280000000000051e+01 3.870008565351652123e+02
-1.788650000000000162e+01 2.415389674493870871e+02
-2.009230000000000160e+01 3.924379759120462836e+02
-2.257019999999999982e+01 3.912292742089885564e+02
-2.535360000000000014e+01 2.181320911526045450e+02
-2.848039999999999949e+01 3.194487282828726507e+02
-3.199269999999999925e+01 3.860212430875211567e+02
-3.593809999999999860e+01 3.465949715788834169e+02
-4.037019999999999698e+01 3.583295440391518696e+02
-4.534879999999999711e+01 3.962074202231778486e+02
-5.094140000000000157e+01 2.720103235194869171e+02
-5.722370000000000090e+01 3.214316014059063491e+02
-6.428069999999999595e+01 3.786266958172702175e+02
-7.220810000000000173e+01 3.706362434354679181e+02
-8.111310000000000286e+01 3.558105684352727280e+02
-9.111629999999999541e+01 3.957423263651422189e+02
-1.023529999999999944e+02 4.030615765148825744e+02
-1.149759999999999991e+02 4.192822530196902449e+02
-1.291550000000000011e+02 4.316332100405190317e+02
-1.450829999999999984e+02 4.421343822965202435e+02
-1.629749999999999943e+02 4.535053939456229841e+02
-1.830740000000000123e+02 4.624400023221959941e+02
-2.056510000000000105e+02 4.689023152784887429e+02
-2.310130000000000052e+02 4.724058020844506132e+02
-2.595020000000000095e+02 4.726084762307154961e+02
-2.915049999999999955e+02 4.694517330196501916e+02
-3.274549999999999841e+02 4.630781625340315486e+02
-3.678380000000000223e+02 4.538249191806470435e+02
-4.132010000000000218e+02 4.421874910704902959e+02
-4.641589999999999918e+02 4.287563756143911178e+02
-5.214009999999999536e+02 4.141499245705239218e+02
-5.857019999999999982e+02 3.989544281239990369e+02
-6.579329999999999927e+02 3.836778788095691084e+02
-7.390720000000000027e+02 3.687249308197646087e+02
-8.302179999999999609e+02 3.543912194643680209e+02
-9.326029999999999518e+02 3.408727842267497863e+02
-1.047619999999999891e+03 3.282817636569915294e+02
-1.176809999999999945e+03 3.166690560038199465e+02
-1.321940000000000055e+03 3.060366180629933410e+02
-1.484970000000000027e+03 2.963577397402776796e+02
-1.668099999999999909e+03 2.875863385273754602e+02
-1.873819999999999936e+03 2.796641742335642107e+02
-2.104900000000000091e+03 2.725277822061192978e+02
-2.364489999999999782e+03 2.661138901649594573e+02
-2.656090000000000146e+03 2.603590680741610299e+02
-2.983650000000000091e+03 2.552019616551367562e+02
-3.351599999999999909e+03 2.505864086323077515e+02
-3.764940000000000055e+03 2.464580712201641575e+02
-4.229239999999999782e+03 2.427652750793225778e+02
-4.750810000000000400e+03 2.394706628705792468e+02
-5.336699999999999818e+03 2.365296335063774791e+02
-5.994840000000000146e+03 2.339035448097689027e+02
-6.734149999999999636e+03 2.315616424233116959e+02
-7.564630000000000109e+03 2.294734429184629505e+02
-8.497530000000000655e+03 2.276071717034942310e+02
-9.545479999999999563e+03 2.259463701396764179e+02
-1.072270000000000073e+04 2.244692922396028223e+02
-1.204500000000000000e+04 2.231493595617280050e+02
-1.353050000000000000e+04 2.219750123577485397e+02
-1.519910000000000036e+04 2.209294428804865902e+02
-1.707350000000000000e+04 2.199873082068928341e+02
-1.917909999999999854e+04 2.191595224962715633e+02
-2.154429999999999927e+04 2.184209704473888678e+02
-2.420129999999999927e+04 2.177599050648301500e+02
-2.718590000000000146e+04 2.171735963155480249e+02
-3.053859999999999854e+04 2.166531136839844294e+02
-3.430469999999999709e+04 2.161762924800759720e+02
-3.853530000000000291e+04 2.157653628232999665e+02
-4.328759999999999854e+04 2.153955233434687955e+02
-4.862600000000000000e+04 2.150680423868020910e+02
-5.462280000000000291e+04 2.147725217435058198e+02
-6.135909999999999854e+04 2.145112732097877597e+02
-6.892610000000000582e+04 2.142798286717001588e+02
-7.742639999999999418e+04 2.140673097506911802e+02
-8.697489999999999418e+04 2.138786455473724288e+02
-9.770100000000000000e+04 2.137267686468147190e+02
-1.097500000000000000e+05 2.135828115129437776e+02
-1.232850000000000000e+05 2.134487633633769121e+02
-1.384890000000000000e+05 2.133463723868743500e+02
-1.555680000000000000e+05 2.132498952401909662e+02
-1.747530000000000000e+05 2.131560064410048767e+02
-1.963040000000000000e+05 2.130756788944035520e+02
-2.205130000000000000e+05 2.129997431762741940e+02
-2.477080000000000000e+05 2.129372063076904737e+02
-2.782560000000000000e+05 2.128920387635002101e+02
-3.125720000000000000e+05 2.128417764593578454e+02
-3.511190000000000000e+05 2.127942932201003146e+02
-3.944210000000000000e+05 2.127473305061677991e+02
-4.430620000000000000e+05 2.127068046063918132e+02
-4.977020000000000000e+05 2.126723425264875686e+02
-5.590810000000000000e+05 2.126605701945958344e+02
-6.280290000000000000e+05 2.126428551124832609e+02
-7.054800000000000000e+05 2.126061362022783214e+02
-7.924830000000000000e+05 2.125828786217238076e+02
-8.902150000000000000e+05 2.125661905160707192e+02
-1.000000000000000000e+06 2.125604593070966644e+02
