0.000000000000000000e+00 2.116217166908932370e+02
2.999999999999999889e-01 2.124665128030398478e+02
5.999999999999999778e-01 2.128553093279348900e+02
9.000000000000000222e-01 2.136193899964126786e+02
1.199999999999999956e+00 2.144208084107554839e+02
1.500000000000000000e+00 2.135583570728541360e+02
1.800000000000000044e+00 2.120630893379810402e+02
2.100000000000000089e+00 2.125636212343336240e+02
2.399999999999999911e+00 2.116662789327301653e+02
2.700000000000000178e+00 2.032994345510415144e+02
3.000000000000000000e+00 1.938707430176315540e+02
3.299999999999999822e+00 1.872025635133859964e+02
3.600000000000000089e+00 1.858913920481135733e+02
3.899999999999999911e+00 1.942282665246495412e+02
4.200000000000000178e+00 2.028127049730886142e+02
4.500000000000000000e+00 1.998738898273654740e+02
4.799999999999999822e+00 1.894873700273975032e+02
5.099999999999999645e+00 1.793617367288563003e+02
5.400000000000000355e+00 1.742717982227773348e+02
5.700000000000000178e+00 1.887077509316384294e+02
6.000000000000000000e+00 1.981871974491464528e+02
6.299999999999999822e+00 1.934632809744528004e+02
6.599999999999999645e+00 1.684295360039071738e+02
6.900000000000000355e+00 1.645290434921639360e+02
7.200000000000000178e+00 1.584799085312022839e+02
7.500000000000000000e+00 1.465175341842754619e+02
7.799999999999999822e+00 1.702967085707917647e+02
8.099999999999999645e+00 1.652179752865662294e+02
8.400000000000000355e+00 1.479647484256978487e+02
8.699999999999999289e+00 1.449435988075260866e+02
9.000000000000000000e+00 1.495904645451551289e+02
9.300000000000000711e+00 1.614462204231533917e+02
9.599999999999999645e+00 1.433552255131538118e+02
9.900000000000000355e+00 1.410789511986659761e+02
1.019999999999999929e+01 1.551261440573433390e+02
1.050000000000000000e+01 1.622503331173173535e+02
1.080000000000000071e+01 1.451266977197960557e+02
1.109999999999999964e+01 1.303219969664796736e+02
1.140000000000000036e+01 1.282177390050497365e+02
1.169999999999999929e+01 1.219462349598406092e+02
1.200000000000000000e+01 1.688096904349818317e+02
1.230000000000000071e+01 1.392457631661615380e+02
1.259999999999999964e+01 1.380790831708132487e+02
1.290000000000000036e+01 1.598107897938917290e+02
1.319999999999999929e+01 1.523260206563307975e+02
1.350000000000000000e+01 1.639899884173952103e+02
1.380000000000000071e+01 1.546508295243555153e+02
1.409999999999999964e+01 1.609813662970527730e+02
1.440000000000000036e+01 1.520937748989608735e+02
1.469999999999999929e+01 1.508764903973968501e+02
1.500000000000000000e+01 1.517849844843142932e+02
1.530000000000000071e+01 1.583864776768646436e+02
1.559999999999999964e+01 1.422287827817818027e+02
1.590000000000000036e+01 1.484665395773108116e+02
1.619999999999999929e+01 1.421119119502606054e+02
1.650000000000000000e+01 1.485397668963128126e+02
1.680000000000000071e+01 1.393399917996771364e+02
1.710000000000000142e+01 1.379912600045590807e+02
1.739999999999999858e+01 1.355544199374333516e+02
1.769999999999999929e+01 1.307099340575251745e+02
1.800000000000000000e+01 1.274487548369211396e+02
1.830000000000000071e+01 1.298619380139555517e+02
1.860000000000000142e+01 1.470805178625730889e+02
1.889999999999999858e+01 1.495642066822942411e+02
1.919999999999999929e+01 1.673983541792255494e+02
1.950000000000000000e+01 1.464562099151262373e+02
1.980000000000000071e+01 1.392039762191047600e+02
2.010000000000000142e+01 1.388129978014941628e+02
2.039999999999999858e+01 1.417892188248655145e+02
2.069999999999999929e+01 1.389923893274761326e+02
2.100000000000000000e+01 1.543450920220290357e+02
2.130000000000000071e+01 1.504241062890398837e+02
2.160000000000000142e+01 1.528155224850763432e+02
2.189999999999999858e+01 1.352274034646733014e+02
2.219999999999999929e+01 1.306524845574551534e+02
2.250000000000000000e+01 1.405640387043149531e+02
2.280000000000000071e+01 1.385730739098801507e+02
2.310000000000000142e+01 1.326957156277857450e+02
2.339999999999999858e+01 1.307345685496576664e+02
2.369999999999999929e+01 1.294735315050592135e+02
2.400000000000000000e+01 1.303534838141994783e+02
2.430000000000000071e+01 1.302435105385192173e+02
2.460000000000000142e+01 1.306563108960093871e+02
2.489999999999999858e+01 1.318368547903664592e+02
2.519999999999999929e+01 1.317675642422316571e+02
2.550000000000000000e+01 1.325817996089805888e+02
2.580000000000000071e+01 1.335756356413804440e+02
2.610000000000000142e+01 1.445044480900716906e+02
2.639999999999999858e+01 1.511565081260941383e+02
2.669999999999999929e+01 1.413693027348548412e+02
2.700000000000000000e+01 1.516681563667694945e+02
2.730000000000000071e+01 1.332242303742084175e+02
2.760000000000000142e+01 1.318151892323410550e+02
2.789999999999999858e+01 1.307004693124349615e+02
2.819999999999999929e+01 1.292278585750977413e+02
2.850000000000000000e+01 1.284581378859303982e+02
2.880000000000000071e+01 1.272589924637862140e+02
2.910000000000000142e+01 1.245047676374340000e+02
2.939999999999999858e+01 1.426307120716529937e+02
2.969999999999999929e+01 1.410834814897434626e+02
3.000000000000000000e+01 1.354139226092202932e+02
