1.047619999999999891e+03 3.476841992061337372e+00
1.176809999999999945e+03 3.441867679210865560e+00
1.321940000000000055e+03 4.493638302709701549e+00
1.484970000000000027e+03 5.445981382154897688e+00
1.668099999999999909e+03 8.687186878170194859e+00
1.873819999999999936e+03 5.644713613661462404e+00
2.104900000000000091e+03 7.792896987549863042e+00
2.364489999999999782e+03 2.661203882723625114e+01
2.656090000000000146e+03 1.628680848003975825e+02
2.983650000000000091e+03 1.683947405082728892e+02
3.351599999999999909e+03 1.732855773177059575e+02
3.764940000000000055e+03 1.776277385233445330e+02
4.229239999999999782e+03 1.814863070898037165e+02
4.750810000000000400e+03 1.848947903785582128e+02
5.336699999999999818e+03 1.879416788776204896e+02
5.994840000000000146e+03 1.906431074301497404e+02
6.734149999999999636e+03 1.930473553578424628e+02
7.564630000000000109e+03 1.951874565623182036e+02
8.497530000000000655e+03 1.970956259841786107e+02
9.545479999999999563e+03 1.987934422419493501e+02
1.072270000000000073e+04 2.002971428168631860e+02
