1.000000000000000000e+01 5.513506385326089054e-01
1.123320000000000007e+01 4.332249636146971450e-01
1.261860000000000070e+01 4.571767199939140158e-01
1.417469999999999963e+01 1.252633775714097286e+00
1.592280000000000051e+01 1.169429658827596974e+00
1.788650000000000162e+01 5.151110592544864142e-01
2.009230000000000160e+01 4.592831382433888443e-01
2.257019999999999982e+01 8.288521330599438741e-01
2.535360000000000014e+01 6.139287658836198869e-01
2.848039999999999949e+01 3.904909428361099111e-01
3.199269999999999925e+01 4.711500848529238117e-01
3.593809999999999860e+01 4.893313456951843277e-01
4.037019999999999698e+01 3.700877650486870674e-01
4.534879999999999711e+01 4.180662916004442842e-01
5.094140000000000157e+01 4.507566483837084359e-01
5.722370000000000090e+01 4.910324487076454525e-01
6.428069999999999595e+01 5.338400769415077018e-01
7.220810000000000173e+01 5.948768512045102819e-01
8.111310000000000286e+01 6.675876594079801496e-01
9.111629999999999541e+01 7.494579946156604278e-01
1.023529999999999944e+02 8.418485231988945827e-01
1.149759999999999991e+02 9.456197572373432614e-01
1.291550000000000011e+02 1.062199009058410804e+00
1.450829999999999984e+02 1.193163328145140811e+00
1.629749999999999943e+02 1.340260322798703774e+00
1.830740000000000123e+02 1.505518186409743109e+00
2.056510000000000105e+02 1.691124089767878980e+00
2.310130000000000052e+02 1.899608225231299352e+00
2.595020000000000095e+02 2.133802213943829518e+00
2.915049999999999955e+02 2.396829404644553740e+00
3.274549999999999841e+02 2.692253476353638764e+00
3.678380000000000223e+02 3.024070041049061075e+00
4.132010000000000218e+02 3.396767559639452205e+00
4.641589999999999918e+02 3.815343056955932344e+00
5.214009999999999536e+02 4.285396969496392927e+00
5.857019999999999982e+02 4.813299069230470018e+00
6.579329999999999927e+02 5.406101402034322767e+00
7.390720000000000027e+02 6.071757089263351226e+00
8.302179999999999609e+02 6.819148155020021029e+00
9.326029999999999518e+02 7.658211509053487909e+00
1.047619999999999891e+03 8.600197769392888603e+00
1.176809999999999945e+03 9.657290080303365443e+00
1.321940000000000055e+03 1.084373410743257082e+01
1.484970000000000027e+03 1.217458235130129296e+01
1.668099999999999909e+03 1.366758923106417356e+01
1.873819999999999936e+03 1.534153652436495996e+01
2.104900000000000091e+03 1.721733313703591506e+01
2.364489999999999782e+03 1.931883733959035965e+01
2.656090000000000146e+03 2.167148931847522420e+01
2.983650000000000091e+03 2.430271007079994305e+01
3.351599999999999909e+03 2.724261184849964579e+01
3.764940000000000055e+03 3.052420898077011202e+01
4.229239999999999782e+03 3.418046416061368831e+01
4.750810000000000400e+03 3.824755095004194771e+01
5.336699999999999818e+03 4.275831331539204427e+01
5.994840000000000146e+03 4.775046513367003342e+01
6.734149999999999636e+03 5.325074379430967042e+01
7.564630000000000109e+03 5.928823894419034701e+01
8.497530000000000655e+03 6.587981943957062470e+01
9.545479999999999563e+03 7.302692167072886775e+01
1.072270000000000073e+04 8.072051592810775844e+01
1.204500000000000000e+04 8.892344507225691075e+01
1.353050000000000000e+04 9.757741970079833038e+01
1.519910000000000036e+04 1.065965134918033925e+02
1.707350000000000000e+04 1.158598968387873356e+02
1.917909999999999854e+04 1.252317907845639837e+02
2.154429999999999927e+04 1.345498165122187686e+02
2.420129999999999927e+04 1.436432915014049456e+02
2.718590000000000146e+04 1.523523368571711103e+02
3.053859999999999854e+04 1.605417015019272071e+02
3.430469999999999709e+04 1.680911922873118840e+02
3.853530000000000291e+04 1.749227057384742636e+02
4.328759999999999854e+04 1.809998887410378359e+02
4.862600000000000000e+04 1.863229846066543018e+02
5.462280000000000291e+04 1.909185034716127234e+02
6.135909999999999854e+04 1.948474886344631045e+02
6.892610000000000582e+04 1.981572785789648208e+02
7.742639999999999418e+04 2.009301968097757936e+02
8.697489999999999418e+04 2.032354914049805927e+02
9.770100000000000000e+04 2.051290926492525557e+02
1.097500000000000000e+05 2.066981314812792050e+02
1.232850000000000000e+05 2.079814309319515928e+02
1.384890000000000000e+05 2.089974793277266940e+02
1.555680000000000000e+05 2.098642425440494890e+02
1.747530000000000000e+05 2.105577656465933956e+02
1.963040000000000000e+05 2.111445112921139469e+02
2.205130000000000000e+05 2.116034303428106398e+02
2.477080000000000000e+05 2.119849789627444068e+02
2.782560000000000000e+05 2.122457729249748297e+02
3.125720000000000000e+05 2.125112936396788825e+02
3.511190000000000000e+05 2.127209470331973762e+02
3.944210000000000000e+05 2.129056863781222262e+02
4.430620000000000000e+05 2.130503314581411587e+02
4.977020000000000000e+05 2.131745122161247821e+02
5.590810000000000000e+05 2.132272248760595801e+02
6.280290000000000000e+05 2.132830257251534647e+02
7.054800000000000000e+05 2.133809413212824495e+02
7.924830000000000000e+05 2.134332315214650464e+02
8.902150000000000000e+05 2.134735869254025431e+02
1.000000000000000000e+06 2.134890416687518098e+02
