0.000000000000000000e+00 2.114517277815699572e+02
2.999999999999999889e-01 2.142912141327075801e+02
5.999999999999999778e-01 2.145843334773012145e+02
9.000000000000000222e-01 2.152221683391740328e+02
1.199999999999999956e+00 2.161467356524206309e+02
1.500000000000000000e+00 2.161171049216293341e+02
1.800000000000000044e+00 2.151375632231881241e+02
2.100000000000000089e+00 2.136421818054690505e+02
2.399999999999999911e+00 2.120675976955281214e+02
2.700000000000000178e+00 2.106875531162059190e+02
3.000000000000000000e+00 2.094951053037245288e+02
3.299999999999999822e+00 2.081256889288082732e+02
3.600000000000000089e+00 2.063523404958330332e+02
3.899999999999999911e+00 2.042394755342778012e+02
4.200000000000000178e+00 2.017347907853224172e+02
4.500000000000000000e+00 1.987973776409928348e+02
4.799999999999999822e+00 1.955406708308561008e+02
5.099999999999999645e+00 1.921002044612122290e+02
5.400000000000000355e+00 1.881701325627005303e+02
5.700000000000000178e+00 1.838416324012082157e+02
6.000000000000000000e+00 1.797218851339334549e+02
6.299999999999999822e+00 1.759312156513528294e+02
6.599999999999999645e+00 1.725326815286597935e+02
6.900000000000000355e+00 1.698857347857767479e+02
7.200000000000000178e+00 1.680211243198872069e+02
7.500000000000000000e+00 1.664525821639557535e+02
7.799999999999999822e+00 1.644360764684989817e+02
8.099999999999999645e+00 1.628222752828638420e+02
8.400000000000000355e+00 1.634547121109890213e+02
8.699999999999999289e+00 1.674009589630148298e+02
9.000000000000000000e+00 1.728385567458031176e+02
9.300000000000000711e+00 1.782263674670304567e+02
9.599999999999999645e+00 1.823585509827013880e+02
9.900000000000000355e+00 1.847753012357810292e+02
1.019999999999999929e+01 1.859784702546363917e+02
1.050000000000000000e+01 1.865054716527326661e+02
1.080000000000000071e+01 1.869003425909478437e+02
1.109999999999999964e+01 1.878585359757061326e+02
1.140000000000000036e+01 1.891369788173508368e+02
1.169999999999999929e+01 1.890864090509640789e+02
1.200000000000000000e+01 1.879619191190026015e+02
1.230000000000000071e+01 1.842476262034849412e+02
1.259999999999999964e+01 1.791819603508663477e+02
1.290000000000000036e+01 1.759555955094814408e+02
1.319999999999999929e+01 1.776791475559627997e+02
1.350000000000000000e+01 1.811636314043796006e+02
1.380000000000000071e+01 1.847672021765440604e+02
1.409999999999999964e+01 1.896803941540219114e+02
1.440000000000000036e+01 1.966073419430667286e+02
1.469999999999999929e+01 2.038805396912216565e+02
1.500000000000000000e+01 2.099684341336985938e+02
1.530000000000000071e+01 2.119983951577090977e+02
1.559999999999999964e+01 2.108058127851031429e+02
1.590000000000000036e+01 2.063884095330053299e+02
1.619999999999999929e+01 2.007185172837403115e+02
1.650000000000000000e+01 1.952717227635218933e+02
1.680000000000000071e+01 1.921828399688739637e+02
1.710000000000000142e+01 1.903268969949856739e+02
1.739999999999999858e+01 1.905780184180768515e+02
1.769999999999999929e+01 1.955933945112571450e+02
1.800000000000000000e+01 2.026277915235614842e+02
1.830000000000000071e+01 2.068130112804595910e+02
1.860000000000000142e+01 2.088281890021424090e+02
1.889999999999999858e+01 2.094450540512262648e+02
1.919999999999999929e+01 2.100014832322302141e+02
1.950000000000000000e+01 2.087731805319331500e+02
1.980000000000000071e+01 2.034417861922357531e+02
2.010000000000000142e+01 1.998844763147781407e+02
2.039999999999999858e+01 2.012516899211100281e+02
2.069999999999999929e+01 2.037123112887342700e+02
2.100000000000000000e+01 2.071850609950525666e+02
2.130000000000000071e+01 2.119622559721240123e+02
2.160000000000000142e+01 2.163600803299771087e+02
2.189999999999999858e+01 2.168610630765851681e+02
2.219999999999999929e+01 2.136908957747392890e+02
2.250000000000000000e+01 2.106549445305732604e+02
2.280000000000000071e+01 2.097635183158394341e+02
2.310000000000000142e+01 2.099064718028181176e+02
2.339999999999999858e+01 2.136032180520901420e+02
2.369999999999999929e+01 2.205616519491528038e+02
2.400000000000000000e+01 2.240461074032788531e+02
2.430000000000000071e+01 2.244169137490438004e+02
2.460000000000000142e+01 2.247209598146712892e+02
2.489999999999999858e+01 2.229213097448906353e+02
2.519999999999999929e+01 2.188729441251031744e+02
2.550000000000000000e+01 2.178124387789991090e+02
2.580000000000000071e+01 2.184008931562275109e+02
2.610000000000000142e+01 2.194426246360082473e+02
2.639999999999999858e+01 2.217762966539203831e+02
2.669999999999999929e+01 2.232783208948579272e+02
2.700000000000000000e+01 2.232298063969391251e+02
2.730000000000000071e+01 2.240383466249341495e+02
2.760000000000000142e+01 2.250038561362286487e+02
2.789999999999999858e+01 2.278014952174804648e+02
2.819999999999999929e+01 2.334528025363879635e+02
2.850000000000000000e+01 2.368016752940777110e+02
2.880000000000000071e+01 2.375628307603040525e+02
2.910000000000000142e+01 2.371322388591937340e+02
2.939999999999999858e+01 2.339855604997818830e+02
2.969999999999999929e+01 2.318394044278398667e+02
3.000000000000000000e+01 2.318482553771702044e+02
