1.000000000000000000e+01 3.512135183361020268e+02
1.123320000000000007e+01 3.149738279270584940e+02
1.261860000000000070e+01 3.201312222099002156e+02
1.417469999999999963e+01 3.475545218063060702e+02
1.592280000000000051e+01 3.698945022777261897e+02
1.788650000000000162e+01 3.580460644486510660e+02
2.009230000000000160e+01 3.409321972145827999e+02
2.257019999999999982e+01 3.555133278392274292e+02
2.535360000000000014e+01 2.935464842072648253e+02
2.848039999999999949e+01 3.761957188262030627e+02
3.199269999999999925e+01 3.223462337719224138e+02
3.593809999999999860e+01 3.489553701093960285e+02
4.037019999999999698e+01 3.614513757680855406e+02
4.534879999999999711e+01 3.525209976294173089e+02
5.094140000000000157e+01 3.586190173952321061e+02
5.722370000000000090e+01 3.738515562266209145e+02
6.428069999999999595e+01 3.796859002298750170e+02
7.220810000000000173e+01 3.934794706661540431e+02
8.111310000000000286e+01 4.122667908495844244e+02
9.111629999999999541e+01 4.295987284546309297e+02
1.023529999999999944e+02 4.468044384284660282e+02
1.149759999999999991e+02 4.617764890515808247e+02
1.291550000000000011e+02 4.712201292961538570e+02
1.450829999999999984e+02 4.718600279246101650e+02
1.629749999999999943e+02 4.604661542642555219e+02
1.830740000000000123e+02 4.350547164485744247e+02
2.056510000000000105e+02 3.962000876049066278e+02
2.310130000000000052e+02 3.476974469333558204e+02
2.595020000000000095e+02 2.951268650518221648e+02
2.915049999999999955e+02 2.432093484463521804e+02
3.274549999999999841e+02 1.946012457048990996e+02
3.678380000000000223e+02 1.503362388756151233e+02
4.132010000000000218e+02 1.105702853983626994e+02
4.641589999999999918e+02 7.507683547604332830e+01
5.214009999999999536e+02 4.352735798210972007e+01
5.857019999999999982e+02 1.587371827097167021e+01
6.579329999999999927e+02 1.133690129990475270e+01
7.390720000000000027e+02 3.285897041081619108e+01
8.302179999999999609e+02 5.260417653976265484e+01
9.326029999999999518e+02 7.025127692749097719e+01
1.047619999999999891e+03 8.597908347815375407e+01
1.176809999999999945e+03 9.997888659986094240e+01
1.321940000000000055e+03 1.124370817583817797e+02
1.484970000000000027e+03 1.235187076369058587e+02
1.668099999999999909e+03 1.333736655600833387e+02
1.873819999999999936e+03 1.421356036367402851e+02
2.104900000000000091e+03 1.499252140465720231e+02
2.364489999999999782e+03 1.568483808249610831e+02
2.656090000000000146e+03 1.630033138319632258e+02
2.983650000000000091e+03 1.684736512565840201e+02
3.351599999999999909e+03 1.733359797992501115e+02
3.764940000000000055e+03 1.776586031199427964e+02
4.229239999999999782e+03 1.815010143603719825e+02
4.750810000000000400e+03 1.849148488224365394e+02
5.336699999999999818e+03 1.879532219030397755e+02
5.994840000000000146e+03 1.906527365027088479e+02
6.734149999999999636e+03 1.930553749261925134e+02
7.564630000000000109e+03 1.951904492257197887e+02
8.497530000000000655e+03 1.970878468717209842e+02
9.545479999999999563e+03 1.987780455010730805e+02
1.072270000000000073e+04 2.002785841594121052e+02
1.204500000000000000e+04 2.016164896669472739e+02
1.353050000000000000e+04 2.028048792921182439e+02
1.519910000000000036e+04 2.038629505766603813e+02
1.707350000000000000e+04 2.048002229364299751e+02
1.917909999999999854e+04 2.056338251085007869e+02
2.154429999999999927e+04 2.063837453577950782e+02
2.420129999999999927e+04 2.070452874307306388e+02
2.718590000000000146e+04 2.076349635384890746e+02
3.053859999999999854e+04 2.081617654469945080e+02
3.430469999999999709e+04 2.086219989231177578e+02
3.853530000000000291e+04 2.090347751038673607e+02
4.328759999999999854e+04 2.094026277643403944e+02
4.862600000000000000e+04 2.097421802627858369e+02
5.462280000000000291e+04 2.100330006396520730e+02
6.135909999999999854e+04 2.102823939162161082e+02
6.892610000000000582e+04 2.105264140482219375e+02
7.742639999999999418e+04 2.107184522134703002e+02
8.697489999999999418e+04 2.109017570794069627e+02
9.770100000000000000e+04 2.110683227693175184e+02
1.097500000000000000e+05 2.112204107216927866e+02
1.232850000000000000e+05 2.113465038997017871e+02
1.384890000000000000e+05 2.114747598650532439e+02
1.555680000000000000e+05 2.115875275855750886e+02
1.747530000000000000e+05 2.116745277152675158e+02
1.963040000000000000e+05 2.117583812959927911e+02
2.205130000000000000e+05 2.118287621051640883e+02
2.477080000000000000e+05 2.118939735122079355e+02
2.782560000000000000e+05 2.119494865863762527e+02
3.125720000000000000e+05 2.120046824800055560e+02
3.511190000000000000e+05 2.120493569218332368e+02
3.944210000000000000e+05 2.120920700059758133e+02
4.430620000000000000e+05 2.121274624556259312e+02
4.977020000000000000e+05 2.121569026280951675e+02
5.590810000000000000e+05 2.121852714181728174e+02
6.280290000000000000e+05 2.122010646012698771e+02
7.054800000000000000e+05 2.122321273799365429e+02
7.924830000000000000e+05 2.122544078006561108e+02
8.902150000000000000e+05 2.122694737433447756e+02
1.000000000000000000e+06 2.122748237108619662e+02
