0.000000000000000000e+00 1.653836404126626007e+02
2.999999999999999889e-01 1.654622407698921904e+02
5.999999999999999778e-01 1.654906387508598300e+02
9.000000000000000222e-01 1.655614869026328790e+02
1.199999999999999956e+00 1.657197713367864651e+02
1.500000000000000000e+00 1.659401374362641377e+02
1.800000000000000044e+00 1.661942829904670589e+02
2.100000000000000089e+00 1.664295212638062367e+02
2.399999999999999911e+00 1.665700453660602705e+02
2.700000000000000178e+00 1.665402961609266299e+02
3.000000000000000000e+00 1.662986075612350874e+02
3.299999999999999822e+00 1.658581269702171426e+02
3.600000000000000089e+00 1.652805658315463972e+02
3.899999999999999911e+00 1.646536076957079047e+02
4.200000000000000178e+00 1.640710375046149352e+02
4.500000000000000000e+00 1.636239766229953716e+02
4.799999999999999822e+00 1.633998860688037951e+02
5.099999999999999645e+00 1.634780783846096881e+02
5.400000000000000355e+00 1.638967112310335779e+02
5.700000000000000178e+00 1.645777715084518604e+02
6.000000000000000000e+00 1.652863320728215228e+02
6.299999999999999822e+00 1.657233696349886998e+02
6.599999999999999645e+00 1.656885753575200226e+02
6.900000000000000355e+00 1.651653009407780246e+02
7.200000000000000178e+00 1.642795713291348250e+02
7.500000000000000000e+00 1.631998227645472070e+02
7.799999999999999822e+00 1.620668763130024956e+02
8.099999999999999645e+00 1.609962445039257091e+02
8.400000000000000355e+00 1.601280626743728419e+02
8.699999999999999289e+00 1.596272290805643479e+02
9.000000000000000000e+00 1.595976545184550446e+02
9.300000000000000711e+00 1.600089980370838703e+02
9.599999999999999645e+00 1.607010583153570451e+02
9.900000000000000355e+00 1.614531150197889247e+02
1.019999999999999929e+01 1.620643883643483605e+02
1.050000000000000000e+01 1.623863412943560434e+02
1.080000000000000071e+01 1.623335684182164869e+02
1.109999999999999964e+01 1.619165948464921883e+02
1.140000000000000036e+01 1.612612636931056613e+02
1.169999999999999929e+01 1.605668713535376924e+02
1.200000000000000000e+01 1.600313487653541529e+02
1.230000000000000071e+01 1.597950394434852512e+02
1.259999999999999964e+01 1.599151669441698402e+02
1.290000000000000036e+01 1.603724872280562579e+02
1.319999999999999929e+01 1.610866996473654922e+02
1.350000000000000000e+01 1.619178898559737831e+02
1.380000000000000071e+01 1.626954083548782535e+02
1.409999999999999964e+01 1.632899673612002402e+02
1.440000000000000036e+01 1.636617777587304658e+02
1.469999999999999929e+01 1.638248233653775685e+02
1.500000000000000000e+01 1.638050311252112863e+02
1.530000000000000071e+01 1.636304271279020384e+02
1.559999999999999964e+01 1.633253296703384194e+02
1.590000000000000036e+01 1.628993957158539558e+02
1.619999999999999929e+01 1.623583373851339502e+02
1.650000000000000000e+01 1.617322500754438863e+02
1.680000000000000071e+01 1.610783673289758156e+02
1.710000000000000142e+01 1.604553248616972780e+02
1.739999999999999858e+01 1.599033487880230666e+02
1.769999999999999929e+01 1.594556956011221587e+02
1.800000000000000000e+01 1.591665490869625614e+02
1.830000000000000071e+01 1.590914194199170311e+02
1.860000000000000142e+01 1.592523273411190701e+02
1.889999999999999858e+01 1.596153284026780170e+02
1.919999999999999929e+01 1.601096938187062051e+02
1.950000000000000000e+01 1.606495928185340745e+02
1.980000000000000071e+01 1.611407639244914662e+02
2.010000000000000142e+01 1.615043994709045307e+02
2.039999999999999858e+01 1.617137893240956430e+02
2.069999999999999929e+01 1.617953689215072473e+02
2.100000000000000000e+01 1.617837461029783412e+02
2.130000000000000071e+01 1.616913202203806179e+02
2.160000000000000142e+01 1.615166601687558341e+02
2.189999999999999858e+01 1.612592853853208226e+02
2.219999999999999929e+01 1.609321141447205434e+02
2.250000000000000000e+01 1.605606855546289751e+02
2.280000000000000071e+01 1.601797518138514249e+02
2.310000000000000142e+01 1.598187639511601503e+02
2.339999999999999858e+01 1.595077838350161414e+02
2.369999999999999929e+01 1.592891569873783055e+02
2.400000000000000000e+01 1.592104984622646100e+02
2.430000000000000071e+01 1.593011772428046129e+02
2.460000000000000142e+01 1.595386289140506619e+02
2.489999999999999858e+01 1.598760106182171512e+02
2.519999999999999929e+01 1.602458310209101739e+02
2.550000000000000000e+01 1.605727423793989601e+02
2.580000000000000071e+01 1.608032009189454357e+02
2.610000000000000142e+01 1.609319962349607920e+02
2.639999999999999858e+01 1.609958430144120598e+02
2.669999999999999929e+01 1.610436111971804110e+02
2.700000000000000000e+01 1.611050426510832665e+02
2.730000000000000071e+01 1.611665683803286413e+02
2.760000000000000142e+01 1.611810866767562231e+02
2.789999999999999858e+01 1.611068770590254928e+02
2.819999999999999929e+01 1.609316087939585032e+02
2.850000000000000000e+01 1.606728511228748744e+02
2.880000000000000071e+01 1.603734567367261263e+02
2.910000000000000142e+01 1.600874426390631982e+02
2.939999999999999858e+01 1.598554187204639447e+02
2.969999999999999929e+01 1.596903311329170094e+02
3.000000000000000000e+01 1.595890709834251595e+02
