-1.000000000000000000e+01 3.685757941100801531e+02
-1.123320000000000007e+01 3.215463704538663592e+02
-1.261860000000000070e+01 3.545337507888486357e+02
-1.417469999999999963e+01 3.623792885927257430e+02
-1.592280000000000051e+01 3.648003743330213524e+02
-1.788650000000000162e+01 3.552066886767618712e+02
-2.009230000000000160e+01 3.392986485959308993e+02
-2.257019999999999982e+01 3.317659512108126023e+02
-2.535360000000000014e+01 3.704800887035358414e+02
-2.848039999999999949e+01 3.535914836678635993e+02
-3.199269999999999925e+01 3.723523974048835044e+02
-3.593809999999999860e+01 3.406234549858586433e+02
-4.037019999999999698e+01 3.347486179119762824e+02
-4.534879999999999711e+01 3.511051301177802202e+02
-5.094140000000000157e+01 3.804430996059390964e+02
-5.722370000000000090e+01 3.642366966208791723e+02
-6.428069999999999595e+01 3.403320893971377359e+02
-7.220810000000000173e+01 3.630561785406724198e+02
-8.111310000000000286e+01 3.995624603778094865e+02
-9.111629999999999541e+01 3.839842825391793326e+02
-1.023529999999999944e+02 4.028429246137857831e+02
-1.149759999999999991e+02 4.152819386367456218e+02
-1.291550000000000011e+02 4.280031182612512453e+02
-1.450829999999999984e+02 4.418980273327296118e+02
-1.629749999999999943e+02 4.535508361477559447e+02
-1.830740000000000123e+02 4.615526858658600418e+02
-2.056510000000000105e+02 4.681238057270458057e+02
-2.310130000000000052e+02 4.716736793822250320e+02
-2.595020000000000095e+02 4.719464515768591468e+02
-2.915049999999999955e+02 4.688381203321774251e+02
-3.274549999999999841e+02 4.625343820521304679e+02
-3.678380000000000223e+02 4.533358704164510300e+02
-4.132010000000000218e+02 4.417460782795167233e+02
-4.641589999999999918e+02 4.283670878010475462e+02
-5.214009999999999536e+02 4.138047235946604019e+02
-5.857019999999999982e+02 3.986487606876469840e+02
-6.579329999999999927e+02 3.834077867254853800e+02
-7.390720000000000027e+02 3.684858541586746128e+02
-8.302179999999999609e+02 3.541793078478997359e+02
-9.326029999999999518e+02 3.406843680971018102e+02
-1.047619999999999891e+03 3.281135888033156220e+02
-1.176809999999999945e+03 3.165181956637040912e+02
-1.321940000000000055e+03 3.059004398131885978e+02
-1.484970000000000027e+03 2.962340898344762650e+02
-1.668099999999999909e+03 2.874735268077801038e+02
-1.873819999999999936e+03 2.795603076927900474e+02
-2.104900000000000091e+03 2.724317353310771637e+02
-2.364489999999999782e+03 2.660240195886607921e+02
-2.656090000000000146e+03 2.602758173851694323e+02
-2.983650000000000091e+03 2.551233767032463504e+02
-3.351599999999999909e+03 2.505117539434529874e+02
-3.764940000000000055e+03 2.463872652432669099e+02
-4.229239999999999782e+03 2.426991708783647539e+02
-4.750810000000000400e+03 2.394046040771869741e+02
-5.336699999999999818e+03 2.364667119047367976e+02
-5.994840000000000146e+03 2.338427316961675331e+02
-6.734149999999999636e+03 2.315041713732600499e+02
-7.564630000000000109e+03 2.294168390872688690e+02
-8.497530000000000655e+03 2.275528162396167318e+02
-9.545479999999999563e+03 2.258942597270915655e+02
-1.072270000000000073e+04 2.244147808474181716e+02
-1.204500000000000000e+04 2.230990096768177864e+02
-1.353050000000000000e+04 2.219245223019767081e+02
-1.519910000000000036e+04 2.208787267774437453e+02
-1.707350000000000000e+04 2.199410630400112723e+02
-1.917909999999999854e+04 2.191082244892317021e+02
-2.154429999999999927e+04 2.183735507823268733e+02
-2.420129999999999927e+04 2.177136769613597949e+02
-2.718590000000000146e+04 2.171278924110072239e+02
-3.053859999999999854e+04 2.166073984059979125e+02
-3.430469999999999709e+04 2.161334208103701258e+02
-3.853530000000000291e+04 2.157159251215261691e+02
-4.328759999999999854e+04 2.153460068265126495e+02
-4.862600000000000000e+04 2.150275382350745303e+02
-5.462280000000000291e+04 2.147333248303102948e+02
-6.135909999999999854e+04 2.144617424311287834e+02
-6.892610000000000582e+04 2.142383047018949185e+02
-7.742639999999999418e+04 2.140185282628836489e+02
-8.697489999999999418e+04 2.138349258011355403e+02
-9.770100000000000000e+04 2.136755343927925423e+02
-1.097500000000000000e+05 2.135354958624946846e+02
-1.232850000000000000e+05 2.134009517062620773e+02
-1.384890000000000000e+05 2.133013088559668802e+02
-1.555680000000000000e+05 2.132070832811859304e+02
-1.747530000000000000e+05 2.131122951868181872e+02
-1.963040000000000000e+05 2.130289898148802195e+02
-2.205130000000000000e+05 2.129564123522004593e+02
-2.477080000000000000e+05 2.128899926342295998e+02
-2.782560000000000000e+05 2.128486567931363709e+02
-3.125720000000000000e+05 2.127964198847124919e+02
-3.511190000000000000e+05 2.127510073916717772e+02
-3.944210000000000000e+05 2.127011982171085833e+02
-4.430620000000000000e+05 2.126616942844553080e+02
-4.977020000000000000e+05 2.126246038768008759e+02
-5.590810000000000000e+05 2.126177412642179547e+02
-6.280290000000000000e+05 2.125993662025427682e+02
-7.054800000000000000e+05 2.125628103990159161e+02
-7.924830000000000000e+05 2.125392314959774183e+02
-8.902150000000000000e+05 2.125234234116894072e+02
-1.000000000000000000e+06 2.125174435517239715e+02
