0.000000000000000000e+00 2.114517277815699572e+02
2.999999999999999889e-01 2.120211809789192614e+02
5.999999999999999778e-01 2.120794516349670573e+02
9.000000000000000222e-01 2.122073416402223529e+02
1.199999999999999956e+00 2.123973963310349404e+02
1.500000000000000000e+00 2.124072085263316865e+02
1.800000000000000044e+00 2.122387804756076548e+02
2.100000000000000089e+00 2.119836270412490364e+02
2.399999999999999911e+00 2.117408787261894929e+02
2.700000000000000178e+00 2.115676134816662852e+02
3.000000000000000000e+00 2.114608469741092165e+02
3.299999999999999822e+00 2.113762897517315764e+02
3.600000000000000089e+00 2.112780230004473481e+02
3.899999999999999911e+00 2.111647725753854559e+02
4.200000000000000178e+00 2.110486211646639561e+02
4.500000000000000000e+00 2.109372294830004932e+02
4.799999999999999822e+00 2.108302718195951400e+02
5.099999999999999645e+00 2.107054494001873195e+02
5.400000000000000355e+00 2.105211237770760135e+02
5.700000000000000178e+00 2.102716043968071915e+02
6.000000000000000000e+00 2.099949624963477390e+02
6.299999999999999822e+00 2.097117046467368766e+02
6.599999999999999645e+00 2.094256466565901746e+02
6.900000000000000355e+00 2.091400762630917143e+02
7.200000000000000178e+00 2.088415185146771194e+02
7.500000000000000000e+00 2.084840074483619787e+02
7.799999999999999822e+00 2.080669585116803262e+02
8.099999999999999645e+00 2.076563782492913504e+02
8.400000000000000355e+00 2.072635817082640983e+02
8.699999999999999289e+00 2.068885402632940327e+02
9.000000000000000000e+00 2.065582737705887553e+02
9.300000000000000711e+00 2.062499054813514761e+02
9.599999999999999645e+00 2.059296266072582853e+02
9.900000000000000355e+00 2.055937580006017242e+02
1.019999999999999929e+01 2.053520692588436702e+02
1.050000000000000000e+01 2.052111012649044426e+02
1.080000000000000071e+01 2.051505757520482121e+02
1.109999999999999964e+01 2.052332499284921425e+02
1.140000000000000036e+01 2.054736819177613825e+02
1.169999999999999929e+01 2.057721948903180191e+02
1.200000000000000000e+01 2.061013755606381039e+02
1.230000000000000071e+01 2.065292828510494019e+02
1.259999999999999964e+01 2.070825174385622915e+02
1.290000000000000036e+01 2.076372582149317623e+02
1.319999999999999929e+01 2.082268425064025337e+02
1.350000000000000000e+01 2.089096506883340680e+02
1.380000000000000071e+01 2.095906529463651111e+02
1.409999999999999964e+01 2.101401502987370407e+02
1.440000000000000036e+01 2.106081741119107278e+02
1.469999999999999929e+01 2.110756539166130494e+02
1.500000000000000000e+01 2.113843302135957458e+02
1.530000000000000071e+01 2.114401157880915321e+02
1.559999999999999964e+01 2.113646849398963070e+02
1.590000000000000036e+01 2.112159105382335724e+02
1.619999999999999929e+01 2.108412578280114644e+02
1.650000000000000000e+01 2.102205319389573788e+02
1.680000000000000071e+01 2.095773728203817541e+02
1.710000000000000142e+01 2.089752273794323116e+02
1.739999999999999858e+01 2.082894844775991032e+02
1.769999999999999929e+01 2.075018836354606151e+02
1.800000000000000000e+01 2.069321871301849285e+02
1.830000000000000071e+01 2.065621214544559621e+02
1.860000000000000142e+01 2.063197083491985779e+02
1.889999999999999858e+01 2.062105747475456781e+02
1.919999999999999929e+01 2.065216509662342901e+02
1.950000000000000000e+01 2.071315668564898544e+02
1.980000000000000071e+01 2.077557187804434875e+02
2.010000000000000142e+01 2.084024838327440818e+02
2.039999999999999858e+01 2.092538107077062364e+02
2.069999999999999929e+01 2.102094502431400258e+02
2.100000000000000000e+01 2.108578405920447949e+02
2.130000000000000071e+01 2.112315158599257643e+02
2.160000000000000142e+01 2.115315835808708300e+02
2.189999999999999858e+01 2.116982400567959246e+02
2.219999999999999929e+01 2.113594021687083000e+02
2.250000000000000000e+01 2.105899211528974320e+02
2.280000000000000071e+01 2.099028668618698532e+02
2.310000000000000142e+01 2.092929462430311958e+02
2.339999999999999858e+01 2.085864015762678605e+02
2.369999999999999929e+01 2.077421177179269591e+02
2.400000000000000000e+01 2.073238137255435447e+02
2.430000000000000071e+01 2.074006898922435198e+02
2.460000000000000142e+01 2.076795717218271307e+02
2.489999999999999858e+01 2.081426428915827955e+02
2.519999999999999929e+01 2.087855465078349937e+02
2.550000000000000000e+01 2.099387740872643064e+02
2.580000000000000071e+01 2.108766364418242176e+02
2.610000000000000142e+01 2.113587641948453495e+02
2.639999999999999858e+01 2.115771417068381481e+02
2.669999999999999929e+01 2.118938248781582274e+02
2.700000000000000000e+01 2.118654153775966904e+02
2.730000000000000071e+01 2.111669166429247468e+02
2.760000000000000142e+01 2.100929280458250901e+02
2.789999999999999858e+01 2.094191247583059692e+02
2.819999999999999929e+01 2.089606949468301309e+02
2.850000000000000000e+01 2.086478852981107366e+02
2.880000000000000071e+01 2.084128198855673588e+02
2.910000000000000142e+01 2.086890997510778618e+02
2.939999999999999858e+01 2.096830570351376366e+02
2.969999999999999929e+01 2.105870577918412607e+02
3.000000000000000000e+01 2.111814309835830841e+02
