0.000000000000000000e+00 2.116199518107349320e+02
1.000000000000000056e-01 2.127996323357480435e+02
2.000000000000000111e-01 2.128929840197875478e+02
2.999999999999999889e-01 2.130512283541750946e+02
4.000000000000000222e-01 2.132789116378075391e+02
5.000000000000000000e-01 2.135815162144845090e+02
5.999999999999999778e-01 2.139645546224057853e+02
6.999999999999999556e-01 2.144302524894278292e+02
8.000000000000000444e-01 2.149726982105880211e+02
9.000000000000000222e-01 2.155631976287157840e+02
1.000000000000000000e+00 2.161218417957584847e+02
1.100000000000000089e+00 2.163663435068842205e+02
1.199999999999999956e+00 2.159697441625305601e+02
1.300000000000000044e+00 2.148377404910363850e+02
1.399999999999999911e+00 2.130878100676794134e+02
1.500000000000000000e+00 2.110073525275602435e+02
1.600000000000000089e+00 2.089233561046462739e+02
1.699999999999999956e+00 2.071218661157883218e+02
1.800000000000000044e+00 2.058691698066272693e+02
1.899999999999999911e+00 2.054983797596619581e+02
2.000000000000000000e+00 2.064099730569499513e+02
2.100000000000000089e+00 2.086957957461741273e+02
2.200000000000000178e+00 2.113247186682805250e+02
2.299999999999999822e+00 2.120537376334186774e+02
2.399999999999999911e+00 2.094781684798652748e+02
2.500000000000000000e+00 2.048350284209004712e+02
2.600000000000000089e+00 2.002230472897555558e+02
2.700000000000000178e+00 1.963427643198090777e+02
2.799999999999999822e+00 1.929743565953553741e+02
2.899999999999999911e+00 1.899832486193916168e+02
3.000000000000000000e+00 1.873670994406820398e+02
3.100000000000000089e+00 1.850727753825179036e+02
3.200000000000000178e+00 1.829260599836358949e+02
3.299999999999999822e+00 1.805728864850053128e+02
3.399999999999999911e+00 1.775106672741552813e+02
3.500000000000000000e+00 1.734790360870222230e+02
3.600000000000000089e+00 1.690723006216823876e+02
3.700000000000000178e+00 1.658528352231097642e+02
3.799999999999999822e+00 1.653023154018496257e+02
3.899999999999999911e+00 1.676255977919938118e+02
4.000000000000000000e+00 1.716348971727564958e+02
4.099999999999999645e+00 1.756946710252787227e+02
4.200000000000000178e+00 1.786891281473173194e+02
4.299999999999999822e+00 1.803095010437007204e+02
4.400000000000000355e+00 1.808623248431066486e+02
4.500000000000000000e+00 1.808491372266646806e+02
4.599999999999999645e+00 1.805890182868780585e+02
4.700000000000000178e+00 1.801487544196684496e+02
4.799999999999999822e+00 1.795746746417594011e+02
4.900000000000000355e+00 1.790644572195539013e+02
5.000000000000000000e+00 1.784251093236746897e+02
5.099999999999999645e+00 1.761461437209721623e+02
5.200000000000000178e+00 1.720281710616119994e+02
5.299999999999999822e+00 1.695474590636412415e+02
5.400000000000000355e+00 1.702350304738671696e+02
5.500000000000000000e+00 1.642795593155086351e+02
5.599999999999999645e+00 1.501873913122713304e+02
5.700000000000000178e+00 1.546764378125486701e+02
5.799999999999999822e+00 1.647103941882371601e+02
5.900000000000000355e+00 1.652876047723773638e+02
6.000000000000000000e+00 1.622737509371546025e+02
6.099999999999999645e+00 1.543154673614320131e+02
6.200000000000000178e+00 1.385919042738630367e+02
6.299999999999999822e+00 1.255157579521407030e+02
6.400000000000000355e+00 1.203531682103005664e+02
6.500000000000000000e+00 1.176850312205298366e+02
6.599999999999999645e+00 1.195730237013371067e+02
6.700000000000000178e+00 1.428914992519755458e+02
6.799999999999999822e+00 1.316800941369877762e+02
6.900000000000000355e+00 1.278617485733141024e+02
7.000000000000000000e+00 1.258099719162809293e+02
7.099999999999999645e+00 1.238812710654549392e+02
7.200000000000000178e+00 1.229451614128924888e+02
7.299999999999999822e+00 1.217080775391499543e+02
7.400000000000000355e+00 1.162195599920321882e+02
7.500000000000000000e+00 1.283348411968833886e+02
7.599999999999999645e+00 1.370843731662067739e+02
7.700000000000000178e+00 1.095859743216761188e+02
7.799999999999999822e+00 1.147723691907124390e+02
7.900000000000000355e+00 1.153998455157229444e+02
8.000000000000000000e+00 1.174672045268939797e+02
8.099999999999999645e+00 1.159924459763710161e+02
8.199999999999999289e+00 1.147383531323262673e+02
8.300000000000000711e+00 1.106951943782795098e+02
8.400000000000000355e+00 1.092757659672624726e+02
8.500000000000000000e+00 1.075775801653932007e+02
8.599999999999999645e+00 1.187607885794306952e+02
8.699999999999999289e+00 1.220498306300274720e+02
8.800000000000000711e+00 1.074980026476232666e+02
8.900000000000000355e+00 1.066278764141011237e+02
9.000000000000000000e+00 1.115744273628722425e+02
9.099999999999999645e+00 1.251700208959081380e+02
9.199999999999999289e+00 1.172014786330390308e+02
9.300000000000000711e+00 1.204941630368874854e+02
9.400000000000000355e+00 1.319608423362944052e+02
9.500000000000000000e+00 1.200298218986251300e+02
9.599999999999999645e+00 1.133438747113917913e+02
9.699999999999999289e+00 1.137065972760054677e+02
9.800000000000000711e+00 1.154002397427469759e+02
9.900000000000000355e+00 1.159472775815295904e+02
1.000000000000000000e+01 1.191442243623896360e+02
1.009999999999999964e+01 1.200564993004929448e+02
1.019999999999999929e+01 1.206309235929028034e+02
1.030000000000000071e+01 1.203726341229519221e+02
1.040000000000000036e+01 1.154366304548371858e+02
1.050000000000000000e+01 1.145910323726984501e+02
1.059999999999999964e+01 1.180283672698794106e+02
1.069999999999999929e+01 1.246575310963551004e+02
1.080000000000000071e+01 1.113470061153245609e+02
1.090000000000000036e+01 1.072654230748655095e+02
1.100000000000000000e+01 1.373629997760692163e+02
1.109999999999999964e+01 1.329490839910804993e+02
1.119999999999999929e+01 1.368383705711524385e+02
1.130000000000000071e+01 1.353767685254630919e+02
1.140000000000000036e+01 1.328531606317208968e+02
1.150000000000000000e+01 1.287241324065203401e+02
1.159999999999999964e+01 1.300145380671215491e+02
1.169999999999999929e+01 1.332148702258602952e+02
1.180000000000000071e+01 1.366913602232181120e+02
1.190000000000000036e+01 1.250675013566093554e+02
1.200000000000000000e+01 1.202530272424341717e+02
1.209999999999999964e+01 1.260703813035480607e+02
1.219999999999999929e+01 1.372179230290037992e+02
1.230000000000000071e+01 1.201513734799226398e+02
1.240000000000000036e+01 1.093460893113425243e+02
1.250000000000000000e+01 1.084836515143455955e+02
1.259999999999999964e+01 1.091968879202527631e+02
1.269999999999999929e+01 1.093941400275637506e+02
1.280000000000000071e+01 1.121213536760001119e+02
1.290000000000000036e+01 1.110139145703306411e+02
1.300000000000000000e+01 1.070885842402339421e+02
1.309999999999999964e+01 1.085514868881910928e+02
1.319999999999999929e+01 1.077194846027415451e+02
1.330000000000000071e+01 1.046149852645680198e+02
1.340000000000000036e+01 1.026967016091289651e+02
1.350000000000000000e+01 1.032607459905235032e+02
1.359999999999999964e+01 1.035978200106456342e+02
1.369999999999999929e+01 1.015346710661010121e+02
1.380000000000000071e+01 1.098425412216292756e+02
1.390000000000000036e+01 9.936148471146645988e+01
1.400000000000000000e+01 9.774694909121291175e+01
1.409999999999999964e+01 9.863850113535582409e+01
1.419999999999999929e+01 1.206764902420479615e+02
1.430000000000000071e+01 1.171065284817741912e+02
1.440000000000000036e+01 1.160777019406732080e+02
1.450000000000000000e+01 1.151691916390095258e+02
1.459999999999999964e+01 1.133682069931439003e+02
1.469999999999999929e+01 1.133222908408566667e+02
1.480000000000000071e+01 1.131460924476357093e+02
1.490000000000000036e+01 1.127932203884744666e+02
1.500000000000000000e+01 1.136571704636101288e+02
1.509999999999999964e+01 1.141084999207455439e+02
1.519999999999999929e+01 1.136765595294873208e+02
1.530000000000000071e+01 1.141123483226119646e+02
1.540000000000000036e+01 1.187464339769807822e+02
1.550000000000000000e+01 1.046731689956938993e+02
1.559999999999999964e+01 1.052237063647390016e+02
1.569999999999999929e+01 1.117436017305051195e+02
1.580000000000000071e+01 1.078213002184653249e+02
1.590000000000000036e+01 9.935565618135530030e+01
1.600000000000000000e+01 1.029966357418446705e+02
1.610000000000000142e+01 1.001941309630939401e+02
1.619999999999999929e+01 1.103380386571620306e+02
1.630000000000000071e+01 9.674661409728390993e+01
1.639999999999999858e+01 9.639229697312279654e+01
1.650000000000000000e+01 9.264487660141914205e+01
1.660000000000000142e+01 1.064194431844315574e+02
1.669999999999999929e+01 1.053430863004927431e+02
1.680000000000000071e+01 1.055178188157644570e+02
1.689999999999999858e+01 1.060952046627123053e+02
1.700000000000000000e+01 1.018089185709067408e+02
1.710000000000000142e+01 9.437750321128676489e+01
1.719999999999999929e+01 9.393634733368983802e+01
1.730000000000000071e+01 9.381009666727516105e+01
1.739999999999999858e+01 9.364832718787721433e+01
1.750000000000000000e+01 9.345133322877022408e+01
1.760000000000000142e+01 9.306984429233490630e+01
1.769999999999999929e+01 9.589978380897099441e+01
1.780000000000000071e+01 9.417595306763571728e+01
1.789999999999999858e+01 9.406534059329753461e+01
1.800000000000000000e+01 9.432433066650820308e+01
1.810000000000000142e+01 9.424038486762388800e+01
1.819999999999999929e+01 9.546229557495661311e+01
1.830000000000000071e+01 9.536767666918866837e+01
1.839999999999999858e+01 1.002525917986117463e+02
1.850000000000000000e+01 9.893136741947900248e+01
1.860000000000000142e+01 8.584925609483471476e+01
1.869999999999999929e+01 8.722470303241307477e+01
1.880000000000000071e+01 8.595780212968320200e+01
1.889999999999999858e+01 9.104561557189194332e+01
1.900000000000000000e+01 1.064818941585541978e+02
1.910000000000000142e+01 7.355414534187077891e+01
1.919999999999999929e+01 7.894596362982098015e+01
1.930000000000000071e+01 8.344781858253847417e+01
1.939999999999999858e+01 8.955755849242056854e+01
1.950000000000000000e+01 8.756110437165547467e+01
1.960000000000000142e+01 8.535072440096092805e+01
1.969999999999999929e+01 9.805427094692355183e+01
1.980000000000000071e+01 1.040123927037551681e+02
1.989999999999999858e+01 9.901669040881924388e+01
2.000000000000000000e+01 9.417732292609412070e+01
2.010000000000000142e+01 7.195114741500218258e+01
2.019999999999999929e+01 7.239937177643338373e+01
2.030000000000000071e+01 7.264416661286259114e+01
2.039999999999999858e+01 7.277519658813682213e+01
2.050000000000000000e+01 7.294277386633612537e+01
2.060000000000000142e+01 9.288544050630858351e+01
2.069999999999999929e+01 9.594267886867596928e+01
2.080000000000000071e+01 9.833262310305174481e+01
2.089999999999999858e+01 1.164025143095488488e+02
2.100000000000000000e+01 1.161953082798888772e+02
2.110000000000000142e+01 8.317099161283226749e+01
2.119999999999999929e+01 8.611101912992160123e+01
2.130000000000000071e+01 8.506950636843025393e+01
2.139999999999999858e+01 8.327065423493959884e+01
2.150000000000000000e+01 8.178759179003546365e+01
2.160000000000000142e+01 8.635982138621170634e+01
2.169999999999999929e+01 8.601829614483217767e+01
2.180000000000000071e+01 8.366031574013321404e+01
2.189999999999999858e+01 7.026592860875919655e+01
2.200000000000000000e+01 7.818002439960658023e+01
2.210000000000000142e+01 8.300139125111678595e+01
2.219999999999999929e+01 9.492903317019596443e+01
2.230000000000000071e+01 7.913630245814600528e+01
2.239999999999999858e+01 7.749681967005979288e+01
2.250000000000000000e+01 7.821303042522326621e+01
2.260000000000000142e+01 7.737034036053863417e+01
2.269999999999999929e+01 8.454360110368705250e+01
2.280000000000000071e+01 8.339380959851358455e+01
2.289999999999999858e+01 8.261108609583185114e+01
2.300000000000000000e+01 9.077785383937016661e+01
2.310000000000000142e+01 9.143657735182056001e+01
2.319999999999999929e+01 9.226964959977101444e+01
2.330000000000000071e+01 9.288998677035236540e+01
2.339999999999999858e+01 9.281370199865048676e+01
2.350000000000000000e+01 8.800911983004554884e+01
2.360000000000000142e+01 8.711234587030769205e+01
2.369999999999999929e+01 8.570417514317121288e+01
2.380000000000000071e+01 8.331060129288989913e+01
2.389999999999999858e+01 7.954582086414944797e+01
2.400000000000000000e+01 7.833726209335826240e+01
2.410000000000000142e+01 8.167262061776027338e+01
2.419999999999999929e+01 7.797134213932710622e+01
2.430000000000000071e+01 7.804472417683122387e+01
2.439999999999999858e+01 8.953959852414637055e+01
2.450000000000000000e+01 9.068527540939655296e+01
2.460000000000000142e+01 9.052853698806036675e+01
2.469999999999999929e+01 7.802563181360662270e+01
2.480000000000000071e+01 7.850390103318386537e+01
2.489999999999999858e+01 7.914904019132160329e+01
2.500000000000000000e+01 7.939320292234867793e+01
2.510000000000000142e+01 7.969069183802510281e+01
2.519999999999999929e+01 8.441856986212638958e+01
2.530000000000000071e+01 8.489217941322529271e+01
2.539999999999999858e+01 8.449139865085133749e+01
2.550000000000000000e+01 8.515466945121247022e+01
2.560000000000000142e+01 7.515683603230699816e+01
2.569999999999999929e+01 7.439730970197290105e+01
2.580000000000000071e+01 7.360696162209291060e+01
2.589999999999999858e+01 7.760959813015345787e+01
2.600000000000000000e+01 7.781028328337164623e+01
2.610000000000000142e+01 8.364936254003170291e+01
2.619999999999999929e+01 8.034740367150793361e+01
2.630000000000000071e+01 7.909060505397543750e+01
2.639999999999999858e+01 7.395517091298751211e+01
2.650000000000000000e+01 7.093419193596452033e+01
2.660000000000000142e+01 7.102045287894532066e+01
2.669999999999999929e+01 7.087632274865845261e+01
2.680000000000000071e+01 7.075372220569359172e+01
2.689999999999999858e+01 7.286532615576555827e+01
2.700000000000000000e+01 8.096176609712523486e+01
2.710000000000000142e+01 8.046708962088625583e+01
2.719999999999999929e+01 7.916037792071820434e+01
2.730000000000000071e+01 7.905663034331861638e+01
2.739999999999999858e+01 7.701436112848450932e+01
2.750000000000000000e+01 7.715346976362980058e+01
2.760000000000000142e+01 7.738629617121596027e+01
2.769999999999999929e+01 8.079650037718100464e+01
2.780000000000000071e+01 8.072388881551407280e+01
2.789999999999999858e+01 8.093645760707170211e+01
2.800000000000000000e+01 8.112720002736729441e+01
2.810000000000000142e+01 7.284664607254707391e+01
2.819999999999999929e+01 7.281850545486484805e+01
2.830000000000000071e+01 7.256113644876320734e+01
2.839999999999999858e+01 7.256396675028996412e+01
2.850000000000000000e+01 9.299688444409150634e+01
2.860000000000000142e+01 1.024321757985456998e+02
2.869999999999999929e+01 9.683328460519797432e+01
2.880000000000000071e+01 9.686184145355912278e+01
2.889999999999999858e+01 9.278686533567974948e+01
2.900000000000000000e+01 9.497408387416888331e+01
2.910000000000000142e+01 7.385325454478106622e+01
2.919999999999999929e+01 7.446381246210420102e+01
2.930000000000000071e+01 7.490267001560724225e+01
2.939999999999999858e+01 7.490300259644233449e+01
2.950000000000000000e+01 7.795545535920166458e+01
2.960000000000000142e+01 7.701894114977646666e+01
2.969999999999999929e+01 7.626651489138249929e+01
2.980000000000000071e+01 7.642270085402677182e+01
2.989999999999999858e+01 7.500872403383820597e+01
3.000000000000000000e+01 7.530015128470630259e+01
