0.000000000000000000e+00 2.116217166908932370e+02
2.999999999999999889e-01 2.119888426592731037e+02
5.999999999999999778e-01 2.121279131006041041e+02
9.000000000000000222e-01 2.124264057229258924e+02
1.199999999999999956e+00 2.128948486290191227e+02
1.500000000000000000e+00 2.130699447491225555e+02
1.800000000000000044e+00 2.129186450096822512e+02
2.100000000000000089e+00 2.127223055402458272e+02
2.399999999999999911e+00 2.119308988560771070e+02
2.700000000000000178e+00 2.094207006596056715e+02
3.000000000000000000e+00 2.058478430224357112e+02
3.299999999999999822e+00 2.034901173830218397e+02
3.600000000000000089e+00 2.041081593881745277e+02
3.899999999999999911e+00 2.073144662354017385e+02
4.200000000000000178e+00 2.101427002371137007e+02
4.500000000000000000e+00 2.099225009756106601e+02
4.799999999999999822e+00 2.070895770945794254e+02
5.099999999999999645e+00 2.045978104625008598e+02
5.400000000000000355e+00 2.054290676671878657e+02
5.700000000000000178e+00 2.088955675319307375e+02
6.000000000000000000e+00 2.100810129423535102e+02
6.299999999999999822e+00 2.056144458850722003e+02
6.599999999999999645e+00 1.951873727458259395e+02
6.900000000000000355e+00 1.834691528450535998e+02
7.200000000000000178e+00 1.774138627629425855e+02
7.500000000000000000e+00 1.812403697565808898e+02
7.799999999999999822e+00 1.978561902912665857e+02
8.099999999999999645e+00 2.066884850718407165e+02
8.400000000000000355e+00 1.944898540589431377e+02
8.699999999999999289e+00 1.878977035928500925e+02
9.000000000000000000e+00 1.938783936593380020e+02
9.300000000000000711e+00 2.039975933508408446e+02
9.599999999999999645e+00 2.063419159236652831e+02
9.900000000000000355e+00 2.059749005897988638e+02
1.019999999999999929e+01 2.057987311383575957e+02
1.050000000000000000e+01 2.048431049037970695e+02
1.080000000000000071e+01 2.038469249780162045e+02
1.109999999999999964e+01 2.032882449608102888e+02
1.140000000000000036e+01 2.042589409978028243e+02
1.169999999999999929e+01 2.060138812009570302e+02
1.200000000000000000e+01 1.967592257857495213e+02
1.230000000000000071e+01 1.832480577180766659e+02
1.259999999999999964e+01 1.837723641381590483e+02
1.290000000000000036e+01 1.850852450688201714e+02
1.319999999999999929e+01 1.839314169431977461e+02
1.350000000000000000e+01 1.854355188797959499e+02
1.380000000000000071e+01 1.721850836772525781e+02
1.409999999999999964e+01 1.710496939682372499e+02
1.440000000000000036e+01 1.670719950277104715e+02
1.469999999999999929e+01 1.657569346792852798e+02
1.500000000000000000e+01 1.661559677675967635e+02
1.530000000000000071e+01 1.622930959988857467e+02
1.559999999999999964e+01 1.597847257625014947e+02
1.590000000000000036e+01 1.771318822752852498e+02
1.619999999999999929e+01 1.801498464816738760e+02
1.650000000000000000e+01 1.812860080618338259e+02
1.680000000000000071e+01 1.636445186489523280e+02
1.710000000000000142e+01 1.597906702861763506e+02
1.739999999999999858e+01 1.581070994794640114e+02
1.769999999999999929e+01 1.575870548629429493e+02
1.800000000000000000e+01 1.580354213253814066e+02
1.830000000000000071e+01 1.602192135449714669e+02
1.860000000000000142e+01 1.663230562311073868e+02
1.889999999999999858e+01 1.802733410539490535e+02
1.919999999999999929e+01 1.989829913347491299e+02
1.950000000000000000e+01 2.011152731142303480e+02
1.980000000000000071e+01 1.820602647439948498e+02
2.010000000000000142e+01 1.681178607222515495e+02
2.039999999999999858e+01 1.631052526625263965e+02
2.069999999999999929e+01 1.598666752041779944e+02
2.100000000000000000e+01 1.588206468868511934e+02
2.130000000000000071e+01 1.580188907177847568e+02
2.160000000000000142e+01 1.580624386982439660e+02
2.189999999999999858e+01 1.584384467751290515e+02
2.219999999999999929e+01 1.618466190808249792e+02
2.250000000000000000e+01 1.848237168050870309e+02
2.280000000000000071e+01 1.937011785896134199e+02
2.310000000000000142e+01 1.677504585088424847e+02
2.339999999999999858e+01 1.607002395733772175e+02
2.369999999999999929e+01 1.592043290430495404e+02
2.400000000000000000e+01 1.588610582757370935e+02
2.430000000000000071e+01 1.588517451654760464e+02
2.460000000000000142e+01 1.589235074188895567e+02
2.489999999999999858e+01 1.591393141593582357e+02
2.519999999999999929e+01 1.599941910327168841e+02
2.550000000000000000e+01 1.625869437082726847e+02
2.580000000000000071e+01 1.690535090092892858e+02
2.610000000000000142e+01 1.777441006095780835e+02
2.639999999999999858e+01 1.831113700058991469e+02
2.669999999999999929e+01 1.897809228023658648e+02
2.700000000000000000e+01 1.925525609953334936e+02
2.730000000000000071e+01 1.734992243288660063e+02
2.760000000000000142e+01 1.681687519614654605e+02
2.789999999999999858e+01 1.685857737878712328e+02
2.819999999999999929e+01 1.712504319376058959e+02
2.850000000000000000e+01 1.761463589839713961e+02
2.880000000000000071e+01 1.838150414862886919e+02
2.910000000000000142e+01 1.952767361668109345e+02
2.939999999999999858e+01 1.945863140838728782e+02
2.969999999999999929e+01 1.814254799968180691e+02
3.000000000000000000e+01 1.694731406915432785e+02
