0.000000000000000000e+00 1.653836404126626007e+02
2.999999999999999889e-01 1.657535057704493511e+02
5.999999999999999778e-01 1.658856804542898828e+02
9.000000000000000222e-01 1.662114195903260452e+02
1.199999999999999956e+00 1.669295384843273666e+02
1.500000000000000000e+00 1.679598391957315471e+02
1.800000000000000044e+00 1.692096079967119522e+02
2.100000000000000089e+00 1.703542966265627001e+02
2.399999999999999911e+00 1.707522762072447620e+02
2.700000000000000178e+00 1.698367285662146173e+02
3.000000000000000000e+00 1.676396802277093911e+02
3.299999999999999822e+00 1.645866811644837355e+02
3.600000000000000089e+00 1.610719302839279976e+02
3.899999999999999911e+00 1.573442831448953996e+02
4.200000000000000178e+00 1.535518864223645323e+02
4.500000000000000000e+00 1.497967856352574927e+02
4.799999999999999822e+00 1.461803111003409867e+02
5.099999999999999645e+00 1.427932032314172091e+02
5.400000000000000355e+00 1.407990669136827933e+02
5.700000000000000178e+00 1.415938399435767678e+02
6.000000000000000000e+00 1.429852215561687103e+02
6.299999999999999822e+00 1.417803387746112378e+02
6.599999999999999645e+00 1.367112026716681612e+02
6.900000000000000355e+00 1.285271217194238034e+02
7.200000000000000178e+00 1.244243183006313558e+02
7.500000000000000000e+00 1.192264056482032544e+02
7.799999999999999822e+00 1.162187151420824307e+02
8.099999999999999645e+00 1.144378535903905600e+02
8.400000000000000355e+00 1.104106964367043417e+02
8.699999999999999289e+00 1.110894735099537627e+02
9.000000000000000000e+00 1.136699707910318580e+02
9.300000000000000711e+00 1.023080253418806933e+02
9.599999999999999645e+00 1.028295812197105477e+02
9.900000000000000355e+00 1.210989495397462576e+02
1.019999999999999929e+01 1.195655523087635288e+02
1.050000000000000000e+01 1.182089294728752691e+02
1.080000000000000071e+01 1.163851435587196477e+02
1.109999999999999964e+01 1.205314506922437658e+02
1.140000000000000036e+01 1.195471956161241991e+02
1.169999999999999929e+01 1.186594438011656933e+02
1.200000000000000000e+01 1.158999588144127557e+02
1.230000000000000071e+01 1.116786189933433633e+02
1.259999999999999964e+01 1.074575319309573871e+02
1.290000000000000036e+01 1.037398523588249191e+02
1.319999999999999929e+01 1.088101055875632426e+02
1.350000000000000000e+01 1.073389527526940554e+02
1.380000000000000071e+01 1.039194250638558827e+02
1.409999999999999964e+01 1.013276417363877329e+02
1.440000000000000036e+01 1.171531554277943457e+02
1.469999999999999929e+01 1.175106209997224767e+02
1.500000000000000000e+01 1.163418503196022016e+02
1.530000000000000071e+01 1.134247143426155731e+02
1.559999999999999964e+01 1.091168067316317263e+02
1.590000000000000036e+01 1.039005572274627980e+02
1.619999999999999929e+01 9.647468304791952676e+01
1.650000000000000000e+01 9.709872718686804660e+01
1.680000000000000071e+01 1.044006802027742395e+02
1.710000000000000142e+01 9.509554104700654875e+01
1.739999999999999858e+01 9.436555371300880779e+01
1.769999999999999929e+01 9.429769706405834029e+01
1.800000000000000000e+01 9.442944515900396141e+01
1.830000000000000071e+01 9.421403689494715650e+01
1.860000000000000142e+01 9.275989052410417912e+01
1.889999999999999858e+01 8.768880928257659946e+01
1.919999999999999929e+01 8.177599451217467674e+01
1.950000000000000000e+01 8.454724276563504759e+01
1.980000000000000071e+01 8.597825432878747165e+01
2.010000000000000142e+01 7.497762591782829134e+01
2.039999999999999858e+01 7.457078998503577338e+01
2.069999999999999929e+01 8.737931589838682100e+01
2.100000000000000000e+01 9.515953551147693190e+01
2.130000000000000071e+01 8.382166000576415854e+01
2.160000000000000142e+01 8.264553959183388088e+01
2.189999999999999858e+01 8.034615502330345294e+01
2.219999999999999929e+01 7.919429058583915548e+01
2.250000000000000000e+01 7.832658208230266439e+01
2.280000000000000071e+01 8.572504265490573516e+01
2.310000000000000142e+01 9.382306871752167865e+01
2.339999999999999858e+01 9.410219335176125810e+01
2.369999999999999929e+01 7.892687893232481144e+01
2.400000000000000000e+01 7.817722066162892247e+01
2.430000000000000071e+01 7.932693074476534889e+01
2.460000000000000142e+01 7.813145595000274568e+01
2.489999999999999858e+01 7.818712474379331923e+01
2.519999999999999929e+01 8.764571794160310958e+01
2.550000000000000000e+01 8.746075644041047781e+01
2.580000000000000071e+01 7.735995198045681320e+01
2.610000000000000142e+01 8.130454059154006075e+01
2.639999999999999858e+01 7.232407628210317796e+01
2.669999999999999929e+01 7.248956904358253439e+01
2.700000000000000000e+01 8.030212188709877807e+01
2.730000000000000071e+01 8.136122048474911139e+01
2.760000000000000142e+01 8.470466589289418380e+01
2.789999999999999858e+01 8.564546170732631936e+01
2.819999999999999929e+01 8.083606668146190088e+01
2.850000000000000000e+01 7.826316854007131951e+01
2.880000000000000071e+01 7.771027608501630368e+01
2.910000000000000142e+01 8.154877257944380631e+01
2.939999999999999858e+01 8.281904245417095467e+01
2.969999999999999929e+01 7.940748781627381447e+01
3.000000000000000000e+01 8.156645658966805001e+01
