-1.047619999999999891e+03 3.179361417988994276e+02
-1.176809999999999945e+03 3.089324761737156564e+02
-1.321940000000000055e+03 3.002638259139910701e+02
-1.484970000000000027e+03 2.920527276492222768e+02
-1.668099999999999909e+03 2.843737356528044415e+02
-1.873819999999999936e+03 2.772627113595207788e+02
-2.104900000000000091e+03 2.707251982086829685e+02
-2.364489999999999782e+03 2.647546748618074162e+02
-2.656090000000000146e+03 2.593301733558615751e+02
-2.983650000000000091e+03 2.544151781515461153e+02
-3.351599999999999909e+03 2.499812919823695267e+02
-3.764940000000000055e+03 2.459932426582129779e+02
-4.229239999999999782e+03 2.424084923789565948e+02
-4.750810000000000400e+03 2.391904574732558331e+02
-5.336699999999999818e+03 2.363099470050801756e+02
-5.994840000000000146e+03 2.337322648582799616e+02
-6.734149999999999636e+03 2.314269203524427496e+02
-7.564630000000000109e+03 2.293667038694289317e+02
-8.497530000000000655e+03 2.275375694548068282e+02
-9.545479999999999563e+03 2.259051596399479251e+02
-1.072270000000000073e+04 2.244141306923780803e+02
