1.000000000000000000e+01 1.546179218170768754e+00
1.123320000000000007e+01 2.125501177316693191e+00
1.261860000000000070e+01 2.327365241676381480e+00
1.417469999999999963e+01 1.601016320632283385e+00
1.592280000000000051e+01 3.271970429467004671e+00
1.788650000000000162e+01 1.506817658416334194e+00
2.009230000000000160e+01 1.942282931255213008e+00
2.257019999999999982e+01 3.984108361002639320e+00
2.535360000000000014e+01 2.319701674664517377e+00
2.848039999999999949e+01 1.483360929333016776e+00
3.199269999999999925e+01 2.623239465539927373e+00
3.593809999999999860e+01 6.186693645293954713e-01
4.037019999999999698e+01 1.584652593175841284e+00
4.534879999999999711e+01 2.564005037300715273e+00
5.094140000000000157e+01 2.585655666217817839e+00
5.722370000000000090e+01 2.564903699194100106e+00
6.428069999999999595e+01 3.154578943177268169e+00
7.220810000000000173e+01 3.714647850777994975e+00
8.111310000000000286e+01 3.584518098311975542e+00
9.111629999999999541e+01 4.783322527957378334e+00
1.023529999999999944e+02 4.500042453041235291e+00
1.149759999999999991e+02 4.275395421552671493e+00
1.291550000000000011e+02 4.851926023420158884e+00
1.450829999999999984e+02 4.603840373639867423e+00
1.629749999999999943e+02 6.708157307509553746e+00
1.830740000000000123e+02 6.463356479667051069e+00
2.056510000000000105e+02 4.137888843589397680e+00
2.310130000000000052e+02 3.464791212561385336e+00
2.595020000000000095e+02 3.872793860905534569e+00
2.915049999999999955e+02 3.637848868593574814e+00
3.274549999999999841e+02 3.922316245453763006e+00
3.678380000000000223e+02 5.545482146416188307e+00
4.132010000000000218e+02 4.676920681646765665e+00
4.641589999999999918e+02 5.907785354244862397e+00
5.214009999999999536e+02 3.464562585370376091e+00
5.857019999999999982e+02 2.220264343871997781e+00
6.579329999999999927e+02 9.944184807213413135e-01
7.390720000000000027e+02 2.389833419055430230e+00
8.302179999999999609e+02 5.705089725959942015e+00
9.326029999999999518e+02 6.569891950097479061e+00
1.047619999999999891e+03 1.300897170283468185e+01
1.176809999999999945e+03 7.196233401604780866e+00
1.321940000000000055e+03 1.748710882749314877e+01
1.484970000000000027e+03 1.337640427679325938e+01
1.668099999999999909e+03 2.006283238443579009e+01
1.873819999999999936e+03 1.594450971368716274e+01
2.104900000000000091e+03 2.345012810435489214e+01
2.364489999999999782e+03 2.025033395851787787e+01
2.656090000000000146e+03 2.824554260289039931e+01
2.983650000000000091e+03 3.233506877288341741e+01
3.351599999999999909e+03 3.256889547587455525e+01
3.764940000000000055e+03 2.773548072855504998e+01
4.229239999999999782e+03 3.536717929356185408e+01
4.750810000000000400e+03 4.204064448562921541e+01
5.336699999999999818e+03 5.640909648212377192e+01
5.994840000000000146e+03 5.637219234064401974e+01
6.734149999999999636e+03 8.568207014231775531e+01
7.564630000000000109e+03 8.589294225214683820e+01
8.497530000000000655e+03 8.607742060065687895e+01
9.545479999999999563e+03 1.206167570102999775e+02
1.072270000000000073e+04 1.209955408931355834e+02
1.204500000000000000e+04 1.213351397887554839e+02
1.353050000000000000e+04 1.216385659492642759e+02
1.519910000000000036e+04 1.553060516675918166e+02
1.707350000000000000e+04 1.557293607316627799e+02
1.917909999999999854e+04 1.561013104068277642e+02
2.154429999999999927e+04 1.564456170004546891e+02
2.420129999999999927e+04 1.567278291464755853e+02
2.718590000000000146e+04 1.569922710500906646e+02
3.053859999999999854e+04 1.572265221886208053e+02
3.430469999999999709e+04 2.086018695415295667e+02
3.853530000000000291e+04 1.576284126260504479e+02
4.328759999999999854e+04 1.578056941200586607e+02
4.862600000000000000e+04 2.097151673709983868e+02
5.462280000000000291e+04 2.100064845565071607e+02
6.135909999999999854e+04 2.102686724986027684e+02
6.892610000000000582e+04 2.104958502967659797e+02
7.742639999999999418e+04 2.107101726627977030e+02
8.697489999999999418e+04 2.108969727636963398e+02
9.770100000000000000e+04 2.110534702262256133e+02
1.097500000000000000e+05 2.111986085955429360e+02
1.232850000000000000e+05 2.113290040044958857e+02
1.384890000000000000e+05 2.114576043966387147e+02
1.555680000000000000e+05 1.589586243260955314e+02
1.747530000000000000e+05 2.116286340751921955e+02
1.963040000000000000e+05 2.117294823254725316e+02
2.205130000000000000e+05 2.117935854115556538e+02
2.477080000000000000e+05 2.118614783404824493e+02
2.782560000000000000e+05 2.118660745073423470e+02
3.125720000000000000e+05 2.119312188098651291e+02
3.511190000000000000e+05 2.120015367206638359e+02
3.944210000000000000e+05 2.120612138130292124e+02
4.430620000000000000e+05 2.121069828643185815e+02
4.977020000000000000e+05 2.121346120947046643e+02
5.590810000000000000e+05 2.120925377094711735e+02
6.280290000000000000e+05 2.121179086415683628e+02
7.054800000000000000e+05 2.121929086260948907e+02
7.924830000000000000e+05 2.122083670406256601e+02
8.902150000000000000e+05 2.122207480309900234e+02
1.000000000000000000e+06 2.122152347063346838e+02
