0.000000000000000000e+00 1.653836404126626007e+02
2.999999999999999889e-01 1.655757754308105518e+02
5.999999999999999778e-01 1.656449257206554648e+02
9.000000000000000222e-01 1.658167093631737430e+02
1.199999999999999956e+00 1.661988368847989364e+02
1.500000000000000000e+00 1.667368115278206346e+02
1.800000000000000044e+00 1.673680856760520044e+02
2.100000000000000089e+00 1.679495349392761909e+02
2.399999999999999911e+00 1.682487906887561735e+02
2.700000000000000178e+00 1.680395669317690590e+02
3.000000000000000000e+00 1.672463538584125331e+02
3.299999999999999822e+00 1.659755784716288076e+02
3.600000000000000089e+00 1.644186903450444106e+02
3.899999999999999911e+00 1.627606991274994925e+02
4.200000000000000178e+00 1.611513577671841801e+02
4.500000000000000000e+00 1.597179016500095088e+02
4.799999999999999822e+00 1.585978764982990867e+02
5.099999999999999645e+00 1.580127741356847082e+02
5.400000000000000355e+00 1.583290475813698208e+02
5.700000000000000178e+00 1.596092515643305489e+02
6.000000000000000000e+00 1.610348709947225530e+02
6.299999999999999822e+00 1.614170028431523178e+02
6.599999999999999645e+00 1.601496328936411260e+02
6.900000000000000355e+00 1.575726825322676348e+02
7.200000000000000178e+00 1.545132355775615451e+02
7.500000000000000000e+00 1.514225834508279149e+02
7.799999999999999822e+00 1.484328531839839513e+02
8.099999999999999645e+00 1.454782345079361505e+02
8.400000000000000355e+00 1.425245313991374019e+02
8.699999999999999289e+00 1.400262737148517829e+02
9.000000000000000000e+00 1.385058925910319090e+02
9.300000000000000711e+00 1.382124800958693243e+02
9.599999999999999645e+00 1.387846240160197340e+02
9.900000000000000355e+00 1.395270189195487660e+02
1.019999999999999929e+01 1.400957274804862038e+02
1.050000000000000000e+01 1.403551395428726210e+02
1.080000000000000071e+01 1.401342323257795783e+02
1.109999999999999964e+01 1.394210583499596794e+02
1.140000000000000036e+01 1.386000828791747779e+02
1.169999999999999929e+01 1.381188062349332313e+02
1.200000000000000000e+01 1.378535663965282936e+02
1.230000000000000071e+01 1.383338978325956816e+02
1.259999999999999964e+01 1.399097218247986802e+02
1.290000000000000036e+01 1.420265760309541747e+02
1.319999999999999929e+01 1.445449570225491414e+02
1.350000000000000000e+01 1.473425005996934658e+02
1.380000000000000071e+01 1.499154525060320111e+02
1.409999999999999964e+01 1.517746239319815800e+02
1.440000000000000036e+01 1.528456009571342804e+02
1.469999999999999929e+01 1.531941266174429188e+02
1.500000000000000000e+01 1.528095197714191897e+02
1.530000000000000071e+01 1.517472875716689487e+02
1.559999999999999964e+01 1.501132668322601091e+02
1.590000000000000036e+01 1.479296532487526008e+02
1.619999999999999929e+01 1.451830429764375481e+02
1.650000000000000000e+01 1.420731485185301608e+02
1.680000000000000071e+01 1.391948469580324286e+02
1.710000000000000142e+01 1.370503516064197811e+02
1.739999999999999858e+01 1.355382727397041549e+02
1.769999999999999929e+01 1.343670420237961594e+02
1.800000000000000000e+01 1.334722852603468937e+02
1.830000000000000071e+01 1.330318749019562858e+02
1.860000000000000142e+01 1.332470532191148322e+02
1.889999999999999858e+01 1.340768903899524958e+02
1.919999999999999929e+01 1.353094882671046264e+02
1.950000000000000000e+01 1.368218636595785256e+02
1.980000000000000071e+01 1.383756882860366204e+02
2.010000000000000142e+01 1.396445149270979584e+02
2.039999999999999858e+01 1.404810263213653627e+02
2.069999999999999929e+01 1.409804032413095172e+02
2.100000000000000000e+01 1.412196962964584088e+02
2.130000000000000071e+01 1.411427556954144791e+02
2.160000000000000142e+01 1.406496982464820746e+02
2.189999999999999858e+01 1.397050588813143293e+02
2.219999999999999929e+01 1.383984416548692877e+02
2.250000000000000000e+01 1.369516335025237197e+02
2.280000000000000071e+01 1.356718203454884701e+02
2.310000000000000142e+01 1.346409439269702091e+02
2.339999999999999858e+01 1.337959761771343778e+02
2.369999999999999929e+01 1.331531466661023160e+02
2.400000000000000000e+01 1.328756143684410915e+02
2.430000000000000071e+01 1.330885933529146428e+02
2.460000000000000142e+01 1.336774434568371248e+02
2.489999999999999858e+01 1.345182308217726472e+02
2.519999999999999929e+01 1.354731131462391147e+02
2.550000000000000000e+01 1.363332330164253960e+02
2.580000000000000071e+01 1.369058961447553031e+02
2.610000000000000142e+01 1.371582566528589950e+02
2.639999999999999858e+01 1.372293645207631698e+02
2.669999999999999929e+01 1.372898696728539676e+02
2.700000000000000000e+01 1.374471892447867560e+02
2.730000000000000071e+01 1.376383075329909502e+02
2.760000000000000142e+01 1.376903628621059568e+02
2.789999999999999858e+01 1.374985460260613195e+02
2.819999999999999929e+01 1.370714839255467723e+02
2.850000000000000000e+01 1.364685186458774524e+02
2.880000000000000071e+01 1.357854059585673099e+02
2.910000000000000142e+01 1.349966724532640114e+02
2.939999999999999858e+01 1.346946928384032276e+02
2.969999999999999929e+01 1.341990893459303607e+02
3.000000000000000000e+01 1.339144272892588106e+02
