-1.000000000000000000e+01 1.822763951087383871e-01
-1.123320000000000007e+01 3.469005530348718835e-01
-1.261860000000000070e+01 2.783129942389360179e-01
-1.417469999999999963e+01 2.786545448926558421e-01
-1.592280000000000051e+01 1.425035929986677996e-01
-1.788650000000000162e+01 7.022135329313894392e-02
-2.009230000000000160e+01 2.187681391541640707e-01
-2.257019999999999982e+01 3.595690809034122193e-01
-2.535360000000000014e+01 5.432574417287256985e-01
-2.848039999999999949e+01 5.480679154519089158e-01
-3.199269999999999925e+01 6.418560422772437990e-01
-3.593809999999999860e+01 1.283503782329004639e-01
-4.037019999999999698e+01 1.372797323174685113e-01
-4.534879999999999711e+01 1.686967100161210098e+01
-5.094140000000000157e+01 2.373200320828015020e-01
-5.722370000000000090e+01 4.598418008072228669e-01
-6.428069999999999595e+01 3.044498990201413946e+01
-7.220810000000000173e+01 3.363872774365321305e+01
-8.111310000000000286e+01 3.743387956099643787e+01
-9.111629999999999541e+01 4.121963397670375429e+01
-1.023529999999999944e+02 4.545387106556692913e+01
-1.149759999999999991e+02 4.953262019331500454e+01
-1.291550000000000011e+02 5.460797751559790214e+01
-1.450829999999999984e+02 5.971156800205034187e+01
-1.629749999999999943e+02 6.521350848363019281e+01
-1.830740000000000123e+02 7.109298379385009525e+01
-2.056510000000000105e+02 7.759735851423624808e+01
-2.310130000000000052e+02 8.383110341529554432e+01
-2.595020000000000095e+02 8.958537503140492220e+01
-2.915049999999999955e+02 9.653161737066639603e+01
-3.274549999999999841e+02 1.025802062378903514e+02
-3.678380000000000223e+02 1.093039543646088276e+02
-4.132010000000000218e+02 1.151436040755550465e+02
-4.641589999999999918e+02 1.215353862810323591e+02
-5.214009999999999536e+02 1.270460621984388325e+02
-5.857019999999999982e+02 1.323641549979271304e+02
-6.579329999999999927e+02 1.375625150836298758e+02
-7.390720000000000027e+02 1.419683962248302009e+02
-8.302179999999999609e+02 1.460460196983580374e+02
-9.326029999999999518e+02 1.497964234070038572e+02
-1.047619999999999891e+03 1.528681334568945829e+02
-1.176809999999999945e+03 1.556877555184528319e+02
-1.321940000000000055e+03 1.579820195838665029e+02
-1.484970000000000027e+03 1.599601454416712158e+02
-1.668099999999999909e+03 1.615783335245074568e+02
-1.873819999999999936e+03 1.628900063606655806e+02
-2.104900000000000091e+03 1.639383336230239365e+02
-2.364489999999999782e+03 1.647586641552853735e+02
-2.656090000000000146e+03 1.653909635474742856e+02
-2.983650000000000091e+03 1.658705836464617391e+02
-3.351599999999999909e+03 1.662120176783898842e+02
-3.764940000000000055e+03 1.664551676534955504e+02
-4.229239999999999782e+03 1.666085029117327281e+02
-4.750810000000000400e+03 1.667014088237590670e+02
-5.336699999999999818e+03 1.667406108223364640e+02
-5.994840000000000146e+03 1.667408371017515378e+02
-6.734149999999999636e+03 1.667151739469922234e+02
-7.564630000000000109e+03 1.666689785026824211e+02
-8.497530000000000655e+03 1.666077688044629497e+02
-9.545479999999999563e+03 1.665375248226498002e+02
-1.072270000000000073e+04 1.664629242767191784e+02
-1.204500000000000000e+04 1.663867528703820540e+02
-1.353050000000000000e+04 1.663107867711438246e+02
-1.519910000000000036e+04 1.662364360531750833e+02
-1.707350000000000000e+04 1.661647687378469982e+02
-1.917909999999999854e+04 1.660966324209387892e+02
-2.154429999999999927e+04 1.660323382698953480e+02
-2.420129999999999927e+04 1.659724810117278082e+02
-2.718590000000000146e+04 1.659169288231676376e+02
-3.053859999999999854e+04 1.658654638380543247e+02
-3.430469999999999709e+04 1.658186773786699177e+02
-3.853530000000000291e+04 1.657755632177911878e+02
-4.328759999999999854e+04 1.657366395376278660e+02
-4.862600000000000000e+04 1.657008888717517721e+02
-5.462280000000000291e+04 1.656686878022226210e+02
-6.135909999999999854e+04 1.656395087363905247e+02
-6.892610000000000582e+04 1.656132293114804668e+02
-7.742639999999999418e+04 1.655895240456765976e+02
-8.697489999999999418e+04 1.655681435379202924e+02
-9.770100000000000000e+04 1.655489989144345486e+02
-1.097500000000000000e+05 1.655318162094365846e+02
-1.232850000000000000e+05 1.655161945783531507e+02
-1.384890000000000000e+05 1.655021646982411028e+02
-1.555680000000000000e+05 1.654911997568677577e+02
-1.747530000000000000e+05 1.654791669866110340e+02
-1.963040000000000000e+05 1.654671740867121343e+02
-2.205130000000000000e+05 1.654605186648049084e+02
-2.477080000000000000e+05 1.654533807385456043e+02
-2.782560000000000000e+05 1.654446436841951424e+02
-3.125720000000000000e+05 1.654406001846887477e+02
-3.511190000000000000e+05 1.654325118919307442e+02
-3.944210000000000000e+05 1.654291553636884942e+02
-4.430620000000000000e+05 1.654246198958136631e+02
-4.977020000000000000e+05 1.654183558279768533e+02
-5.590810000000000000e+05 1.654190515878798067e+02
-6.280290000000000000e+05 1.654086972092237886e+02
-7.054800000000000000e+05 1.654180134450785431e+02
-7.924830000000000000e+05 1.654130005414351103e+02
-8.902150000000000000e+05 1.653970035705904422e+02
-1.000000000000000000e+06 1.653976480056856246e+02
