0.000000000000000000e+00 2.116199518107349320e+02
1.499999999999999944e-01 2.114508845559392967e+02
2.999999999999999889e-01 2.114491688079485527e+02
4.500000000000000111e-01 2.114144286650479501e+02
5.999999999999999778e-01 2.112377664300503852e+02
7.500000000000000000e-01 2.108256838189822417e+02
9.000000000000000222e-01 2.102378455476957697e+02
1.050000000000000044e+00 2.096984498498836444e+02
1.199999999999999956e+00 2.094329841425467862e+02
1.350000000000000089e+00 2.097543916073658465e+02
1.500000000000000000e+00 2.105744306966201691e+02
1.649999999999999911e+00 2.107179322586467265e+02
1.800000000000000044e+00 2.086630915920446228e+02
1.949999999999999956e+00 2.042779618991855557e+02
2.100000000000000089e+00 1.991185326392252364e+02
2.250000000000000000e+00 1.945474325226740575e+02
2.399999999999999911e+00 1.906493905845731831e+02
2.549999999999999822e+00 1.869949913805266135e+02
2.700000000000000178e+00 1.833332271323220368e+02
2.850000000000000089e+00 1.819195413560173620e+02
3.000000000000000000e+00 1.875672309353077765e+02
3.149999999999999911e+00 1.930561362112459562e+02
3.299999999999999822e+00 1.934299346966228654e+02
3.450000000000000178e+00 1.922934777744130486e+02
3.600000000000000089e+00 1.892466257955177582e+02
3.750000000000000000e+00 1.867571401905144057e+02
3.899999999999999911e+00 1.856199502047184069e+02
4.049999999999999822e+00 1.837137976172386971e+02
4.200000000000000178e+00 1.790715152973286308e+02
4.349999999999999645e+00 1.739307815406795044e+02
4.500000000000000000e+00 1.698387162188592185e+02
4.650000000000000355e+00 1.615418673636583549e+02
4.799999999999999822e+00 1.499556053354691585e+02
4.950000000000000178e+00 1.494361944239082902e+02
5.099999999999999645e+00 1.548503681384600554e+02
5.250000000000000000e+00 1.580215587100778976e+02
5.400000000000000355e+00 1.628011187006513865e+02
5.549999999999999822e+00 1.607454974740583395e+02
5.700000000000000178e+00 1.527771976996900207e+02
5.849999999999999645e+00 1.503803256618179205e+02
6.000000000000000000e+00 1.516300316579326477e+02
6.150000000000000355e+00 1.400536014001344540e+02
6.299999999999999822e+00 1.519279225098057964e+02
6.450000000000000178e+00 1.487290003877343736e+02
6.599999999999999645e+00 1.525607173152173459e+02
6.750000000000000000e+00 1.493005496562192036e+02
6.900000000000000355e+00 1.363816862037106148e+02
7.049999999999999822e+00 1.328851216160864226e+02
7.200000000000000178e+00 1.323986295142332779e+02
7.349999999999999645e+00 1.186849653165514553e+02
7.500000000000000000e+00 1.265047952657911452e+02
7.650000000000000355e+00 1.120636955297772630e+02
7.799999999999999822e+00 1.155643546171026657e+02
7.950000000000000178e+00 1.144066901130621972e+02
8.099999999999999645e+00 1.095114024962092998e+02
8.250000000000000000e+00 1.081964549429629869e+02
8.400000000000000355e+00 1.073416395176842286e+02
8.550000000000000711e+00 1.152495563224882318e+02
8.699999999999999289e+00 1.310955210500814587e+02
8.849999999999999645e+00 1.259260636262506097e+02
9.000000000000000000e+00 1.277532206400094452e+02
9.150000000000000355e+00 1.370320795759333237e+02
9.300000000000000711e+00 1.306209883808090524e+02
9.449999999999999289e+00 1.298729297758359280e+02
9.599999999999999645e+00 1.181398526288632098e+02
9.750000000000000000e+00 1.279977253000800630e+02
9.900000000000000355e+00 1.323945109440364547e+02
1.005000000000000071e+01 1.309962934309413072e+02
1.019999999999999929e+01 1.298170676380360646e+02
1.034999999999999964e+01 1.186894891699327985e+02
1.050000000000000000e+01 1.259199293529190555e+02
1.065000000000000036e+01 1.269345428942687164e+02
1.080000000000000071e+01 1.315969698667589398e+02
1.094999999999999929e+01 1.289079588968097880e+02
1.109999999999999964e+01 1.260497608234452542e+02
1.125000000000000000e+01 1.443446455163930864e+02
1.140000000000000036e+01 1.295985460115685726e+02
1.155000000000000071e+01 1.377519590563501595e+02
1.169999999999999929e+01 1.307572008567651380e+02
1.184999999999999964e+01 1.110008225377261368e+02
1.200000000000000000e+01 1.135186783174241896e+02
1.215000000000000036e+01 1.179284512140217629e+02
1.230000000000000071e+01 1.088544162021424171e+02
1.244999999999999929e+01 1.098636157798732995e+02
1.259999999999999964e+01 1.250213683352274359e+02
1.275000000000000000e+01 1.250372955888983029e+02
1.290000000000000036e+01 1.183937710142795225e+02
1.305000000000000071e+01 1.109612118595920123e+02
1.319999999999999929e+01 1.226226885594079903e+02
1.334999999999999964e+01 1.215977442404124247e+02
1.350000000000000000e+01 1.174613378432034807e+02
1.365000000000000036e+01 1.211814386126547021e+02
1.380000000000000071e+01 1.326345467076516229e+02
1.394999999999999929e+01 1.266182381311209326e+02
1.409999999999999964e+01 1.258254692007831466e+02
1.425000000000000000e+01 1.335146673750908803e+02
1.440000000000000036e+01 1.275869609800587483e+02
1.455000000000000071e+01 1.245374186529547273e+02
1.469999999999999929e+01 1.272077038857755866e+02
1.484999999999999964e+01 1.270270052565740997e+02
1.500000000000000000e+01 1.367999538297625577e+02
1.515000000000000036e+01 1.262952408027454965e+02
1.530000000000000071e+01 1.208649332711891304e+02
1.544999999999999929e+01 1.141656015863108848e+02
1.559999999999999964e+01 1.107218121091628973e+02
1.575000000000000000e+01 1.080962755606403078e+02
1.590000000000000036e+01 1.061672006470834759e+02
1.605000000000000071e+01 1.040961090107532243e+02
1.619999999999999929e+01 1.007869427093937276e+02
1.635000000000000142e+01 1.143672179797787862e+02
1.650000000000000000e+01 1.084574716881112693e+02
1.664999999999999858e+01 1.078114803776719981e+02
1.680000000000000071e+01 1.019682659473252926e+02
1.694999999999999929e+01 1.074327857377740543e+02
1.710000000000000142e+01 1.059750697354622559e+02
1.725000000000000000e+01 1.109252108938360237e+02
1.739999999999999858e+01 1.088051503112409648e+02
1.755000000000000071e+01 1.007101654879397472e+02
1.769999999999999929e+01 9.960370085519954841e+01
1.785000000000000142e+01 9.892381027849801001e+01
1.800000000000000000e+01 9.534981104201931146e+01
1.814999999999999858e+01 8.650102475917229583e+01
1.830000000000000071e+01 8.780968264138054735e+01
1.844999999999999929e+01 8.465336396384131490e+01
1.860000000000000142e+01 9.661925780167455002e+01
1.875000000000000000e+01 8.010780546888516085e+01
1.889999999999999858e+01 8.548776896024139660e+01
1.905000000000000071e+01 7.795800462330140590e+01
1.919999999999999929e+01 9.240254291296447775e+01
1.935000000000000142e+01 9.967805879633519339e+01
1.950000000000000000e+01 8.470395978111400836e+01
1.964999999999999858e+01 8.446734009155363765e+01
1.980000000000000071e+01 7.936779227752681720e+01
1.994999999999999929e+01 7.696840082994319232e+01
2.010000000000000142e+01 7.587823677579829962e+01
2.025000000000000000e+01 9.328322773237267995e+01
2.039999999999999858e+01 8.993584216699200340e+01
2.055000000000000071e+01 8.619251376888290395e+01
2.069999999999999929e+01 9.017764606964230722e+01
2.085000000000000142e+01 8.701596728294889260e+01
2.100000000000000000e+01 8.995351153744898909e+01
2.114999999999999858e+01 8.184205032702908511e+01
2.130000000000000071e+01 7.908963159550471289e+01
2.144999999999999929e+01 7.888947821962837281e+01
2.160000000000000142e+01 9.613487927669204680e+01
2.175000000000000000e+01 8.689416594613020095e+01
2.189999999999999858e+01 8.261628667598448317e+01
2.205000000000000071e+01 7.959254194600313781e+01
2.219999999999999929e+01 7.881355675113655934e+01
2.235000000000000142e+01 8.909096839749498997e+01
2.250000000000000000e+01 8.397937277994915917e+01
2.264999999999999858e+01 8.692106420016010304e+01
2.280000000000000071e+01 8.328755220552177718e+01
2.294999999999999929e+01 9.305524996346220234e+01
2.310000000000000142e+01 1.031398829712983627e+02
2.325000000000000000e+01 9.087787699172774580e+01
2.339999999999999858e+01 8.128597514664247115e+01
2.355000000000000071e+01 8.126375905541793543e+01
2.369999999999999929e+01 8.262841284716485291e+01
2.385000000000000142e+01 8.142455487683089643e+01
2.400000000000000000e+01 8.458652779444307157e+01
2.414999999999999858e+01 7.363669704501080560e+01
2.430000000000000071e+01 7.923607211864617739e+01
2.444999999999999929e+01 6.613146856834124776e+01
2.460000000000000142e+01 9.688339262348789305e+01
2.475000000000000000e+01 9.740549299591485521e+01
2.489999999999999858e+01 1.107266407768754419e+02
2.505000000000000071e+01 8.775653153754366542e+01
2.519999999999999929e+01 8.807318674680713855e+01
2.535000000000000142e+01 1.088631244466497350e+02
2.550000000000000000e+01 1.048131987568456083e+02
2.564999999999999858e+01 9.701182637058471414e+01
2.580000000000000071e+01 1.034793164224806929e+02
2.594999999999999929e+01 7.465047467712261664e+01
2.610000000000000142e+01 9.254461150306110540e+01
2.625000000000000000e+01 8.378004464894769399e+01
2.639999999999999858e+01 8.814456452286448496e+01
2.655000000000000071e+01 8.840138489339612704e+01
2.669999999999999929e+01 8.277030111056946282e+01
2.685000000000000142e+01 7.190569433286462697e+01
2.700000000000000000e+01 7.790061456506668947e+01
2.714999999999999858e+01 7.372867630855697030e+01
2.730000000000000071e+01 9.838697181609877873e+01
2.744999999999999929e+01 8.344663441100985324e+01
2.760000000000000142e+01 8.035405694111409503e+01
2.775000000000000000e+01 7.905385030212075037e+01
2.789999999999999858e+01 8.774695325321604855e+01
2.805000000000000071e+01 8.857218167966132683e+01
2.819999999999999929e+01 9.693636069782111520e+01
2.835000000000000142e+01 8.789277831936713881e+01
2.850000000000000000e+01 8.077204866387923232e+01
2.864999999999999858e+01 7.839896666885766763e+01
2.880000000000000071e+01 9.129539977261724459e+01
2.894999999999999929e+01 1.137119788045691990e+02
2.910000000000000142e+01 7.706812325741324798e+01
2.925000000000000000e+01 8.266883204258135720e+01
2.939999999999999858e+01 8.137820124926587084e+01
2.955000000000000071e+01 7.830877897239015795e+01
2.969999999999999929e+01 7.801530007027547242e+01
2.985000000000000142e+01 9.413700652238219391e+01
3.000000000000000000e+01 7.715864565288917731e+01
