-1.000000000000000000e+01 1.884152658081883480e+00
-1.123320000000000007e+01 1.248736538636491700e+00
-1.261860000000000070e+01 2.933056589065382358e+00
-1.417469999999999963e+01 1.731527796762161175e+00
-1.592280000000000051e+01 2.182026176085726910e+00
-1.788650000000000162e+01 1.932717412350246855e+00
-2.009230000000000160e+01 1.552604323427313249e+00
-2.257019999999999982e+01 2.270635031822699546e+00
-2.535360000000000014e+01 1.319428792259461636e+00
-2.848039999999999949e+01 1.388569800034599844e+00
-3.199269999999999925e+01 1.533016924428304062e+00
-3.593809999999999860e+01 2.785944738073260485e+00
-4.037019999999999698e+01 2.375823076206819096e+00
-4.534879999999999711e+01 2.362580048143495759e+00
-5.094140000000000157e+01 2.003713515541804657e+00
-5.722370000000000090e+01 1.687316103125591660e+00
-6.428069999999999595e+01 3.519607253825234761e+00
-7.220810000000000173e+01 3.033011882479423882e+00
-8.111310000000000286e+01 2.483708094626882357e+00
-9.111629999999999541e+01 4.165817833985530072e+00
-1.023529999999999944e+02 5.037695275766233216e+00
-1.149759999999999991e+02 4.406035896776980820e+00
-1.291550000000000011e+02 4.727583102009313976e+00
-1.450829999999999984e+02 4.953466200401989816e+00
-1.629749999999999943e+02 9.630516243876627414e+00
-1.830740000000000123e+02 1.053430067244948809e+01
-2.056510000000000105e+02 9.940030705682117329e+00
-2.310130000000000052e+02 1.079390829986689759e+01
-2.595020000000000095e+02 9.401977364156241634e+00
-2.915049999999999955e+02 9.730835901797066256e+00
-3.274549999999999841e+02 1.426738135642727912e+01
-3.678380000000000223e+02 1.613882470679160264e+01
-4.132010000000000218e+02 1.497825521646514346e+01
-4.641589999999999918e+02 1.277379819914647463e+01
-5.214009999999999536e+02 1.902980558086322205e+01
-5.857019999999999982e+02 1.725621527466779170e+01
-6.579329999999999927e+02 1.350779767988972857e+01
-7.390720000000000027e+02 1.260091982442640735e+01
-8.302179999999999609e+02 1.275735725415898791e+01
-9.326029999999999518e+02 1.386279631914146293e+01
-1.047619999999999891e+03 1.528350035204710089e+01
-1.176809999999999945e+03 1.610363384878746373e+01
-1.321940000000000055e+03 1.733905342566140817e+01
-1.484970000000000027e+03 2.005369031732015728e+01
-1.668099999999999909e+03 2.292210060100834923e+01
-1.873819999999999936e+03 2.333843387012024806e+01
-2.104900000000000091e+03 2.361405280733317724e+01
-2.364489999999999782e+03 3.041874345536424684e+01
-2.656090000000000146e+03 3.016223985395031804e+01
-2.983650000000000091e+03 3.648598751324838929e+01
-3.351599999999999909e+03 3.874421302220317642e+01
-3.764940000000000055e+03 3.888655929389508970e+01
-4.229239999999999782e+03 5.248246268460734854e+01
-4.750810000000000400e+03 5.259554241492868698e+01
-5.336699999999999818e+03 5.270283336775739969e+01
-5.994840000000000146e+03 8.921412620244136349e+01
-6.734149999999999636e+03 8.896550718108697708e+01
-7.564630000000000109e+03 8.874960507528163589e+01
-8.497530000000000655e+03 1.287784989814381333e+02
-9.545479999999999563e+03 1.283237212928862334e+02
-1.072270000000000073e+04 1.279287343968298813e+02
-1.204500000000000000e+04 1.275709292085268771e+02
-1.353050000000000000e+04 1.272517637558746060e+02
-1.519910000000000036e+04 1.637026231479845819e+02
-1.707350000000000000e+04 1.632717797874586836e+02
-1.917909999999999854e+04 1.628916663222184411e+02
-2.154429999999999927e+04 1.625518169385698286e+02
-2.420129999999999927e+04 1.622481496313743037e+02
-2.718590000000000146e+04 1.619701442888396627e+02
-3.053859999999999854e+04 1.617359347270374599e+02
-3.430469999999999709e+04 1.615248326462167938e+02
-3.853530000000000291e+04 1.613343216549924648e+02
-4.328759999999999854e+04 2.153671244235484608e+02
-4.862600000000000000e+04 2.150427698242811516e+02
-5.462280000000000291e+04 2.147507205305371656e+02
-6.135909999999999854e+04 2.144893713659097045e+02
-6.892610000000000582e+04 2.142594578628201987e+02
-7.742639999999999418e+04 1.605507747188403300e+02
-8.697489999999999418e+04 2.138691121940956918e+02
-9.770100000000000000e+04 2.136998938358707676e+02
-1.097500000000000000e+05 2.135594187685652230e+02
-1.232850000000000000e+05 2.134260342881197801e+02
-1.384890000000000000e+05 2.133082523812858824e+02
-1.555680000000000000e+05 2.132128784198245341e+02
-1.747530000000000000e+05 2.131079066028425473e+02
-1.963040000000000000e+05 2.130329390451460370e+02
-2.205130000000000000e+05 2.129527731052041020e+02
-2.477080000000000000e+05 2.128983013094619139e+02
-2.782560000000000000e+05 2.128735605057030966e+02
-3.125720000000000000e+05 2.128102922884185659e+02
-3.511190000000000000e+05 2.127641516425973691e+02
-3.944210000000000000e+05 2.126862818716074912e+02
-4.430620000000000000e+05 2.126530926072539671e+02
-4.977020000000000000e+05 2.126222636702108844e+02
-5.590810000000000000e+05 2.126310866914118378e+02
-6.280290000000000000e+05 2.126115103346157298e+02
-7.054800000000000000e+05 2.125581567085307029e+02
-7.924830000000000000e+05 2.125432008940603055e+02
-8.902150000000000000e+05 2.125265887657122903e+02
-1.000000000000000000e+06 2.125320766654400586e+02
