-1.000000000000000000e+01 1.997344299420408531e-01
-1.123320000000000007e+01 1.819559356706650921e-01
-1.261860000000000070e+01 2.762363824264728596e-01
-1.417469999999999963e+01 2.321143034223365764e-01
-1.592280000000000051e+01 1.793012753053443709e-01
-1.788650000000000162e+01 2.155726271849267850e-01
-2.009230000000000160e+01 1.739185107716513523e-01
-2.257019999999999982e+01 1.955482060462367111e-01
-2.535360000000000014e+01 2.147169892072459396e-01
-2.848039999999999949e+01 2.399651131582850316e-01
-3.199269999999999925e+01 2.680218450116246820e-01
-3.593809999999999860e+01 3.028306038773204700e-01
-4.037019999999999698e+01 3.382526857667214060e-01
-4.534879999999999711e+01 3.808041869991952155e-01
-5.094140000000000157e+01 4.305375686901216081e-01
-5.722370000000000090e+01 4.802572459036507646e-01
-6.428069999999999595e+01 5.412734779827405029e-01
-7.220810000000000173e+01 6.056404842080775897e-01
-8.111310000000000286e+01 6.810246124135355128e-01
-9.111629999999999541e+01 7.664710548091429043e-01
-1.023529999999999944e+02 8.591393299197773725e-01
-1.149759999999999991e+02 9.648099778732489584e-01
-1.291550000000000011e+02 1.080579851914829304e+00
-1.450829999999999984e+02 1.212288003674514725e+00
-1.629749999999999943e+02 1.359163110760120974e+00
-1.830740000000000123e+02 1.525384047069501481e+00
-2.056510000000000105e+02 1.706056844837740227e+00
-2.310130000000000052e+02 1.913449962813669636e+00
-2.595020000000000095e+02 2.145894555366380629e+00
-2.915049999999999955e+02 2.402355810193109065e+00
-3.274549999999999841e+02 2.703637982447076205e+00
-3.678380000000000223e+02 3.031775393162496890e+00
-4.132010000000000218e+02 3.401322931442885444e+00
-4.641589999999999918e+02 3.824850307284662687e+00
-5.214009999999999536e+02 4.292891986317970421e+00
-5.857019999999999982e+02 4.819526167735572741e+00
-6.579329999999999927e+02 5.417954571338989389e+00
-7.390720000000000027e+02 6.086299015450974181e+00
-8.302179999999999609e+02 6.839213059730345101e+00
-9.326029999999999518e+02 7.670129708281879566e+00
-1.047619999999999891e+03 8.622003880508088969e+00
-1.176809999999999945e+03 9.674566083010439854e+00
-1.321940000000000055e+03 1.087502754511976732e+01
-1.484970000000000027e+03 1.223816870138002066e+01
-1.668099999999999909e+03 1.370743600704899556e+01
-1.873819999999999936e+03 1.538404989955782654e+01
-2.104900000000000091e+03 1.728223873391478449e+01
-2.364489999999999782e+03 1.938426054862165060e+01
-2.656090000000000146e+03 2.175480697418871401e+01
-2.983650000000000091e+03 2.447065323131819170e+01
-3.351599999999999909e+03 2.749630763729150473e+01
-3.764940000000000055e+03 3.069031997430198899e+01
-4.229239999999999782e+03 3.459443127455610778e+01
-4.750810000000000400e+03 3.851006700219383561e+01
-5.336699999999999818e+03 4.337994915143634955e+01
-5.994840000000000146e+03 4.828595946168728403e+01
-6.734149999999999636e+03 5.389506313071905197e+01
-7.564630000000000109e+03 6.040870806351296807e+01
-8.497530000000000655e+03 6.703017383240124616e+01
-9.545479999999999563e+03 7.412946478336364464e+01
-1.072270000000000073e+04 8.226544524429019134e+01
-1.204500000000000000e+04 9.116156210401369719e+01
-1.353050000000000000e+04 1.002654665011778974e+02
-1.519910000000000036e+04 1.093774214465103398e+02
-1.707350000000000000e+04 1.186256098696081551e+02
-1.917909999999999854e+04 1.281430602081830727e+02
-2.154429999999999927e+04 1.378733274319347970e+02
-2.420129999999999927e+04 1.475817815416434655e+02
-2.718590000000000146e+04 1.569524580251567443e+02
-3.053859999999999854e+04 1.656951098658961712e+02
-3.430469999999999709e+04 1.736006926898921563e+02
-3.853530000000000291e+04 1.805607423562136944e+02
-4.328759999999999854e+04 1.865501798747723967e+02
-4.862600000000000000e+04 1.916104479314614082e+02
-5.462280000000000291e+04 1.958209208646342745e+02
-6.135909999999999854e+04 1.992809732803877694e+02
-6.892610000000000582e+04 2.020957785470239969e+02
-7.742639999999999418e+04 2.043656963349191074e+02
-8.697489999999999418e+04 2.061838506885444531e+02
-9.770100000000000000e+04 2.076307656998058064e+02
-1.097500000000000000e+05 2.087770807744986428e+02
-1.232850000000000000e+05 2.096802095704246653e+02
-1.384890000000000000e+05 2.103867320616351151e+02
-1.555680000000000000e+05 2.109398308280252934e+02
-1.747530000000000000e+05 2.113700400550925735e+02
-1.963040000000000000e+05 2.117026795661136873e+02
-2.205130000000000000e+05 2.119591554015744066e+02
-2.477080000000000000e+05 2.121553860286385600e+02
-2.782560000000000000e+05 2.123013690692025648e+02
-3.125720000000000000e+05 2.124148069759456803e+02
-3.511190000000000000e+05 2.124981091219898701e+02
-3.944210000000000000e+05 2.125607811846070376e+02
-4.430620000000000000e+05 2.126062228235339262e+02
-4.977020000000000000e+05 2.126381884317562765e+02
-5.590810000000000000e+05 2.126568840688048851e+02
-6.280290000000000000e+05 2.126723110067728726e+02
-7.054800000000000000e+05 2.126813809494817065e+02
-7.924830000000000000e+05 2.126862171185845796e+02
-8.902150000000000000e+05 2.126878610485224783e+02
-1.000000000000000000e+06 2.126870133325775498e+02
