1.000000000000000000e+01 1.158093861829864846e+00
1.123320000000000007e+01 9.132101433677867197e-01
1.261860000000000070e+01 1.048776278397190120e+00
1.417469999999999963e+01 1.558884437733572881e+00
1.592280000000000051e+01 2.261699959272696958e+00
1.788650000000000162e+01 1.500837416408731917e+00
2.009230000000000160e+01 1.084233014915902293e+00
2.257019999999999982e+01 1.615715549879787716e+00
2.535360000000000014e+01 1.034402521863354796e+00
2.848039999999999949e+01 8.362258846479525554e-01
3.199269999999999925e+01 8.437763244452867184e-01
3.593809999999999860e+01 6.389218870128130501e-01
4.037019999999999698e+01 1.220730835708784934e+00
4.534879999999999711e+01 1.556391274265606750e+00
5.094140000000000157e+01 2.465188219571527117e+00
5.722370000000000090e+01 2.592977660810402263e+00
6.428069999999999595e+01 3.131507385508051300e+00
7.220810000000000173e+01 3.706095803955582468e+00
8.111310000000000286e+01 2.976677403731716076e+00
9.111629999999999541e+01 4.485717494762708313e+00
1.023529999999999944e+02 3.780980118166402892e+00
1.149759999999999991e+02 3.708472605540823253e+00
1.291550000000000011e+02 4.536426181589201079e+00
1.450829999999999984e+02 4.618606390754051993e+00
1.629749999999999943e+02 6.676828994784457016e+00
1.830740000000000123e+02 6.487092234186270900e+00
2.056510000000000105e+02 4.125652515116846608e+00
2.310130000000000052e+02 3.454867388035083753e+00
2.595020000000000095e+02 3.877090351566432336e+00
2.915049999999999955e+02 3.638468163179796822e+00
3.274549999999999841e+02 3.922368627700556498e+00
3.678380000000000223e+02 5.545473439772089286e+00
4.132010000000000218e+02 4.676920650213847175e+00
4.641589999999999918e+02 5.907781073573494801e+00
5.214009999999999536e+02 3.464565149279399847e+00
5.857019999999999982e+02 2.220263764268130657e+00
6.579329999999999927e+02 9.944218414936779604e-01
7.390720000000000027e+02 2.389828485742443220e+00
8.302179999999999609e+02 5.705083271353192487e+00
9.326029999999999518e+02 6.569863744712175269e+00
1.047619999999999891e+03 1.300896816994031902e+01
1.176809999999999945e+03 7.196231957801575874e+00
1.321940000000000055e+03 1.748710153649680166e+01
1.484970000000000027e+03 1.337640333508920953e+01
1.668099999999999909e+03 2.006283059842982297e+01
1.873819999999999936e+03 1.594449733149227022e+01
2.104900000000000091e+03 2.345030172488597131e+01
2.364489999999999782e+03 2.025042711510889504e+01
2.656090000000000146e+03 2.824557596985900787e+01
2.983650000000000091e+03 3.233512831220945571e+01
3.351599999999999909e+03 3.256899618310311695e+01
3.764940000000000055e+03 2.773561909867300201e+01
4.229239999999999782e+03 3.536768271705847866e+01
4.750810000000000400e+03 4.204053685977037702e+01
5.336699999999999818e+03 5.640751235475226366e+01
5.994840000000000146e+03 5.637011612465521893e+01
6.734149999999999636e+03 8.568085301623791850e+01
7.564630000000000109e+03 8.589154751693709500e+01
8.497530000000000655e+03 8.607589207492246430e+01
9.545479999999999563e+03 1.206144222752186153e+02
1.072270000000000073e+04 1.209931899789815617e+02
1.204500000000000000e+04 1.213329122858291953e+02
1.353050000000000000e+04 1.216366796446588978e+02
1.519910000000000036e+04 1.552942681212895764e+02
1.707350000000000000e+04 1.557174341113320111e+02
1.917909999999999854e+04 1.560890882805605031e+02
2.154429999999999927e+04 1.564328708385705795e+02
2.420129999999999927e+04 1.567153874533713633e+02
2.718590000000000146e+04 1.569793250790680759e+02
3.053859999999999854e+04 1.572136772409704690e+02
3.430469999999999709e+04 2.085207099626332763e+02
3.853530000000000291e+04 1.576136719307708915e+02
4.328759999999999854e+04 1.577916748189025782e+02
4.862600000000000000e+04 2.096307919113322669e+02
5.462280000000000291e+04 2.099208832558578592e+02
6.135909999999999854e+04 2.101813904723349822e+02
6.892610000000000582e+04 2.104095332867710226e+02
7.742639999999999418e+04 2.106168551534296682e+02
8.697489999999999418e+04 2.108016232524361442e+02
9.770100000000000000e+04 2.109627281868851014e+02
1.097500000000000000e+05 2.111071423592713927e+02
1.232850000000000000e+05 2.112373786258025063e+02
1.384890000000000000e+05 2.113443926044665773e+02
1.555680000000000000e+05 1.589286174128726259e+02
1.747530000000000000e+05 2.115377622092234731e+02
1.963040000000000000e+05 2.116253376367294550e+02
2.205130000000000000e+05 2.116958985244988583e+02
2.477080000000000000e+05 2.117619641407905817e+02
2.782560000000000000e+05 2.118038029143567087e+02
3.125720000000000000e+05 2.118572331944849907e+02
3.511190000000000000e+05 2.119069000124288209e+02
3.944210000000000000e+05 2.119486600316043905e+02
4.430620000000000000e+05 2.119883603178933527e+02
4.977020000000000000e+05 2.120240015038786225e+02
5.590810000000000000e+05 2.120292984393053075e+02
6.280290000000000000e+05 2.120480245613786394e+02
7.054800000000000000e+05 2.120887730600665009e+02
7.924830000000000000e+05 2.121103236672920218e+02
8.902150000000000000e+05 2.121248838203166258e+02
1.000000000000000000e+06 2.121305845662797651e+02
