-1.000000000000000000e+01 7.399501986096299611e-01
-1.123320000000000007e+01 1.165749983301290982e+00
-1.261860000000000070e+01 1.097540044577118179e+00
-1.417469999999999963e+01 7.629174244876425481e-01
-1.592280000000000051e+01 6.351370487029164291e-01
-1.788650000000000162e+01 1.078384725493226615e+00
-2.009230000000000160e+01 1.065436989395574852e+00
-2.257019999999999982e+01 1.181658661349443307e+00
-2.535360000000000014e+01 1.275298006017023145e+00
-2.848039999999999949e+01 1.383403262565066294e+00
-3.199269999999999925e+01 8.535850379992365733e-01
-3.593809999999999860e+01 1.477022076354791880e+00
-4.037019999999999698e+01 1.220374988645270831e+00
-4.534879999999999711e+01 1.253979250214996677e+00
-5.094140000000000157e+01 1.180109963361458680e+00
-5.722370000000000090e+01 1.798219049517004287e+00
-6.428069999999999595e+01 2.437391187797610659e+00
-7.220810000000000173e+01 3.017465235093746756e+00
-8.111310000000000286e+01 2.417543240425520157e+00
-9.111629999999999541e+01 4.398304802565993654e+00
-1.023529999999999944e+02 5.073696108644159430e+00
-1.149759999999999991e+02 3.303431520908281183e+00
-1.291550000000000011e+02 4.185216613497551918e+00
-1.450829999999999984e+02 5.205439586055614853e+00
-1.629749999999999943e+02 8.793817538744663764e+00
-1.830740000000000123e+02 1.073795227907072380e+01
-2.056510000000000105e+02 1.017819856212341456e+01
-2.310130000000000052e+02 1.071319758624039231e+01
-2.595020000000000095e+02 9.221869709082229249e+00
-2.915049999999999955e+02 9.636592167005355591e+00
-3.274549999999999841e+02 1.410063067913995738e+01
-3.678380000000000223e+02 1.589195531795436800e+01
-4.132010000000000218e+02 1.471934388364487845e+01
-4.641589999999999918e+02 1.227897472254770328e+01
-5.214009999999999536e+02 1.916268558441665704e+01
-5.857019999999999982e+02 1.708480970999705306e+01
-6.579329999999999927e+02 1.315910456952249596e+01
-7.390720000000000027e+02 1.200956731805604250e+01
-8.302179999999999609e+02 1.315791389346046181e+01
-9.326029999999999518e+02 1.429714432428262683e+01
-1.047619999999999891e+03 1.575500248006390080e+01
-1.176809999999999945e+03 1.659663402455212733e+01
-1.321940000000000055e+03 1.764709092086523512e+01
-1.484970000000000027e+03 2.060598976438472363e+01
-1.668099999999999909e+03 2.348161525812364303e+01
-1.873819999999999936e+03 2.379905845096313399e+01
-2.104900000000000091e+03 2.387203283365428419e+01
-2.364489999999999782e+03 3.008692916095747094e+01
-2.656090000000000146e+03 2.990690585694961001e+01
-2.983650000000000091e+03 3.636499722914969368e+01
-3.351599999999999909e+03 3.880567244855593145e+01
-3.764940000000000055e+03 3.895545978899696138e+01
-4.229239999999999782e+03 5.235167146182428155e+01
-4.750810000000000400e+03 5.249252937070372838e+01
-5.336699999999999818e+03 5.261594126623380419e+01
-5.994840000000000146e+03 8.907221740516585839e+01
-6.734149999999999636e+03 8.884285387441639159e+01
-7.564630000000000109e+03 8.864244145914605610e+01
-8.497530000000000655e+03 1.286610438966225729e+02
-9.545479999999999563e+03 1.282176378168144879e+02
-1.072270000000000073e+04 1.278324089634825071e+02
-1.204500000000000000e+04 1.274827121508620422e+02
-1.353050000000000000e+04 1.271703334438335986e+02
-1.519910000000000036e+04 1.636326331495776856e+02
-1.707350000000000000e+04 1.632055362215664331e+02
-1.917909999999999854e+04 1.628292721357755681e+02
-2.154429999999999927e+04 1.624923554699556121e+02
-2.420129999999999927e+04 1.621906775118029600e+02
-2.718590000000000146e+04 1.619150813863653866e+02
-3.053859999999999854e+04 1.616828101199791377e+02
-3.430469999999999709e+04 1.614736758977809075e+02
-3.853530000000000291e+04 1.612844967921694206e+02
-4.328759999999999854e+04 2.152510968361914934e+02
-4.862600000000000000e+04 2.149242532536198098e+02
-5.462280000000000291e+04 2.146354895013098769e+02
-6.135909999999999854e+04 2.143767925401357672e+02
-6.892610000000000582e+04 2.141473517050690134e+02
-7.742639999999999418e+04 1.605068960646899541e+02
-8.697489999999999418e+04 2.137618038546745254e+02
-9.770100000000000000e+04 2.135985199002803085e+02
-1.097500000000000000e+05 2.134541256732190959e+02
-1.232850000000000000e+05 2.133251662539364588e+02
-1.384890000000000000e+05 2.132071700548409012e+02
-1.555680000000000000e+05 2.131048975881124363e+02
-1.747530000000000000e+05 2.130172723146204703e+02
-1.963040000000000000e+05 2.129323233613747561e+02
-2.205130000000000000e+05 2.128615583912258558e+02
-2.477080000000000000e+05 2.127978264611147381e+02
-2.782560000000000000e+05 2.127450731209619619e+02
-3.125720000000000000e+05 2.126967172463002100e+02
-3.511190000000000000e+05 2.126499445948895186e+02
-3.944210000000000000e+05 2.126041170563087803e+02
-4.430620000000000000e+05 2.125637149139362805e+02
-4.977020000000000000e+05 2.125313677693331158e+02
-5.590810000000000000e+05 2.125044770948750568e+02
-6.280290000000000000e+05 2.124917893598783394e+02
-7.054800000000000000e+05 2.124587274998963267e+02
-7.924830000000000000e+05 2.124358435125309654e+02
-8.902150000000000000e+05 2.124179834687914479e+02
-1.000000000000000000e+06 2.124137868211209366e+02
