0.000000000000000000e+00 2.126046138103253327e+02
2.999999999999999889e-01 1.871080297336634146e+02
5.999999999999999778e-01 1.808352547855840271e+02
9.000000000000000222e-01 1.644471087001765000e+02
1.199999999999999956e+00 1.309131496434468147e+02
1.500000000000000000e+00 1.061067752905094608e+02
1.800000000000000044e+00 9.391393722297044633e+01
2.100000000000000089e+00 8.859010193756033402e+01
2.399999999999999911e+00 8.644877839926265040e+01
2.700000000000000178e+00 8.584930606994626601e+01
3.000000000000000000e+00 8.545384160542904795e+01
3.299999999999999822e+00 8.518236562366291764e+01
3.600000000000000089e+00 8.530754051284317541e+01
3.899999999999999911e+00 8.530731067743265328e+01
4.200000000000000178e+00 8.508838506768834975e+01
4.500000000000000000e+00 8.510141830402277208e+01
4.799999999999999822e+00 8.521183350807031331e+01
5.099999999999999645e+00 8.512376966705663506e+01
5.400000000000000355e+00 8.514171523744120407e+01
5.700000000000000178e+00 8.527247845640512480e+01
6.000000000000000000e+00 8.519115174733337881e+01
6.299999999999999822e+00 8.507647000091033362e+01
6.599999999999999645e+00 8.516689513692575986e+01
6.900000000000000355e+00 8.519941263875425363e+01
7.200000000000000178e+00 8.512032692645156828e+01
7.500000000000000000e+00 8.518372271722510902e+01
7.799999999999999822e+00 8.524194569079000416e+01
8.099999999999999645e+00 8.513712398385129632e+01
8.400000000000000355e+00 8.510308625707223484e+01
8.699999999999999289e+00 8.519763541462457113e+01
9.000000000000000000e+00 8.518022819439572402e+01
9.300000000000000711e+00 8.513857536121990677e+01
9.599999999999999645e+00 8.520198577294620179e+01
9.900000000000000355e+00 8.519324467243194476e+01
1.019999999999999929e+01 8.511655036830602228e+01
1.050000000000000000e+01 8.514095085194949775e+01
1.080000000000000071e+01 8.519985598809464022e+01
1.109999999999999964e+01 8.516596093352538333e+01
1.140000000000000036e+01 8.516699949341807496e+01
1.169999999999999929e+01 8.520648153024825433e+01
1.200000000000000000e+01 8.515308062847348936e+01
1.230000000000000071e+01 8.510926780176473017e+01
1.259999999999999964e+01 8.517297234941544559e+01
1.290000000000000036e+01 8.519721775328859792e+01
1.319999999999999929e+01 8.516016048262174820e+01
1.350000000000000000e+01 8.518718868975389569e+01
1.380000000000000071e+01 8.519866919333345834e+01
1.409999999999999964e+01 8.512947583092081061e+01
1.440000000000000036e+01 8.511327132087258462e+01
1.469999999999999929e+01 8.518085197293063970e+01
1.500000000000000000e+01 8.518850064701744884e+01
1.530000000000000071e+01 8.517536638545182370e+01
1.559999999999999964e+01 8.520388368534801771e+01
1.590000000000000036e+01 8.517449446729362705e+01
1.619999999999999929e+01 8.511389845699635259e+01
1.650000000000000000e+01 8.513623991779952860e+01
1.680000000000000071e+01 8.518235991622479730e+01
1.710000000000000142e+01 8.517037917763406085e+01
1.739999999999999858e+01 8.518549278760127663e+01
1.769999999999999929e+01 8.521346268589809370e+01
1.800000000000000000e+01 8.516436126520662242e+01
1.830000000000000071e+01 8.511282669955527069e+01
1.860000000000000142e+01 8.514552944419233427e+01
1.889999999999999858e+01 8.517038520348539521e+01
1.919999999999999929e+01 8.516478091567064723e+01
1.950000000000000000e+01 8.520082994138775234e+01
1.980000000000000071e+01 8.520734231828569705e+01
2.010000000000000142e+01 8.514922802387366119e+01
2.039999999999999858e+01 8.512789233415760748e+01
2.069999999999999929e+01 8.516246919386198044e+01
2.100000000000000000e+01 8.516065978391876001e+01
2.130000000000000071e+01 8.515940101009040575e+01
2.160000000000000142e+01 8.519866381888347462e+01
2.189999999999999858e+01 8.517961132887330677e+01
2.219999999999999929e+01 8.514888628699100082e+01
2.250000000000000000e+01 8.515515141598781668e+01
2.280000000000000071e+01 8.517245555486820763e+01
2.310000000000000142e+01 8.515032517410308799e+01
2.339999999999999858e+01 8.515943440931771136e+01
2.369999999999999929e+01 8.519240804062194172e+01
2.400000000000000000e+01 8.514415378240612142e+01
2.430000000000000071e+01 8.514764217157667758e+01
2.460000000000000142e+01 8.517154284847296708e+01
2.489999999999999858e+01 8.517539888801701409e+01
2.519999999999999929e+01 8.515667219915241049e+01
2.550000000000000000e+01 8.517574228074869325e+01
2.580000000000000071e+01 8.518327408539964551e+01
2.610000000000000142e+01 8.514719686782665065e+01
2.639999999999999858e+01 8.514107214576706895e+01
2.669999999999999929e+01 8.517494416635553023e+01
2.700000000000000000e+01 8.517606425496208544e+01
2.730000000000000071e+01 8.517278885894927498e+01
2.760000000000000142e+01 8.519475165252588056e+01
2.789999999999999858e+01 8.517558379229106436e+01
2.819999999999999929e+01 8.513349911439135553e+01
2.850000000000000000e+01 8.514133648768806495e+01
2.880000000000000071e+01 8.516705676534238023e+01
2.910000000000000142e+01 8.516676536806579634e+01
2.939999999999999858e+01 8.518248704968918616e+01
2.969999999999999929e+01 8.518152977824874483e+01
3.000000000000000000e+01 8.517194813960071542e+01
