0.000000000000000000e+00 2.126046138103253327e+02
2.999999999999999889e-01 2.063201084389267805e+02
5.999999999999999778e-01 2.046129112349256047e+02
9.000000000000000222e-01 1.999230931935363458e+02
1.199999999999999956e+00 1.893929360124929246e+02
1.500000000000000000e+00 1.811329297848064073e+02
1.800000000000000044e+00 1.767777014544649035e+02
2.100000000000000089e+00 1.745897905031264372e+02
2.399999999999999911e+00 1.734909417477695683e+02
2.700000000000000178e+00 1.730371430417379202e+02
3.000000000000000000e+00 1.727676038000870165e+02
3.299999999999999822e+00 1.726219028174220114e+02
3.600000000000000089e+00 1.726577936202830585e+02
3.899999999999999911e+00 1.726404458086467457e+02
4.200000000000000178e+00 1.725256776322672181e+02
4.500000000000000000e+00 1.725125265533422407e+02
4.799999999999999822e+00 1.725556853712812710e+02
5.099999999999999645e+00 1.725374828666712403e+02
5.400000000000000355e+00 1.725606225124610660e+02
5.700000000000000178e+00 1.726153666732684542e+02
6.000000000000000000e+00 1.725720026033566796e+02
6.299999999999999822e+00 1.725126724305343942e+02
6.599999999999999645e+00 1.725430908831350507e+02
6.900000000000000355e+00 1.725630498976662466e+02
7.200000000000000178e+00 1.725439704907875864e+02
7.500000000000000000e+00 1.725749556985287541e+02
7.799999999999999822e+00 1.725941433689655469e+02
8.099999999999999645e+00 1.725421158780417272e+02
8.400000000000000355e+00 1.725227269266864312e+02
8.699999999999999289e+00 1.725615494778620587e+02
9.000000000000000000e+00 1.725639214684818796e+02
9.300000000000000711e+00 1.725543178036474501e+02
9.599999999999999645e+00 1.725779697653360643e+02
9.900000000000000355e+00 1.725676656370991680e+02
1.019999999999999929e+01 1.725289888599602648e+02
1.050000000000000000e+01 1.725387562198311571e+02
1.080000000000000071e+01 1.725689476795945723e+02
1.109999999999999964e+01 1.725638489314372919e+02
1.140000000000000036e+01 1.725666401683550362e+02
1.169999999999999929e+01 1.725760863491162809e+02
1.200000000000000000e+01 1.725453810083761255e+02
1.230000000000000071e+01 1.725233471452404501e+02
1.259999999999999964e+01 1.725530641494557074e+02
1.290000000000000036e+01 1.725730464573246650e+02
1.319999999999999929e+01 1.725658613394184044e+02
1.350000000000000000e+01 1.725749124329117592e+02
1.380000000000000071e+01 1.725698569532348472e+02
1.409999999999999964e+01 1.725312063459816443e+02
1.440000000000000036e+01 1.725230213441343778e+02
1.469999999999999929e+01 1.725576689515228281e+02
1.500000000000000000e+01 1.725730871291071935e+02
1.530000000000000071e+01 1.725748423838506085e+02
1.559999999999999964e+01 1.725817582191682789e+02
1.590000000000000036e+01 1.725582105101171351e+02
1.619999999999999929e+01 1.725225433818753515e+02
1.650000000000000000e+01 1.725307087657309069e+02
1.680000000000000071e+01 1.725589803428466666e+02
1.710000000000000142e+01 1.725675337219842618e+02
1.739999999999999858e+01 1.725798721312396253e+02
1.769999999999999929e+01 1.725856443813763121e+02
1.800000000000000000e+01 1.725536288733717640e+02
1.830000000000000071e+01 1.725224598269833507e+02
1.860000000000000142e+01 1.725343535878529337e+02
1.889999999999999858e+01 1.725539834942672712e+02
1.919999999999999929e+01 1.725644846426696688e+02
1.950000000000000000e+01 1.725846302669234547e+02
1.980000000000000071e+01 1.725827021356004707e+02
2.010000000000000142e+01 1.725481717707291693e+02
2.039999999999999858e+01 1.725311135023600855e+02
2.069999999999999929e+01 1.725438955791574358e+02
2.100000000000000000e+01 1.725506440762061970e+02
2.130000000000000071e+01 1.725594899240869324e+02
2.160000000000000142e+01 1.725791413920640593e+02
2.189999999999999858e+01 1.725686849601142967e+02
2.219999999999999929e+01 1.725492730676196231e+02
2.250000000000000000e+01 1.725463963421561004e+02
2.280000000000000071e+01 1.725530771945911681e+02
2.310000000000000142e+01 1.725488591564039496e+02
2.339999999999999858e+01 1.725571449631117105e+02
2.369999999999999929e+01 1.725710176090586288e+02
2.400000000000000000e+01 1.725484672030396212e+02
2.430000000000000071e+01 1.725472614587172870e+02
2.460000000000000142e+01 1.725563680555237909e+02
2.489999999999999858e+01 1.725609958196755827e+02
2.519999999999999929e+01 1.725567995537844013e+02
2.550000000000000000e+01 1.725640130205748903e+02
2.580000000000000071e+01 1.725630726379265241e+02
2.610000000000000142e+01 1.725437014201201862e+02
2.639999999999999858e+01 1.725404292237384993e+02
2.669999999999999929e+01 1.725578889212824265e+02
2.700000000000000000e+01 1.725653874387834605e+02
2.730000000000000071e+01 1.725684791512211405e+02
2.760000000000000142e+01 1.725748912742653545e+02
2.789999999999999858e+01 1.725601233163959023e+02
2.819999999999999929e+01 1.725356708666833470e+02
2.850000000000000000e+01 1.725367679394835534e+02
2.880000000000000071e+01 1.725517598569510938e+02
2.910000000000000142e+01 1.725602165967359269e+02
2.939999999999999858e+01 1.725725637379588591e+02
2.969999999999999929e+01 1.725712062444108312e+02
3.000000000000000000e+01 1.725616311469484287e+02
