0.000000000000000000e+00 1.653390808159972210e+02
1.700000000000000122e-01 1.656825652451902329e+02
3.400000000000000244e-01 1.657186523652093229e+02
5.100000000000000089e-01 1.657864133348227540e+02
6.800000000000000488e-01 1.659002472420631591e+02
8.499999999999999778e-01 1.660882745786071553e+02
1.020000000000000018e+00 1.664060651302474696e+02
1.189999999999999947e+00 1.668525460546221950e+02
1.360000000000000098e+00 1.673950481368570422e+02
1.530000000000000027e+00 1.680290952184087416e+02
1.699999999999999956e+00 1.687328836629689022e+02
1.870000000000000107e+00 1.694567671081767628e+02
2.040000000000000036e+00 1.701137088176062662e+02
2.209999999999999964e+00 1.705798160504693897e+02
2.379999999999999893e+00 1.707190939150596876e+02
2.549999999999999822e+00 1.704306330407225687e+02
2.720000000000000195e+00 1.696869875279758446e+02
2.890000000000000124e+00 1.685319574932830164e+02
3.060000000000000053e+00 1.670466849792020412e+02
3.229999999999999982e+00 1.653170030927374512e+02
3.399999999999999911e+00 1.634163165972008187e+02
3.569999999999999840e+00 1.614011118561858211e+02
3.740000000000000213e+00 1.593129757883111779e+02
3.910000000000000142e+00 1.571825804521096757e+02
4.080000000000000071e+00 1.550332389221945846e+02
4.250000000000000000e+00 1.528836333088556785e+02
4.419999999999999929e+00 1.507505783420682803e+02
4.589999999999999858e+00 1.486534653954194027e+02
4.759999999999999787e+00 1.466112883847109742e+02
4.929999999999999716e+00 1.446247305742006972e+02
5.099999999999999645e+00 1.427470593465712625e+02
5.269999999999999574e+00 1.412871778396662421e+02
5.440000000000000391e+00 1.406872213588320619e+02
5.610000000000000320e+00 1.410520946748010260e+02
5.780000000000000249e+00 1.419897730262532889e+02
5.950000000000000178e+00 1.428020528890746164e+02
6.120000000000000107e+00 1.428683218504765193e+02
6.290000000000000036e+00 1.418407477975665074e+02
6.459999999999999964e+00 1.395416940704315039e+02
6.629999999999999893e+00 1.359891375849528288e+02
6.799999999999999822e+00 1.309136977696336714e+02
6.969999999999999751e+00 1.272115196936321837e+02
7.139999999999999680e+00 1.241018538709560062e+02
7.309999999999999609e+00 1.224736143812764766e+02
7.480000000000000426e+00 1.194871173908318980e+02
7.650000000000000355e+00 1.174170200551225918e+02
7.820000000000000284e+00 1.160630165576080515e+02
7.990000000000000213e+00 1.151290107087030776e+02
8.160000000000000142e+00 1.139195744194049240e+02
8.330000000000000071e+00 1.103242831826675427e+02
8.500000000000000000e+00 1.104557330239735080e+02
8.669999999999999929e+00 1.109099831374828682e+02
8.839999999999999858e+00 1.121028084199837025e+02
9.009999999999999787e+00 1.137377931946277414e+02
9.179999999999999716e+00 1.026913706039081546e+02
9.349999999999999645e+00 1.021933701125579148e+02
9.519999999999999574e+00 1.024561960015756483e+02
9.689999999999999503e+00 1.031891759658495857e+02
9.859999999999999432e+00 1.040127392779492510e+02
1.002999999999999936e+01 1.204427895185965980e+02
1.019999999999999929e+01 1.195225774779876815e+02
1.036999999999999922e+01 1.187344780312152608e+02
1.053999999999999915e+01 1.179965639069933303e+02
1.071000000000000085e+01 1.170349539818597009e+02
1.088000000000000078e+01 1.156718107784546419e+02
1.105000000000000071e+01 1.208286948676276751e+02
1.122000000000000064e+01 1.199318093702191419e+02
1.139000000000000057e+01 1.195298727778304624e+02
1.156000000000000050e+01 1.192055218201124234e+02
1.173000000000000043e+01 1.184486817428436609e+02
1.190000000000000036e+01 1.170191740718141915e+02
1.207000000000000028e+01 1.149775753874416466e+02
1.224000000000000021e+01 1.125453143814003596e+02
1.241000000000000014e+01 1.100518272394791666e+02
1.258000000000000007e+01 1.076874642428088720e+02
1.275000000000000000e+01 1.054981758413028246e+02
1.291999999999999993e+01 1.034495712904781044e+02
1.308999999999999986e+01 1.092002688723739112e+02
1.325999999999999979e+01 1.085103804384241073e+02
1.342999999999999972e+01 1.076850012684943039e+02
1.359999999999999964e+01 1.067054659135040851e+02
1.376999999999999957e+01 1.041314306671121699e+02
1.393999999999999950e+01 1.027050004035186817e+02
1.410999999999999943e+01 1.012687341112193309e+02
1.427999999999999936e+01 1.166434726835699252e+02
1.444999999999999929e+01 1.172792217113327382e+02
1.461999999999999922e+01 1.175344310010145676e+02
1.478999999999999915e+01 1.173279617114223896e+02
1.496000000000000085e+01 1.165939468283861942e+02
1.513000000000000078e+01 1.152850917918543274e+02
1.530000000000000071e+01 1.134248098873061537e+02
1.547000000000000064e+01 1.111131926028009218e+02
1.564000000000000057e+01 1.084694978151804463e+02
1.581000000000000050e+01 1.055593491746885917e+02
1.598000000000000043e+01 1.023315318342535392e+02
1.614999999999999858e+01 9.818796463963667520e+01
1.632000000000000028e+01 9.990134102311549213e+01
1.648999999999999844e+01 9.725244982815395645e+01
1.666000000000000014e+01 1.056997758328976147e+02
1.682999999999999829e+01 1.040995988942995467e+02
1.700000000000000000e+01 1.023929495741181199e+02
1.717000000000000171e+01 9.486034107447873964e+01
1.733999999999999986e+01 9.445884377312090407e+01
1.751000000000000156e+01 9.420670214276596255e+01
1.767999999999999972e+01 9.426185066443649418e+01
1.785000000000000142e+01 9.434233493749795230e+01
1.801999999999999957e+01 9.440381684837790033e+01
1.819000000000000128e+01 9.435088678840062926e+01
1.835999999999999943e+01 9.401880154710406146e+01
1.853000000000000114e+01 9.322258433831913749e+01
1.869999999999999929e+01 8.632253206736470474e+01
1.887000000000000099e+01 8.746870166217394171e+01
1.903999999999999915e+01 8.832698168330500721e+01
1.921000000000000085e+01 8.184831060566615690e+01
1.937999999999999901e+01 8.356432128978111962e+01
1.955000000000000071e+01 8.483873995843262605e+01
1.971999999999999886e+01 8.569871968580834221e+01
1.989000000000000057e+01 8.608993991422130421e+01
2.005999999999999872e+01 7.500210616197821878e+01
2.023000000000000043e+01 7.475569491633818586e+01
2.039999999999999858e+01 7.454471924585654108e+01
2.057000000000000028e+01 8.714242931688637839e+01
2.073999999999999844e+01 8.739691054438478091e+01
2.091000000000000014e+01 9.486050443429208201e+01
2.107999999999999829e+01 8.395630565178740312e+01
2.125000000000000000e+01 8.388898235385364899e+01
2.142000000000000171e+01 8.348419261631860877e+01
2.158999999999999986e+01 8.269861535412447040e+01
2.176000000000000156e+01 8.155411588869141326e+01
2.192999999999999972e+01 8.006051655687269886e+01
2.210000000000000142e+01 7.797427052573621609e+01
2.226999999999999957e+01 7.899697421018564114e+01
2.244000000000000128e+01 7.861751086731729288e+01
2.260999999999999943e+01 7.797089266290321063e+01
2.278000000000000114e+01 8.571771952750140144e+01
2.294999999999999929e+01 9.337856195481350596e+01
2.312000000000000099e+01 9.383692741516772173e+01
2.328999999999999915e+01 9.407616735916160167e+01
2.346000000000000085e+01 7.870696877847078099e+01
2.362999999999999901e+01 7.889101927609247866e+01
2.380000000000000071e+01 7.881571377688234747e+01
2.396999999999999886e+01 7.830178449534321317e+01
2.414000000000000057e+01 7.984410421661789314e+01
2.430999999999999872e+01 7.935187544600213982e+01
2.448000000000000043e+01 7.736750591184586767e+01
2.464999999999999858e+01 7.571058105488012302e+01
2.482000000000000028e+01 7.750513183011280205e+01
2.498999999999999844e+01 7.873041231506925897e+01
2.516000000000000014e+01 7.953555917219797777e+01
2.532999999999999829e+01 8.756299289045459489e+01
2.550000000000000000e+01 8.741580657351842376e+01
2.567000000000000171e+01 7.730977152145530340e+01
2.583999999999999986e+01 7.732583870151299266e+01
2.601000000000000156e+01 8.227166707832229520e+01
2.617999999999999972e+01 8.158433534412557719e+01
2.635000000000000142e+01 7.231975314220693463e+01
2.651999999999999957e+01 7.236320921741271661e+01
2.669000000000000128e+01 7.247044171215290476e+01
2.685999999999999943e+01 7.264792996909491762e+01
2.703000000000000114e+01 8.015006076303852467e+01
2.719999999999999929e+01 8.141450313304693509e+01
2.737000000000000099e+01 8.351849970834938119e+01
2.753999999999999915e+01 8.438535772128504675e+01
2.771000000000000085e+01 8.526873714769278934e+01
2.787999999999999901e+01 8.558015172300731876e+01
2.805000000000000071e+01 8.105594980151616369e+01
2.821999999999999886e+01 8.076641846499005339e+01
2.839000000000000057e+01 8.008362088871376727e+01
2.855999999999999872e+01 7.805799508279446286e+01
2.873000000000000043e+01 7.737425014861581474e+01
2.889999999999999858e+01 8.030727556918219534e+01
2.907000000000000028e+01 8.184320877196493882e+01
2.923999999999999844e+01 8.231479574858538228e+01
2.941000000000000014e+01 8.281810726574200032e+01
2.957999999999999829e+01 7.994890262447559337e+01
2.975000000000000000e+01 7.916045070868253219e+01
2.992000000000000171e+01 8.178082730031182734e+01
3.008999999999999986e+01 7.644870361456609942e+01
3.026000000000000156e+01 7.641310120260558847e+01
3.042999999999999972e+01 7.701053330485873971e+01
3.060000000000000142e+01 6.951739700304788983e+01
3.076999999999999957e+01 6.965485036991670142e+01
3.094000000000000128e+01 6.975636817205695195e+01
3.110999999999999943e+01 7.483874167957510792e+01
3.128000000000000114e+01 7.910230057423429173e+01
3.144999999999999929e+01 8.327326516628721720e+01
3.162000000000000099e+01 8.603509250129563668e+01
3.178999999999999915e+01 8.651901599347253580e+01
3.196000000000000085e+01 8.361811256682021565e+01
3.213000000000000256e+01 8.390701950242525697e+01
3.229999999999999716e+01 8.276954743604412101e+01
3.246999999999999886e+01 7.771452769478533185e+01
3.264000000000000057e+01 7.450370152961312442e+01
3.281000000000000227e+01 8.195923700129428369e+01
3.297999999999999687e+01 8.370038751460846527e+01
3.314999999999999858e+01 8.424103475970191823e+01
3.332000000000000028e+01 8.474797624629432846e+01
3.349000000000000199e+01 8.464207927468407888e+01
3.365999999999999659e+01 8.189055818492091987e+01
3.382999999999999829e+01 8.454853722841995989e+01
3.400000000000000000e+01 8.569960864084501395e+01
