0.000000000000000000e+00 2.114517277815699572e+02
2.999999999999999889e-01 2.112238640359465762e+02
5.999999999999999778e-01 2.112348564313610950e+02
9.000000000000000222e-01 2.114068417124214250e+02
1.199999999999999956e+00 2.112967463230573060e+02
1.500000000000000000e+00 2.110668251588845123e+02
1.800000000000000044e+00 2.110323723202151314e+02
2.100000000000000089e+00 2.108294071062930470e+02
2.399999999999999911e+00 2.101955489165423785e+02
2.700000000000000178e+00 2.096159708985644556e+02
3.000000000000000000e+00 2.089616556881081806e+02
3.299999999999999822e+00 2.075997219310736455e+02
3.600000000000000089e+00 2.060154947965865233e+02
3.899999999999999911e+00 2.042454899540583142e+02
4.200000000000000178e+00 2.017817770412781329e+02
4.500000000000000000e+00 1.987844677032333323e+02
4.799999999999999822e+00 1.954677794639395927e+02
5.099999999999999645e+00 1.919724028057837018e+02
5.400000000000000355e+00 1.877062112144245702e+02
5.700000000000000178e+00 1.837547339398068118e+02
6.000000000000000000e+00 1.798062800036635167e+02
6.299999999999999822e+00 1.760475064754187429e+02
6.599999999999999645e+00 1.726117341735628372e+02
6.900000000000000355e+00 1.699292522643730763e+02
7.200000000000000178e+00 1.680263624477409792e+02
7.500000000000000000e+00 1.661938891634261779e+02
7.799999999999999822e+00 1.642875545990601438e+02
8.099999999999999645e+00 1.628157293952875762e+02
8.400000000000000355e+00 1.634395167955406407e+02
8.699999999999999289e+00 1.673826377949704920e+02
9.000000000000000000e+00 1.729883534097317579e+02
9.300000000000000711e+00 1.783469962734509977e+02
9.599999999999999645e+00 1.822955462260352135e+02
9.900000000000000355e+00 1.848319473568449780e+02
1.019999999999999929e+01 1.859555698566898627e+02
1.050000000000000000e+01 1.863686206821678866e+02
1.080000000000000071e+01 1.869065240412864171e+02
1.109999999999999964e+01 1.878512735611232927e+02
1.140000000000000036e+01 1.889883842284734783e+02
1.169999999999999929e+01 1.890687686669044467e+02
1.200000000000000000e+01 1.879682431821114506e+02
1.230000000000000071e+01 1.842843949650355455e+02
1.259999999999999964e+01 1.791142790983707300e+02
1.290000000000000036e+01 1.759605895899049131e+02
1.319999999999999929e+01 1.777177777183677279e+02
1.350000000000000000e+01 1.811310166318217227e+02
1.380000000000000071e+01 1.846955288159606710e+02
1.409999999999999964e+01 1.897158825441568979e+02
1.440000000000000036e+01 1.965596281388855004e+02
1.469999999999999929e+01 2.040035364439940508e+02
1.500000000000000000e+01 2.099884233751776037e+02
1.530000000000000071e+01 2.119360815957285524e+02
1.559999999999999964e+01 2.108219955059144581e+02
1.590000000000000036e+01 2.064246695717209263e+02
1.619999999999999929e+01 2.007388998515132528e+02
1.650000000000000000e+01 1.952609320468049532e+02
1.680000000000000071e+01 1.921334968608417739e+02
1.710000000000000142e+01 1.903177877676567391e+02
1.739999999999999858e+01 1.905723571287220750e+02
1.769999999999999929e+01 1.955902647394937901e+02
1.800000000000000000e+01 2.026407968751693716e+02
1.830000000000000071e+01 2.067948107559251412e+02
1.860000000000000142e+01 2.088617738486247504e+02
1.889999999999999858e+01 2.094388706250423127e+02
1.919999999999999929e+01 2.100050573558609983e+02
1.950000000000000000e+01 2.087251342212101122e+02
1.980000000000000071e+01 2.034363939524181148e+02
2.010000000000000142e+01 1.999054525009883037e+02
2.039999999999999858e+01 2.012892061863831259e+02
2.069999999999999929e+01 2.037445781155080056e+02
2.100000000000000000e+01 2.072042752787310746e+02
2.130000000000000071e+01 2.119059875582048562e+02
2.160000000000000142e+01 2.163344472834578767e+02
2.189999999999999858e+01 2.168695392326737590e+02
2.219999999999999929e+01 2.136810700867268622e+02
2.250000000000000000e+01 2.106206418104434306e+02
2.280000000000000071e+01 2.097347636401626971e+02
2.310000000000000142e+01 2.098854857313170612e+02
2.339999999999999858e+01 2.136524563065289612e+02
2.369999999999999929e+01 2.205641137648905783e+02
2.400000000000000000e+01 2.240551647270565638e+02
2.430000000000000071e+01 2.244319526591587248e+02
2.460000000000000142e+01 2.247125942919454360e+02
2.489999999999999858e+01 2.228886631388984085e+02
2.519999999999999929e+01 2.188837462927017157e+02
2.550000000000000000e+01 2.177898106469573065e+02
2.580000000000000071e+01 2.184015880333510893e+02
2.610000000000000142e+01 2.194402666983941117e+02
2.639999999999999858e+01 2.217547487192107951e+02
2.669999999999999929e+01 2.232623176337687596e+02
2.700000000000000000e+01 2.232333267923720825e+02
2.730000000000000071e+01 2.240294251201937641e+02
2.760000000000000142e+01 2.249837059304029196e+02
2.789999999999999858e+01 2.278022068762820425e+02
2.819999999999999929e+01 2.334541992096319802e+02
2.850000000000000000e+01 2.368189740025681829e+02
2.880000000000000071e+01 2.375779041402880978e+02
2.910000000000000142e+01 2.371410459616340631e+02
2.939999999999999858e+01 2.340101295010657907e+02
2.969999999999999929e+01 2.318477787872865292e+02
3.000000000000000000e+01 2.318408050437753047e+02
