1.000000000000000000e+01 2.946652705892429935e+02
1.123320000000000007e+01 2.560923427308902092e+02
1.261860000000000070e+01 2.902127397024264042e+02
1.417469999999999963e+01 2.825006096829876583e+02
1.592280000000000051e+01 3.063825565757987306e+02
1.788650000000000162e+01 3.202500815851307152e+02
2.009230000000000160e+01 3.058412405714465194e+02
2.257019999999999982e+01 3.200130506355491775e+02
2.535360000000000014e+01 3.104690605611981482e+02
2.848039999999999949e+01 3.225329740090814425e+02
3.199269999999999925e+01 2.893418588130607532e+02
3.593809999999999860e+01 3.129075780202110195e+02
4.037019999999999698e+01 3.235030122586191510e+02
4.534879999999999711e+01 2.946999200653484081e+02
5.094140000000000157e+01 1.736856434229820820e+02
5.722370000000000090e+01 3.263302424272753797e+02
6.428069999999999595e+01 2.054100590005114384e+02
7.220810000000000173e+01 2.470102029560641768e+02
8.111310000000000286e+01 3.225619761871409992e+02
9.111629999999999541e+01 3.305378289867913963e+02
1.023529999999999944e+02 3.253341703709372723e+02
1.149759999999999991e+02 3.242086643440165972e+02
1.291550000000000011e+02 3.235374386296486477e+02
1.450829999999999984e+02 3.294548173756761571e+02
1.629749999999999943e+02 3.311309145000851117e+02
1.830740000000000123e+02 3.311598970502045631e+02
2.056510000000000105e+02 3.267773366858857003e+02
2.310130000000000052e+02 3.104290743799749634e+02
2.595020000000000095e+02 2.806758066402028930e+02
2.915049999999999955e+02 2.398558988697016900e+02
3.274549999999999841e+02 1.938569318575555656e+02
3.678380000000000223e+02 1.499879363362833828e+02
4.132010000000000218e+02 1.104761377389642405e+02
4.641589999999999918e+02 7.517233286090014133e+01
5.214009999999999536e+02 4.375723545282107807e+01
5.857019999999999982e+02 1.615945334664380439e+01
6.579329999999999927e+02 1.162248913505315784e+01
7.390720000000000027e+02 3.317516490208555524e+01
8.302179999999999609e+02 5.287668027520994940e+01
9.326029999999999518e+02 7.046345830624065343e+01
1.047619999999999891e+03 8.612451722495008255e+01
1.176809999999999945e+03 1.000580771660117847e+02
1.321940000000000055e+03 1.124513721734257672e+02
1.484970000000000027e+03 1.234709468060706001e+02
1.668099999999999909e+03 1.332665479568186129e+02
1.873819999999999936e+03 1.419731338534355700e+02
2.104900000000000091e+03 1.497102295976080768e+02
2.364489999999999782e+03 1.565857589458036045e+02
2.656090000000000146e+03 1.626948529679607987e+02
2.983650000000000091e+03 1.681227747756741451e+02
3.351599999999999909e+03 1.729452859377657035e+02
3.764940000000000055e+03 1.772300544207176074e+02
4.229239999999999782e+03 1.810367735386315360e+02
4.750810000000000400e+03 1.844189495902463989e+02
5.336699999999999818e+03 1.874238831804426013e+02
5.994840000000000146e+03 1.900936629849918802e+02
6.734149999999999636e+03 1.924657422414297230e+02
7.564630000000000109e+03 1.945733180123126544e+02
8.497530000000000655e+03 1.964459593100779671e+02
9.545479999999999563e+03 1.981099368830588219e+02
1.072270000000000073e+04 1.995885600474370563e+02
1.204500000000000000e+04 2.009024706378707776e+02
1.353050000000000000e+04 2.020702743109293920e+02
1.519910000000000036e+04 2.031081323941291714e+02
1.707350000000000000e+04 2.040306659525822397e+02
1.917909999999999854e+04 2.048507427060695250e+02
2.154429999999999927e+04 2.055797485464774468e+02
2.420129999999999927e+04 2.062280068726195452e+02
2.718590000000000146e+04 2.068043412218371486e+02
3.053859999999999854e+04 2.073169022163672821e+02
3.430469999999999709e+04 2.077727015991599444e+02
3.853530000000000291e+04 2.081781548935604746e+02
4.328759999999999854e+04 2.085387449371960997e+02
4.862600000000000000e+04 2.088595088738260586e+02
5.462280000000000291e+04 2.091448784932688341e+02
6.135909999999999854e+04 2.093987892053676205e+02
6.892610000000000582e+04 2.096246269317598774e+02
7.742639999999999418e+04 2.098256244409237752e+02
8.697489999999999418e+04 2.100045271184654894e+02
9.770100000000000000e+04 2.101635219210359935e+02
1.097500000000000000e+05 2.103054060586495950e+02
1.232850000000000000e+05 2.104314538998657156e+02
1.384890000000000000e+05 2.105433542572216368e+02
1.555680000000000000e+05 2.106431427916892574e+02
1.747530000000000000e+05 2.107318206788202417e+02
1.963040000000000000e+05 2.108113251999270119e+02
2.205130000000000000e+05 2.108814553691239553e+02
2.477080000000000000e+05 2.109444497954179951e+02
2.782560000000000000e+05 2.109993671951282295e+02
3.125720000000000000e+05 2.110493662522057434e+02
3.511190000000000000e+05 2.110934607245451673e+02
3.944210000000000000e+05 2.111329088418465574e+02
4.430620000000000000e+05 2.111686199751112269e+02
4.977020000000000000e+05 2.112002422190687696e+02
5.590810000000000000e+05 2.112252165016498395e+02
6.280290000000000000e+05 2.112508214042333634e+02
7.054800000000000000e+05 2.112729803340835133e+02
7.924830000000000000e+05 2.112933974691036099e+02
8.902150000000000000e+05 2.113120550300994012e+02
1.000000000000000000e+06 2.113282725709388217e+02
