0.000000000000000000e+00 2.114517277815699572e+02
2.999999999999999889e-01 2.128739391601734212e+02
5.999999999999999778e-01 2.130199304687545805e+02
9.000000000000000222e-01 2.133393314541372376e+02
1.199999999999999956e+00 2.138096303273368051e+02
1.500000000000000000e+00 2.138193365706002851e+02
1.800000000000000044e+00 2.133725215872636625e+02
2.100000000000000089e+00 2.126937369320241658e+02
2.399999999999999911e+00 2.120198037959725070e+02
2.700000000000000178e+00 2.114922103162577116e+02
3.000000000000000000e+00 2.111042559786773438e+02
3.299999999999999822e+00 2.107203522728458154e+02
3.600000000000000089e+00 2.102421655229404109e+02
3.899999999999999911e+00 2.096797605559342799e+02
4.200000000000000178e+00 2.090399691488412657e+02
4.500000000000000000e+00 2.083158537746479340e+02
4.799999999999999822e+00 2.075222555273767568e+02
5.099999999999999645e+00 2.066308910407242081e+02
5.400000000000000355e+00 2.054882975024178506e+02
5.700000000000000178e+00 2.040851126910627897e+02
6.000000000000000000e+00 2.025937474022164224e+02
6.299999999999999822e+00 2.010373038387149904e+02
6.599999999999999645e+00 1.994324775976616593e+02
6.900000000000000355e+00 1.978084460109777751e+02
7.200000000000000178e+00 1.962316344903654510e+02
7.500000000000000000e+00 1.945420564921655853e+02
7.799999999999999822e+00 1.927237927381226541e+02
8.099999999999999645e+00 1.910983194035804615e+02
8.400000000000000355e+00 1.896081172188106621e+02
8.699999999999999289e+00 1.881276733118419600e+02
9.000000000000000000e+00 1.867265964011055530e+02
9.300000000000000711e+00 1.850803552612658507e+02
9.599999999999999645e+00 1.831491613216334997e+02
9.900000000000000355e+00 1.807454003558735565e+02
1.019999999999999929e+01 1.785066790430444428e+02
1.050000000000000000e+01 1.767357650603350976e+02
1.080000000000000071e+01 1.759325933923378500e+02
1.109999999999999964e+01 1.766663739049474486e+02
1.140000000000000036e+01 1.788425885478226860e+02
1.169999999999999929e+01 1.815786885479629404e+02
1.200000000000000000e+01 1.844526516869429997e+02
1.230000000000000071e+01 1.870895490167757771e+02
1.259999999999999964e+01 1.895533231303794537e+02
1.290000000000000036e+01 1.917727740531692007e+02
1.319999999999999929e+01 1.943961757798817871e+02
1.350000000000000000e+01 1.973985018259409401e+02
1.380000000000000071e+01 2.006452991476276395e+02
1.409999999999999964e+01 2.036251829931458417e+02
1.440000000000000036e+01 2.065333064205223650e+02
1.469999999999999929e+01 2.092745427384674031e+02
1.500000000000000000e+01 2.110702867156340403e+02
1.530000000000000071e+01 2.114705676632657401e+02
1.559999999999999964e+01 2.109969586370596630e+02
1.590000000000000036e+01 2.100173036788260106e+02
1.619999999999999929e+01 2.078149678208139903e+02
1.650000000000000000e+01 2.045662529616483312e+02
1.680000000000000071e+01 2.012545510827027613e+02
1.710000000000000142e+01 1.982606882570993321e+02
1.739999999999999858e+01 1.956248282352484580e+02
1.769999999999999929e+01 1.930009330587582497e+02
1.800000000000000000e+01 1.903293599099629603e+02
1.830000000000000071e+01 1.874226012387214837e+02
1.860000000000000142e+01 1.853475329245582657e+02
1.889999999999999858e+01 1.852266145787173457e+02
1.919999999999999929e+01 1.876812054969961991e+02
1.950000000000000000e+01 1.912713555495520268e+02
1.980000000000000071e+01 1.944669930071337944e+02
2.010000000000000142e+01 1.976733480263514195e+02
2.039999999999999858e+01 2.011912931420162920e+02
2.069999999999999929e+01 2.049546468877669270e+02
2.100000000000000000e+01 2.081379532032865427e+02
2.130000000000000071e+01 2.106805675829410802e+02
2.160000000000000142e+01 2.123054333811930690e+02
2.189999999999999858e+01 2.129181586229585150e+02
2.219999999999999929e+01 2.111284532462462096e+02
2.250000000000000000e+01 2.079350617916349506e+02
2.280000000000000071e+01 2.047816016340156011e+02
2.310000000000000142e+01 2.020320171221230225e+02
2.339999999999999858e+01 1.995608731891989578e+02
2.369999999999999929e+01 1.969403940949049456e+02
2.400000000000000000e+01 1.944121236326803910e+02
2.430000000000000071e+01 1.935684594823768805e+02
2.460000000000000142e+01 1.955442692869581833e+02
2.489999999999999858e+01 1.991618144123047216e+02
2.519999999999999929e+01 2.026572417281149114e+02
2.550000000000000000e+01 2.060291082045857820e+02
2.580000000000000071e+01 2.091824025302049677e+02
2.610000000000000142e+01 2.117363748798467782e+02
2.639999999999999858e+01 2.136973748201548062e+02
2.669999999999999929e+01 2.143904838874758809e+02
2.700000000000000000e+01 2.138909572097111322e+02
2.730000000000000071e+01 2.115063832064575138e+02
2.760000000000000142e+01 2.087398083457300686e+02
2.789999999999999858e+01 2.062391244510384354e+02
2.819999999999999929e+01 2.039700456134669935e+02
2.850000000000000000e+01 2.021254629345210105e+02
2.880000000000000071e+01 2.020049469715198711e+02
2.910000000000000142e+01 2.043541400952354081e+02
2.939999999999999858e+01 2.075766039800713259e+02
2.969999999999999929e+01 2.105115027523666527e+02
3.000000000000000000e+01 2.130508297269512070e+02
