0.000000000000000000e+00 2.114267726754722219e+02
2.999999999999999889e-01 2.112027629098677153e+02
5.999999999999999778e-01 2.112127593567435611e+02
9.000000000000000222e-01 2.113828085719538876e+02
1.199999999999999956e+00 2.112805154491846622e+02
1.500000000000000000e+00 2.110540197239128020e+02
1.800000000000000044e+00 2.110197134368914078e+02
2.100000000000000089e+00 2.108110307179558163e+02
2.399999999999999911e+00 2.101710168575361024e+02
2.700000000000000178e+00 2.095949194228313388e+02
3.000000000000000000e+00 2.089414838613190852e+02
3.299999999999999822e+00 2.075753048800823422e+02
3.600000000000000089e+00 2.059933426273759380e+02
3.899999999999999911e+00 2.042248567182762429e+02
4.200000000000000178e+00 2.017584984315714109e+02
4.500000000000000000e+00 1.987633723659685074e+02
4.799999999999999822e+00 1.954478687156780268e+02
5.099999999999999645e+00 1.919528017442217163e+02
5.400000000000000355e+00 1.876851420649309716e+02
5.700000000000000178e+00 1.837353959404434249e+02
6.000000000000000000e+00 1.797878021873494276e+02
6.299999999999999822e+00 1.760280079707510765e+02
6.599999999999999645e+00 1.725915565382959187e+02
6.900000000000000355e+00 1.699108998657867744e+02
7.200000000000000178e+00 1.680074538467459888e+02
7.500000000000000000e+00 1.661739329876506304e+02
7.799999999999999822e+00 1.642674553112494209e+02
8.099999999999999645e+00 1.627962372630235279e+02
8.400000000000000355e+00 1.634188594532261334e+02
8.699999999999999289e+00 1.673610115878338149e+02
9.000000000000000000e+00 1.729667612138033519e+02
9.300000000000000711e+00 1.783243588191606932e+02
9.599999999999999645e+00 1.822717060969718545e+02
9.900000000000000355e+00 1.848086378269682086e+02
1.019999999999999929e+01 1.859318029010082398e+02
1.050000000000000000e+01 1.863437905142841089e+02
1.080000000000000071e+01 1.868817689914270943e+02
1.109999999999999964e+01 1.878273694143686328e+02
1.140000000000000036e+01 1.889637608239434599e+02
1.169999999999999929e+01 1.890433860056989772e+02
1.200000000000000000e+01 1.879437415483191671e+02
1.230000000000000071e+01 1.842603977149703667e+02
1.259999999999999964e+01 1.790901048792630945e+02
1.290000000000000036e+01 1.759368157274701332e+02
1.319999999999999929e+01 1.776946566788173527e+02
1.350000000000000000e+01 1.811065965464877934e+02
1.380000000000000071e+01 1.846702202263636252e+02
1.409999999999999964e+01 1.896927396610281278e+02
1.440000000000000036e+01 1.965365550273288022e+02
1.469999999999999929e+01 2.039779327532423281e+02
1.500000000000000000e+01 2.099615781229221341e+02
1.530000000000000071e+01 2.119109739790305866e+02
1.559999999999999964e+01 2.107976890871093758e+02
1.590000000000000036e+01 2.064012784537683558e+02
1.619999999999999929e+01 2.007132372993924605e+02
1.650000000000000000e+01 1.952331034386209012e+02
1.680000000000000071e+01 1.921057807048100017e+02
1.710000000000000142e+01 1.902900585002165030e+02
1.739999999999999858e+01 1.905436705287939105e+02
1.769999999999999929e+01 1.955605776734655308e+02
1.800000000000000000e+01 2.026100859094818532e+02
1.830000000000000071e+01 2.067632676891937535e+02
1.860000000000000142e+01 2.088293891086802603e+02
1.889999999999999858e+01 2.094060328036328542e+02
1.919999999999999929e+01 2.099719533717482989e+02
1.950000000000000000e+01 2.086918375945413686e+02
1.980000000000000071e+01 2.034033797421911913e+02
2.010000000000000142e+01 1.998729049443191457e+02
2.039999999999999858e+01 2.012575987887863960e+02
2.069999999999999929e+01 2.037144577749534449e+02
2.100000000000000000e+01 2.071758139536446492e+02
2.130000000000000071e+01 2.118790022440678342e+02
2.160000000000000142e+01 2.163069485266871084e+02
2.189999999999999858e+01 2.168399882315890181e+02
2.219999999999999929e+01 2.136490224551851327e+02
2.250000000000000000e+01 2.105863464641583107e+02
2.280000000000000071e+01 2.097000466426616754e+02
2.310000000000000142e+01 2.098495273206312959e+02
2.339999999999999858e+01 2.136152424706818920e+02
2.369999999999999929e+01 2.205256981206325406e+02
2.400000000000000000e+01 2.240159539277065903e+02
2.430000000000000071e+01 2.243924644427523276e+02
2.460000000000000142e+01 2.246728385194487885e+02
2.489999999999999858e+01 2.228491773156846136e+02
2.519999999999999929e+01 2.188452571230305352e+02
2.550000000000000000e+01 2.177526524442320977e+02
2.580000000000000071e+01 2.183665154583541153e+02
2.610000000000000142e+01 2.194079956382607008e+02
2.639999999999999858e+01 2.217236605654875348e+02
2.669999999999999929e+01 2.232304828998253186e+02
2.700000000000000000e+01 2.231991648343301620e+02
2.730000000000000071e+01 2.239920085346086296e+02
2.760000000000000142e+01 2.249437982483536302e+02
2.789999999999999858e+01 2.277601555051113564e+02
2.819999999999999929e+01 2.334101687085568244e+02
2.850000000000000000e+01 2.367734575611845571e+02
2.880000000000000071e+01 2.375314080715585590e+02
2.910000000000000142e+01 2.370941884412000320e+02
2.939999999999999858e+01 2.339641333085382939e+02
2.969999999999999929e+01 2.318031268634328796e+02
3.000000000000000000e+01 2.317979460293142893e+02
