-1.000000000000000000e+01 3.003301887613430381e+02
-1.123320000000000007e+01 2.937090817299658170e+02
-1.261860000000000070e+01 3.024543734295687614e+02
-1.417469999999999963e+01 2.952372819481710167e+02
-1.592280000000000051e+01 1.886421297530591801e+02
-1.788650000000000162e+01 3.059809832218859356e+02
-2.009230000000000160e+01 1.877668671142288588e+02
-2.257019999999999982e+01 3.072843680462476641e+02
-2.535360000000000014e+01 3.265178996737266743e+02
-2.848039999999999949e+01 3.186783043277138177e+02
-3.199269999999999925e+01 1.974871756146648067e+02
-3.593809999999999860e+01 1.100510614253189772e+02
-4.037019999999999698e+01 1.781257604189556218e+02
-4.534879999999999711e+01 3.311226682734584301e+02
-5.094140000000000157e+01 9.032112063459052820e+01
-5.722370000000000090e+01 1.158774851715148060e+02
-6.428069999999999595e+01 3.279241679202019668e+02
-7.220810000000000173e+01 3.236925242146377855e+02
-8.111310000000000286e+01 3.299034213956638837e+02
-9.111629999999999541e+01 3.289047079458073881e+02
-1.023529999999999944e+02 3.023821426265534456e+02
-1.149759999999999991e+02 1.851351026423351698e+02
-1.291550000000000011e+02 3.015757849612810446e+02
-1.450829999999999984e+02 2.682256758843553825e+02
-1.629749999999999943e+02 2.993506055099319383e+02
-1.830740000000000123e+02 2.687613315926417386e+02
-2.056510000000000105e+02 2.836542641688341746e+02
-2.310130000000000052e+02 3.089942244643734170e+02
-2.595020000000000095e+02 3.152226970303040048e+02
-2.915049999999999955e+02 3.271194168952151244e+02
-3.274549999999999841e+02 3.263832674927198809e+02
-3.678380000000000223e+02 3.286390841346154730e+02
-4.132010000000000218e+02 3.316222576708852330e+02
-4.641589999999999918e+02 3.314793641639253110e+02
-5.214009999999999536e+02 3.299854741502533670e+02
-5.857019999999999982e+02 3.273599279214219564e+02
-6.579329999999999927e+02 3.235677099233143394e+02
-7.390720000000000027e+02 3.187981755906860712e+02
-8.302179999999999609e+02 3.132781288452188733e+02
-9.326029999999999518e+02 3.072259904098194738e+02
-1.047619999999999891e+03 3.008518245632700996e+02
-1.176809999999999945e+03 2.943401861719660815e+02
-1.321940000000000055e+03 2.878505757087739880e+02
-1.484970000000000027e+03 2.815092340942931060e+02
-1.668099999999999909e+03 2.754135915934668901e+02
-1.873819999999999936e+03 2.696245138962220835e+02
-2.104900000000000091e+03 2.641947312370863301e+02
-2.364489999999999782e+03 2.591365124644075308e+02
-2.656090000000000146e+03 2.544732126504501650e+02
-2.983650000000000091e+03 2.501892542283949581e+02
-3.351599999999999909e+03 2.462654044476860236e+02
-3.764940000000000055e+03 2.427008846867858551e+02
-4.229239999999999782e+03 2.394761866372599854e+02
-4.750810000000000400e+03 2.365671627040031808e+02
-5.336699999999999818e+03 2.339482739177052508e+02
-5.994840000000000146e+03 2.315921104132560515e+02
-6.734149999999999636e+03 2.294726278407123914e+02
-7.564630000000000109e+03 2.275668284068484013e+02
-8.497530000000000655e+03 2.258544228362350736e+02
-9.545479999999999563e+03 2.243172294454794837e+02
-1.072270000000000073e+04 2.229386606902607184e+02
-1.204500000000000000e+04 2.217036950757925524e+02
-1.353050000000000000e+04 2.205981700994628909e+02
-1.519910000000000036e+04 2.196094357526254441e+02
-1.707350000000000000e+04 2.187256926649191655e+02
-1.917909999999999854e+04 2.179362430382092555e+02
-2.154429999999999927e+04 2.172314092830482650e+02
-2.420129999999999927e+04 2.166023831175297971e+02
-2.718590000000000146e+04 2.160411105892943340e+02
-3.053859999999999854e+04 2.155405523202203426e+02
-3.430469999999999709e+04 2.150942340706108382e+02
-3.853530000000000291e+04 2.146962837111995555e+02
-4.328759999999999854e+04 2.143416110364503311e+02
-4.862600000000000000e+04 2.140256140055680874e+02
-5.462280000000000291e+04 2.137439883588820635e+02
-6.135909999999999854e+04 2.134931296698886740e+02
-6.892610000000000582e+04 2.132695280154464967e+02
-7.742639999999999418e+04 2.130704244877156555e+02
-8.697489999999999418e+04 2.128931448938836581e+02
-9.770100000000000000e+04 2.127350945483590010e+02
-1.097500000000000000e+05 2.125944032935037455e+02
-1.232850000000000000e+05 2.124690227473057860e+02
-1.384890000000000000e+05 2.123575467762686060e+02
-1.555680000000000000e+05 2.122583181144364630e+02
-1.747530000000000000e+05 2.121700479374182464e+02
-1.963040000000000000e+05 2.120910566363857583e+02
-2.205130000000000000e+05 2.120209476426849449e+02
-2.477080000000000000e+05 2.119582079914095516e+02
-2.782560000000000000e+05 2.119040795052965791e+02
-3.125720000000000000e+05 2.118540620712864211e+02
-3.511190000000000000e+05 2.118101816577017473e+02
-3.944210000000000000e+05 2.117707145353684268e+02
-4.430620000000000000e+05 2.117345237953291246e+02
-4.977020000000000000e+05 2.117030414491614465e+02
-5.590810000000000000e+05 2.116792914384571986e+02
-6.280290000000000000e+05 2.116536516193606303e+02
-7.054800000000000000e+05 2.116311342797907571e+02
-7.924830000000000000e+05 2.116101166106172968e+02
-8.902150000000000000e+05 2.115913823652895474e+02
-1.000000000000000000e+06 2.115751489184275158e+02
