1.000000000000000000e+01 3.391979136018308250e-01
1.123320000000000007e+01 7.369792044158985922e-01
1.261860000000000070e+01 1.156208722065159344e+00
1.417469999999999963e+01 2.808777446828307767e-01
1.592280000000000051e+01 1.525332761045432584e-01
1.788650000000000162e+01 2.195954989631339949e+00
2.009230000000000160e+01 1.482759360342457366e+00
2.257019999999999982e+01 1.693190160007485012e+00
2.535360000000000014e+01 1.361602073250812284e+00
2.848039999999999949e+01 2.505685119497948143e+00
3.199269999999999925e+01 6.844126195877368701e+00
3.593809999999999860e+01 5.267005370684372245e+00
4.037019999999999698e+01 1.491944083970657609e+01
4.534879999999999711e+01 1.893159275931384045e+01
5.094140000000000157e+01 2.826879394723559313e-01
5.722370000000000090e+01 3.432760559849585036e+01
6.428069999999999595e+01 4.042029797737098562e+01
7.220810000000000173e+01 4.513576128355012429e+01
8.111310000000000286e+01 4.963321651270387491e+01
9.111629999999999541e+01 6.127725485267779248e+01
1.023529999999999944e+02 6.901798105527973348e+01
1.149759999999999991e+02 8.083892680400188624e+01
1.291550000000000011e+02 8.904526549320284801e+01
1.450829999999999984e+02 1.004105513291006702e+02
1.629749999999999943e+02 1.147035640119780027e+02
1.830740000000000123e+02 1.268930610343702341e+02
2.056510000000000105e+02 1.428720699315412617e+02
2.310130000000000052e+02 1.566386156916733512e+02
2.595020000000000095e+02 1.679289642181615818e+02
2.915049999999999955e+02 1.724817176145495807e+02
3.274549999999999841e+02 1.654746269675597716e+02
3.678380000000000223e+02 1.434225421912306047e+02
4.132010000000000218e+02 1.098498666187090151e+02
4.641589999999999918e+02 7.484159520393474452e+01
5.214009999999999536e+02 4.350162977985286972e+01
5.857019999999999982e+02 1.532968324048454889e+01
6.579329999999999927e+02 1.126200816030218554e+01
7.390720000000000027e+02 3.299974916821349780e+01
8.302179999999999609e+02 5.263887688078585114e+01
9.326029999999999518e+02 7.021946161400606456e+01
1.047619999999999891e+03 8.582656490043289921e+01
1.176809999999999945e+03 9.968388713842037419e+01
1.321940000000000055e+03 1.120600242924140275e+02
1.484970000000000027e+03 1.230789497201068201e+02
1.668099999999999909e+03 1.322430434973257434e+02
1.873819999999999936e+03 1.401344102236946583e+02
2.104900000000000091e+03 1.467127048954538111e+02
2.364489999999999782e+03 1.527504546376984536e+02
2.656090000000000146e+03 1.580129486984704101e+02
2.983650000000000091e+03 1.626512742486881962e+02
3.351599999999999909e+03 1.669831313833365130e+02
3.764940000000000055e+03 1.707367695537045620e+02
4.229239999999999782e+03 1.744315984692057384e+02
4.750810000000000400e+03 1.779098376263965520e+02
5.336699999999999818e+03 1.810822412873320104e+02
5.994840000000000146e+03 1.841903625814521490e+02
6.734149999999999636e+03 1.872319735376188135e+02
7.564630000000000109e+03 1.900572834502540900e+02
8.497530000000000655e+03 1.926283870081071257e+02
9.545479999999999563e+03 1.949834442443298599e+02
1.072270000000000073e+04 1.971373812064682625e+02
1.204500000000000000e+04 1.990839957894443444e+02
1.353050000000000000e+04 2.008102513459865861e+02
1.519910000000000036e+04 2.023150233364671635e+02
1.707350000000000000e+04 2.036189296389879928e+02
1.917909999999999854e+04 2.047409422524633555e+02
2.154429999999999927e+04 2.057041107555358792e+02
2.420129999999999927e+04 2.065289204959557026e+02
2.718590000000000146e+04 2.072365208112627499e+02
3.053859999999999854e+04 2.078399570893811301e+02
3.430469999999999709e+04 2.083568432149429555e+02
3.853530000000000291e+04 2.087989468232548234e+02
4.328759999999999854e+04 2.091764329628051939e+02
4.862600000000000000e+04 2.095011030886983292e+02
5.462280000000000291e+04 2.097806178848325942e+02
6.135909999999999854e+04 2.100172316552271070e+02
6.892610000000000582e+04 2.102252534716992045e+02
7.742639999999999418e+04 2.104014880231438553e+02
8.697489999999999418e+04 2.105595922881442448e+02
9.770100000000000000e+04 2.106896043045215663e+02
1.097500000000000000e+05 2.108048848431248530e+02
1.232850000000000000e+05 2.109074124067169862e+02
1.384890000000000000e+05 2.110034266270676540e+02
1.555680000000000000e+05 2.110412819347098434e+02
1.747530000000000000e+05 2.111241021281233543e+02
1.963040000000000000e+05 2.112063743772284568e+02
2.205130000000000000e+05 2.112560809075140753e+02
2.477080000000000000e+05 2.112653623476042810e+02
2.782560000000000000e+05 2.113465702056179794e+02
3.125720000000000000e+05 2.113393985334593879e+02
3.511190000000000000e+05 2.113845701068930509e+02
3.944210000000000000e+05 2.113962058286401486e+02
4.430620000000000000e+05 2.113856296182870551e+02
4.977020000000000000e+05 2.114246578324537893e+02
5.590810000000000000e+05 2.115240575238681231e+02
6.280290000000000000e+05 2.116735871790414194e+02
7.054800000000000000e+05 2.115679228410503754e+02
7.924830000000000000e+05 2.115144681304461756e+02
8.902150000000000000e+05 2.118377703904942280e+02
1.000000000000000000e+06 2.118429016409798464e+02
