1.000000000000000000e+01 1.995711980213081826e-01
1.123320000000000007e+01 1.784719646945844562e-01
1.261860000000000070e+01 2.731337978074103723e-01
1.417469999999999963e+01 2.346447272866104272e-01
1.592280000000000051e+01 1.868971488286226279e-01
1.788650000000000162e+01 2.105851773746285627e-01
2.009230000000000160e+01 1.800722871384986268e-01
2.257019999999999982e+01 1.979820148636998178e-01
2.535360000000000014e+01 2.140728981733426572e-01
2.848039999999999949e+01 2.389842032069270095e-01
3.199269999999999925e+01 2.674992979777039981e-01
3.593809999999999860e+01 3.018139837216336496e-01
4.037019999999999698e+01 3.372022969647074930e-01
4.534879999999999711e+01 3.794180436229459552e-01
5.094140000000000157e+01 4.255697743586415172e-01
5.722370000000000090e+01 4.784719278109837437e-01
6.428069999999999595e+01 5.382137301621963132e-01
7.220810000000000173e+01 6.038533766709620609e-01
8.111310000000000286e+01 6.764659557175429772e-01
9.111629999999999541e+01 7.571113343310921229e-01
1.023529999999999944e+02 8.498181167289944327e-01
1.149759999999999991e+02 9.517220122514293834e-01
1.291550000000000011e+02 1.066504866526327699e+00
1.450829999999999984e+02 1.195371288290694167e+00
1.629749999999999943e+02 1.341509448669183646e+00
1.830740000000000123e+02 1.506564914242639164e+00
2.056510000000000105e+02 1.692194647598930679e+00
2.310130000000000052e+02 1.900368623801973911e+00
2.595020000000000095e+02 2.134561212592672508e+00
2.915049999999999955e+02 2.398448639032587870e+00
3.274549999999999841e+02 2.694057319602965350e+00
3.678380000000000223e+02 3.025687748129749721e+00
4.132010000000000218e+02 3.397669083741836182e+00
4.641589999999999918e+02 3.817186287257756216e+00
5.214009999999999536e+02 4.288820022522030762e+00
5.857019999999999982e+02 4.815005065030875109e+00
6.579329999999999927e+02 5.405315404697718762e+00
7.390720000000000027e+02 6.071144357923626167e+00
8.302179999999999609e+02 6.825462841816958282e+00
9.326029999999999518e+02 7.658291449825611608e+00
1.047619999999999891e+03 8.597998071612003912e+00
1.176809999999999945e+03 9.652122190652956846e+00
1.321940000000000055e+03 1.083506970734778463e+01
1.484970000000000027e+03 1.219055852029916487e+01
1.668099999999999909e+03 1.366351039349747509e+01
1.873819999999999936e+03 1.531876884767616609e+01
2.104900000000000091e+03 1.719039778272288643e+01
2.364489999999999782e+03 1.928360615469437178e+01
2.656090000000000146e+03 2.163571759822988483e+01
2.983650000000000091e+03 2.432838835169273040e+01
3.351599999999999909e+03 2.727851313055769467e+01
3.764940000000000055e+03 3.045477274092493403e+01
4.229239999999999782e+03 3.426622971714006383e+01
4.750810000000000400e+03 3.814704900221684625e+01
5.336699999999999818e+03 4.285745718279737559e+01
5.994840000000000146e+03 4.771605292824698807e+01
6.734149999999999636e+03 5.313810666012310691e+01
7.564630000000000109e+03 5.946398009350966873e+01
8.497530000000000655e+03 6.594238574603406278e+01
9.545479999999999563e+03 7.278193668909288760e+01
1.072270000000000073e+04 8.056355921239574513e+01
1.204500000000000000e+04 8.913567844792763140e+01
1.353050000000000000e+04 9.796558640280868246e+01
1.519910000000000036e+04 1.067787208100393457e+02
1.707350000000000000e+04 1.156436126938069151e+02
1.917909999999999854e+04 1.247025071566160932e+02
2.154429999999999927e+04 1.339594517083010885e+02
2.420129999999999927e+04 1.432508684099697973e+02
2.718590000000000146e+04 1.523133779153836258e+02
3.053859999999999854e+04 1.608810886110133538e+02
3.430469999999999709e+04 1.687444344347075003e+02
3.853530000000000291e+04 1.757784244308595021e+02
4.328759999999999854e+04 1.819335708033648871e+02
4.862600000000000000e+04 1.872256609399052536e+02
5.462280000000000291e+04 1.917106078740362989e+02
6.135909999999999854e+04 1.954683544680306113e+02
6.892610000000000582e+04 1.985890124519161475e+02
7.742639999999999418e+04 2.011617864053417293e+02
8.697489999999999418e+04 2.032723246531386962e+02
9.770100000000000000e+04 2.049961065946293672e+02
1.097500000000000000e+05 2.064011766751515609e+02
1.232850000000000000e+05 2.075434020072588623e+02
1.384890000000000000e+05 2.084684432106712393e+02
1.555680000000000000e+05 2.092210467512393279e+02
1.747530000000000000e+05 2.098321725997117539e+02
1.963040000000000000e+05 2.103280883310246452e+02
2.205130000000000000e+05 2.107318007321705124e+02
2.477080000000000000e+05 2.110603146665955592e+02
2.782560000000000000e+05 2.113223216953701922e+02
3.125720000000000000e+05 2.115426323146242282e+02
3.511190000000000000e+05 2.117199111262472115e+02
3.944210000000000000e+05 2.118684156401991174e+02
4.430620000000000000e+05 2.119907273577884155e+02
4.977020000000000000e+05 2.120909899579895921e+02
5.590810000000000000e+05 2.121615597631335959e+02
6.280290000000000000e+05 2.122329910247341047e+02
7.054800000000000000e+05 2.122899772140975472e+02
7.924830000000000000e+05 2.123396210534671127e+02
8.902150000000000000e+05 2.123833867811111418e+02
1.000000000000000000e+06 2.124179725803284100e+02
