-1.047619999999999891e+03 3.175117761529251084e+02
-1.176809999999999945e+03 3.084855510353180534e+02
-1.321940000000000055e+03 2.998122874855918099e+02
-1.484970000000000027e+03 2.916082100377543043e+02
-1.668099999999999909e+03 2.839450780057069323e+02
-1.873819999999999936e+03 2.768531613434404903e+02
-2.104900000000000091e+03 2.703384929004168384e+02
-2.364489999999999782e+03 2.643925820438313394e+02
-2.656090000000000146e+03 2.589905662338439356e+02
-2.983650000000000091e+03 2.541010778875268272e+02
-3.351599999999999909e+03 2.496877535339576468e+02
-3.764940000000000055e+03 2.457194689582134686e+02
-4.229239999999999782e+03 2.421526190733648889e+02
-4.750810000000000400e+03 2.389515297590237140e+02
-5.336699999999999818e+03 2.360855860856254367e+02
-5.994840000000000146e+03 2.335212310783829821e+02
-6.734149999999999636e+03 2.312270471890654733e+02
-7.564630000000000109e+03 2.291784918151836621e+02
-8.497530000000000655e+03 2.273606653779118574e+02
-9.545479999999999563e+03 2.257320520801656016e+02
-1.072270000000000073e+04 2.242511370849178434e+02
