0.000000000000000000e+00 2.126046138103253327e+02
2.999999999999999889e-01 2.119449936478351617e+02
5.999999999999999778e-01 2.117037534891993573e+02
9.000000000000000222e-01 2.110098832835422513e+02
1.199999999999999956e+00 2.093487088816525272e+02
1.500000000000000000e+00 2.079450975856181287e+02
1.800000000000000044e+00 2.070890801853970231e+02
2.100000000000000089e+00 2.065377861229526104e+02
2.399999999999999911e+00 2.061746720346988582e+02
2.700000000000000178e+00 2.059724499103604956e+02
3.000000000000000000e+00 2.058622273072073767e+02
3.299999999999999822e+00 2.058153720396073538e+02
3.600000000000000089e+00 2.058151999821926097e+02
3.899999999999999911e+00 2.058023769190102712e+02
4.200000000000000178e+00 2.057675277095546278e+02
4.500000000000000000e+00 2.057550778382306476e+02
4.799999999999999822e+00 2.057629202466517029e+02
5.099999999999999645e+00 2.057681769132984755e+02
5.400000000000000355e+00 2.057808072249661677e+02
5.700000000000000178e+00 2.057922476727921435e+02
6.000000000000000000e+00 2.057786071174126903e+02
6.299999999999999822e+00 2.057604981632396459e+02
6.599999999999999645e+00 2.057632814414436382e+02
6.900000000000000355e+00 2.057705511965001222e+02
7.200000000000000178e+00 2.057734612940616046e+02
7.500000000000000000e+00 2.057822620122576041e+02
7.799999999999999822e+00 2.057835315841473403e+02
8.099999999999999645e+00 2.057688617310373047e+02
8.400000000000000355e+00 2.057619207226055664e+02
8.699999999999999289e+00 2.057700444123294119e+02
9.000000000000000000e+00 2.057750482570501447e+02
9.300000000000000711e+00 2.057769573889613355e+02
9.599999999999999645e+00 2.057807146931852458e+02
9.900000000000000355e+00 2.057748783065694340e+02
1.019999999999999929e+01 2.057639170341120121e+02
1.050000000000000000e+01 2.057654740469050125e+02
1.080000000000000071e+01 2.057745930995822050e+02
1.109999999999999964e+01 2.057780939905945843e+02
1.140000000000000036e+01 2.057797730802351737e+02
1.169999999999999929e+01 2.057782545998864521e+02
1.200000000000000000e+01 2.057677112974741931e+02
1.230000000000000071e+01 2.057612798799380300e+02
1.259999999999999964e+01 2.057690033114306800e+02
1.290000000000000036e+01 2.057779947278918087e+02
1.319999999999999929e+01 2.057807137755414146e+02
1.350000000000000000e+01 2.057814781473445009e+02
1.380000000000000071e+01 2.057753372448381697e+02
1.409999999999999964e+01 2.057627969758336803e+02
1.440000000000000036e+01 2.057601270420275057e+02
1.469999999999999929e+01 2.057705991391444513e+02
1.500000000000000000e+01 2.057798897391854780e+02
1.530000000000000071e+01 2.057838489096496346e+02
1.559999999999999964e+01 2.057828586624975458e+02
1.590000000000000036e+01 2.057721391060796634e+02
1.619999999999999929e+01 2.057598832864779865e+02
1.650000000000000000e+01 2.057608581731253992e+02
1.680000000000000071e+01 2.057711624029890629e+02
1.710000000000000142e+01 2.057797011731324517e+02
1.739999999999999858e+01 2.057853184704314060e+02
1.769999999999999929e+01 2.057836279067076930e+02
1.800000000000000000e+01 2.057711148641539296e+02
1.830000000000000071e+01 2.057598364823288648e+02
1.860000000000000142e+01 2.057616015270647836e+02
1.889999999999999858e+01 2.057702068612850042e+02
1.919999999999999929e+01 2.057786808055036829e+02
1.950000000000000000e+01 2.057854384314958622e+02
1.980000000000000071e+01 2.057827151786587478e+02
2.010000000000000142e+01 2.057706349308816129e+02
2.039999999999999858e+01 2.057627967322627853e+02
2.069999999999999929e+01 2.057646950150908367e+02
2.100000000000000000e+01 2.057698076538014220e+02
2.130000000000000071e+01 2.057763296021024928e+02
2.160000000000000142e+01 2.057821553688495158e+02
2.189999999999999858e+01 2.057786532690614365e+02
2.219999999999999929e+01 2.057713248703047668e+02
2.250000000000000000e+01 2.057679443870292175e+02
2.280000000000000071e+01 2.057691588226080341e+02
2.310000000000000142e+01 2.057707703297649573e+02
2.339999999999999858e+01 2.057746266737354972e+02
2.369999999999999929e+01 2.057775650998012793e+02
2.400000000000000000e+01 2.057720105123520966e+02
2.430000000000000071e+01 2.057701826527122932e+02
2.460000000000000142e+01 2.057717203151456147e+02
2.489999999999999858e+01 2.057740963213489351e+02
2.519999999999999929e+01 2.057749474325148924e+02
2.550000000000000000e+01 2.057760896404908237e+02
2.580000000000000071e+01 2.057737989764246151e+02
2.610000000000000142e+01 2.057678184146311935e+02
2.639999999999999858e+01 2.057666956250657790e+02
2.669999999999999929e+01 2.057720634982101160e+02
2.700000000000000000e+01 2.057770284328516652e+02
2.730000000000000071e+01 2.057798084027711809e+02
2.760000000000000142e+01 2.057798576345579704e+02
2.789999999999999858e+01 2.057733492787571663e+02
2.819999999999999929e+01 2.057650035054974467e+02
2.850000000000000000e+01 2.057641150248731208e+02
2.880000000000000071e+01 2.057693901356497008e+02
2.910000000000000142e+01 2.057753695656797674e+02
2.939999999999999858e+01 2.057807363530737348e+02
2.969999999999999929e+01 2.057801927106291373e+02
3.000000000000000000e+01 2.057751943516361450e+02
