-1.000000000000000000e+01 5.637261590309078363e-01
-1.123320000000000007e+01 4.382116289327440128e-01
-1.261860000000000070e+01 4.503944880167747855e-01
-1.417469999999999963e+01 1.232041891527324795e+00
-1.592280000000000051e+01 1.166350701466763340e+00
-1.788650000000000162e+01 5.223532078678271295e-01
-2.009230000000000160e+01 4.684229727181074554e-01
-2.257019999999999982e+01 8.366654192849291016e-01
-2.535360000000000014e+01 6.370240573697983910e-01
-2.848039999999999949e+01 4.137746738060587570e-01
-3.199269999999999925e+01 4.917477280096721470e-01
-3.593809999999999860e+01 5.056608392639571070e-01
-4.037019999999999698e+01 3.718279198513396722e-01
-4.534879999999999711e+01 4.137325650787925801e-01
-5.094140000000000157e+01 4.467280254840044207e-01
-5.722370000000000090e+01 4.893937488062331531e-01
-6.428069999999999595e+01 5.358418844202431641e-01
-7.220810000000000173e+01 5.948704563269299195e-01
-8.111310000000000286e+01 6.681424628234261531e-01
-9.111629999999999541e+01 7.500729952628872876e-01
-1.023529999999999944e+02 8.421927105745294906e-01
-1.149759999999999991e+02 9.460118054545788580e-01
-1.291550000000000011e+02 1.062673158687537089e+00
-1.450829999999999984e+02 1.193696018618371379e+00
-1.629749999999999943e+02 1.340903074312626675e+00
-1.830740000000000123e+02 1.506202936976433815e+00
-2.056510000000000105e+02 1.692029329601806298e+00
-2.310130000000000052e+02 1.900707761887754366e+00
-2.595020000000000095e+02 2.135077171530576301e+00
-2.915049999999999955e+02 2.398345976738860408e+00
-3.274549999999999841e+02 2.694221796406699898e+00
-3.678380000000000223e+02 3.026588814805424743e+00
-4.132010000000000218e+02 3.399829395437873991e+00
-4.641589999999999918e+02 3.819258514484496381e+00
-5.214009999999999536e+02 4.290303448445644818e+00
-5.857019999999999982e+02 4.819536979885400640e+00
-6.579329999999999927e+02 5.413935943222838887e+00
-7.390720000000000027e+02 6.081644346959857117e+00
-8.302179999999999609e+02 6.831617523788431789e+00
-9.326029999999999518e+02 7.673952857149149764e+00
-1.047619999999999891e+03 8.620048081766769954e+00
-1.176809999999999945e+03 9.682328402604571949e+00
-1.321940000000000055e+03 1.087530634587770884e+01
-1.484970000000000027e+03 1.221436812267307559e+01
-1.668099999999999909e+03 1.371772202441711208e+01
-1.873819999999999936e+03 1.540469642210496914e+01
-2.104900000000000091e+03 1.729688600519405739e+01
-2.364489999999999782e+03 1.941897574843943985e+01
-2.656090000000000146e+03 2.179743037195913047e+01
-2.983650000000000091e+03 2.446096264751361815e+01
-3.351599999999999909e+03 2.744129990627942206e+01
-3.764940000000000055e+03 3.077332048726929159e+01
-4.229239999999999782e+03 3.449227435699888389e+01
-4.750810000000000400e+03 3.863704954438362904e+01
-5.336699999999999818e+03 4.324356987225166904e+01
-5.994840000000000146e+03 4.835314597234621914e+01
-6.734149999999999636e+03 5.399634403259178583e+01
-7.564630000000000109e+03 6.020622016684121292e+01
-8.497530000000000655e+03 6.700350956553333504e+01
-9.545479999999999563e+03 7.439248642278435852e+01
-1.072270000000000073e+04 8.236608139432580344e+01
-1.204500000000000000e+04 9.088637749719782732e+01
-1.353050000000000000e+04 9.989137945735058111e+01
-1.519910000000000036e+04 1.092873899151228159e+02
-1.707350000000000000e+04 1.189410602100825542e+02
-1.917909999999999854e+04 1.287002179486444220e+02
-2.154429999999999927e+04 1.383822241415016663e+02
-2.420129999999999927e+04 1.477960434156194935e+02
-2.718590000000000146e+04 1.567619805951982244e+02
-3.053859999999999854e+04 1.651300961466417334e+02
-3.430469999999999709e+04 1.727719323185203848e+02
-3.853530000000000291e+04 1.796087873414173544e+02
-4.328759999999999854e+04 1.856098332466387149e+02
-4.862600000000000000e+04 1.907866397191904184e+02
-5.462280000000000291e+04 1.951800873293502434e+02
-6.135909999999999854e+04 1.988655186140697992e+02
-6.892610000000000582e+04 2.019063970228081644e+02
-7.742639999999999418e+04 2.043966565997144471e+02
-8.697489999999999418e+04 2.064161152102705614e+02
-9.770100000000000000e+04 2.080308321380360894e+02
-1.097500000000000000e+05 2.093294267553060877e+02
-1.232850000000000000e+05 2.103574255725208104e+02
-1.384890000000000000e+05 2.111432104444282345e+02
-1.555680000000000000e+05 2.117873189062883625e+02
-1.747530000000000000e+05 2.122805867610920814e+02
-1.963040000000000000e+05 2.126773169685467906e+02
-2.205130000000000000e+05 2.129708159717894489e+02
-2.477080000000000000e+05 2.131999423605195716e+02
-2.782560000000000000e+05 2.133454878715802181e+02
-3.125720000000000000e+05 2.134837690562870591e+02
-3.511190000000000000e+05 2.135835599926197403e+02
-3.944210000000000000e+05 2.136614038179340014e+02
-4.430620000000000000e+05 2.137152158527347581e+02
-4.977020000000000000e+05 2.137545328017609165e+02
-5.590810000000000000e+05 2.137635297794003577e+02
-6.280290000000000000e+05 2.137763781360323208e+02
-7.054800000000000000e+05 2.137941902890751749e+02
-7.924830000000000000e+05 2.137950499346459594e+02
-8.902150000000000000e+05 2.137966340459977062e+02
-1.000000000000000000e+06 2.137964910361591535e+02
