1.047619999999999891e+03 3.476841430607325645e+00
1.176809999999999945e+03 3.441867706626817291e+00
1.321940000000000055e+03 4.493636878199454898e+00
1.484970000000000027e+03 5.445978551983654548e+00
1.668099999999999909e+03 8.687187466710167172e+00
1.873819999999999936e+03 5.644709143616624125e+00
2.104900000000000091e+03 7.792903939569494121e+00
2.364489999999999782e+03 2.661203115307747780e+01
2.656090000000000146e+03 1.628678657084741701e+02
2.983650000000000091e+03 1.683932708787947377e+02
3.351599999999999909e+03 1.732827029675999597e+02
3.764940000000000055e+03 1.776227884340599701e+02
4.229239999999999782e+03 1.814787611782705881e+02
4.750810000000000400e+03 1.848839907012628601e+02
5.336699999999999818e+03 1.879265333033963259e+02
5.994840000000000146e+03 1.906235402789675959e+02
6.734149999999999636e+03 1.930228627102968062e+02
7.564630000000000109e+03 1.951576750261407085e+02
8.497530000000000655e+03 1.970607979556966995e+02
9.545479999999999563e+03 1.987533399997457764e+02
1.072270000000000073e+04 2.002506276098786770e+02
