-5.000000000000000000e+01 3.076576809145916869e+01
-5.500000000000000000e+01 2.858731810822348152e+01
-6.000000000000000000e+01 3.513815286688473094e+01
-6.500000000000000000e+01 3.308365889877993737e+01
-7.500000000000000000e+01 4.398893279438113524e+01
-8.000000000000000000e+01 3.808314803176468644e+01
-8.500000000000000000e+01 4.477971210815149306e+01
-9.500000000000000000e+01 4.363316424973039886e+01
-1.000000000000000000e+02 4.934576435854845755e+01
-1.450000000000000000e+02 6.483841378055865334e+01
-1.900000000000000000e+02 7.989294630255368190e+01
-2.350000000000000000e+02 9.211240845975854086e+01
-2.800000000000000000e+02 1.047494388276749078e+02
-3.250000000000000000e+02 1.111119519831859890e+02
-3.700000000000000000e+02 1.235832329045590257e+02
-4.150000000000000000e+02 1.356947102266702245e+02
-4.600000000000000000e+02 1.391238686735514989e+02
-5.050000000000000000e+02 1.400425360947257332e+02
-5.500000000000000000e+02 1.494852239360519093e+02
-5.950000000000000000e+02 1.560596286919309250e+02
-6.400000000000000000e+02 1.605073390811594720e+02
-6.850000000000000000e+02 1.638944219194098366e+02
-7.300000000000000000e+02 1.658307060159589525e+02
-7.750000000000000000e+02 1.653506200424973258e+02
-8.200000000000000000e+02 1.661851845055525416e+02
-8.650000000000000000e+02 1.712742827987430871e+02
-9.100000000000000000e+02 1.745422440228621213e+02
-9.550000000000000000e+02 1.722049088977756242e+02
-1.000000000000000000e+03 1.752181269482375114e+02
-1.176809999999999945e+03 1.793444710179919355e+02
-1.321940000000000055e+03 1.853524547794359307e+02
-1.484970000000000027e+03 1.881701676363624358e+02
-1.668099999999999909e+03 1.895523879260446733e+02
-1.873819999999999936e+03 1.909017113582684999e+02
-2.104900000000000091e+03 1.927661130449464508e+02
-2.364489999999999782e+03 1.952262381445676453e+02
-2.656090000000000146e+03 1.970754695478914016e+02
-2.983650000000000091e+03 1.986891657610097468e+02
-3.351599999999999909e+03 1.999764872939984741e+02
-3.764940000000000055e+03 2.003494404223343963e+02
-4.229239999999999782e+03 2.011746177638487438e+02
-4.750810000000000400e+03 2.020115238366136907e+02
-5.336699999999999818e+03 2.028688586354354015e+02
-5.994840000000000146e+03 2.040144653734693634e+02
-6.734149999999999636e+03 2.050925214906486644e+02
-7.564630000000000109e+03 2.061176789133422176e+02
-8.497530000000000655e+03 2.072516597569292287e+02
-9.545479999999999563e+03 2.084284992225792905e+02
-1.072270000000000073e+04 2.095067959073181214e+02
-1.204500000000000000e+04 2.104092077769466584e+02
-1.353050000000000000e+04 2.111219175281827916e+02
-1.519910000000000036e+04 2.116799643330176934e+02
-1.707350000000000000e+04 2.121063682816024141e+02
-1.917909999999999854e+04 2.124190576605177512e+02
-2.154429999999999927e+04 2.126408484206624792e+02
-2.420129999999999927e+04 2.127762173321812043e+02
-2.718590000000000146e+04 2.128521310313793151e+02
-3.053859999999999854e+04 2.128841753694842112e+02
-3.430469999999999709e+04 2.128800124653488410e+02
-3.853530000000000291e+04 2.128397102585120990e+02
-4.328759999999999854e+04 2.128081811340531999e+02
-4.862600000000000000e+04 2.127402557460326875e+02
-5.462280000000000291e+04 2.126709197947218399e+02
-6.135909999999999854e+04 2.126009134496521256e+02
-6.892610000000000582e+04 2.125276765328075328e+02
-7.742639999999999418e+04 2.124488022844467423e+02
-8.697489999999999418e+04 2.123731271941630041e+02
-9.770100000000000000e+04 2.123154585273464079e+02
-1.097500000000000000e+05 2.122509383612935210e+02
-1.232850000000000000e+05 2.121916417323390078e+02
-1.384890000000000000e+05 2.121139556399471360e+02
-1.555680000000000000e+05 2.121271114736539971e+02
-1.747530000000000000e+05 2.120639208809178342e+02
-1.963040000000000000e+05 2.119807004460749340e+02
-2.205130000000000000e+05 2.119387528415974202e+02
-2.477080000000000000e+05 2.119540548420440587e+02
-2.782560000000000000e+05 2.118825569802677364e+02
-3.125720000000000000e+05 2.118937504672424268e+02
-3.511190000000000000e+05 2.118668947519913104e+02
-3.944210000000000000e+05 2.118406655153159477e+02
-4.430620000000000000e+05 2.118631529380609493e+02
-4.977020000000000000e+05 2.118266709441016928e+02
-5.590810000000000000e+05 2.117055976002531281e+02
-6.280290000000000000e+05 2.115134455888832292e+02
-7.054800000000000000e+05 2.116654160071343540e+02
-7.924830000000000000e+05 2.117462718224357445e+02
-8.902150000000000000e+05 2.112951385127609001e+02
-1.000000000000000000e+06 2.112980076224536390e+02
