-0.134811 -1.54057e-08
-0.134721 -1.52527e-08
-0.134631 -1.49567e-08
-0.134542 -1.46392e-08
-0.134452 -1.44387e-08
-0.134362 -1.43947e-08
-0.134272 -1.4457e-08
-0.134182 -1.44526e-08
-0.134092 -1.43082e-08
-0.134002 -1.43359e-08
-0.133912 -1.43443e-08
-0.133823 -1.43842e-08
-0.133733 -1.45279e-08
-0.133643 -1.46224e-08
-0.133553 -1.49425e-08
-0.133463 -1.50684e-08
-0.133373 -1.51639e-08
-0.133283 -1.52048e-08
-0.133194 -1.5224e-08
-0.133104 -1.55492e-08
-0.133014 -1.60635e-08
-0.132924 -1.65595e-08
-0.132834 -1.68321e-08
-0.132744 -1.71049e-08
-0.132654 -1.75622e-08
-0.132564 -1.78196e-08
-0.132475 -1.82946e-08
-0.132385 -1.88469e-08
-0.132295 -1.91455e-08
-0.132205 -1.95453e-08
-0.132115 -2.0095e-08
-0.132025 -2.05928e-08
-0.131935 -2.0894e-08
-0.131845 -2.10982e-08
-0.131756 -2.12099e-08
-0.131666 -2.12579e-08
-0.131576 -2.15026e-08
-0.131486 -2.17135e-08
-0.131396 -2.14967e-08
-0.131306 -2.13799e-08
-0.131216 -2.11288e-08
-0.131126 -2.07592e-08
-0.131037 -2.02874e-08
-0.130947 -1.98531e-08
-0.130857 -1.9364e-08
-0.130767 -1.87617e-08
-0.130677 -1.81182e-08
-0.130587 -1.75587e-08
-0.130497 -1.69179e-08
-0.130407 -1.63664e-08
-0.130318 -1.58625e-08
-0.130228 -1.52962e-08
-0.130138 -1.50614e-08
-0.130048 -1.47154e-08
-0.129958 -1.44083e-08
-0.129868 -1.41684e-08
-0.129778 -1.39424e-08
-0.129688 -1.38852e-08
-0.129599 -1.3928e-08
-0.129509 -1.39958e-08
-0.129419 -1.40542e-08
-0.129329 -1.41525e-08
-0.129239 -1.45718e-08
-0.129149 -1.50245e-08
-0.129059 -1.56161e-08
-0.128969 -1.6241e-08
-0.12888 -1.66892e-08
-0.12879 -1.71851e-08
-0.1287 -1.77814e-08
-0.12861 -1.85652e-08
-0.12852 -1.93212e-08
-0.12843 -1.99389e-08
-0.12834 -2.03928e-08
-0.12825 -2.0745e-08
-0.128161 -2.10972e-08
-0.128071 -2.13313e-08
-0.127981 -2.11531e-08
-0.127891 -2.11986e-08
-0.127801 -2.10489e-08
-0.127711 -2.07912e-08
-0.127621 -2.03903e-08
-0.127531 -1.98764e-08
-0.127442 -1.92296e-08
-0.127352 -1.86531e-08
-0.127262 -1.81373e-08
-0.127172 -1.77626e-08
-0.127082 -1.73849e-08
-0.126992 -1.70999e-08
-0.126902 -1.67055e-08
-0.126812 -1.61935e-08
-0.126723 -1.59938e-08
-0.126633 -1.56749e-08
-0.126543 -1.54287e-08
-0.126453 -1.52311e-08
-0.126363 -1.50769e-08
-0.126273 -1.48845e-08
-0.126183 -1.47308e-08
-0.126093 -1.45582e-08
-0.126004 -1.44659e-08
-0.125914 -1.4449e-08
-0.125824 -1.46808e-08
-0.125734 -1.47731e-08
-0.125644 -1.49164e-08
-0.125554 -1.51229e-08
-0.125464 -1.5214e-08
-0.125374 -1.53422e-08
-0.125285 -1.55297e-08
-0.125195 -1.58478e-08
-0.125105 -1.62484e-08
-0.125015 -1.66178e-08
-0.124925 -1.69266e-08
-0.124835 -1.72036e-08
-0.124745 -1.75046e-08
-0.124655 -1.78949e-08
-0.124566 -1.81008e-08
-0.124476 -1.85293e-08
-0.124386 -1.87949e-08
-0.124296 -1.89787e-08
-0.124206 -1.90646e-08
-0.124116 -1.91182e-08
-0.124026 -1.91113e-08
-0.123936 -1.90341e-08
-0.123847 -1.88884e-08
-0.123757 -1.87456e-08
-0.123667 -1.86114e-08
-0.123577 -1.84816e-08
-0.123487 -1.82565e-08
-0.123397 -1.79381e-08
-0.123307 -1.78428e-08
-0.123217 -1.77229e-08
-0.123128 -1.75903e-08
-0.123038 -1.73552e-08
-0.122948 -1.71642e-08
-0.122858 -1.69526e-08
-0.122768 -1.6808e-08
-0.122678 -1.66209e-08
-0.122588 -1.64406e-08
-0.122498 -1.62822e-08
-0.122409 -1.62819e-08
-0.122319 -1.61384e-08
-0.122229 -1.60439e-08
-0.122139 -1.60174e-08
-0.122049 -1.59415e-08
-0.121959 -1.58827e-08
-0.121869 -1.58037e-08
-0.121779 -1.57815e-08
-0.12169 -1.57448e-08
-0.1216 -1.56882e-08
-0.12151 -1.56713e-08
-0.12142 -1.58359e-08
-0.12133 -1.59641e-08
-0.12124 -1.61362e-08
-0.12115 -1.61972e-08
-0.12106 -1.6405e-08
-0.120971 -1.65137e-08
-0.120881 -1.66047e-08
-0.120791 -1.65549e-08
-0.120701 -1.64475e-08
-0.120611 -1.62873e-08
-0.120521 -1.61726e-08
-0.120431 -1.60846e-08
-0.120341 -1.60098e-08
-0.120252 -1.59376e-08
-0.120162 -1.58057e-08
-0.120072 -1.55692e-08
-0.119982 -1.53011e-08
-0.119892 -1.51526e-08
-0.119802 -1.50714e-08
-0.119712 -1.50035e-08
-0.119623 -1.48608e-08
-0.119533 -1.47793e-08
-0.119443 -1.46902e-08
-0.119353 -1.46627e-08
-0.119263 -1.46025e-08
-0.119173 -1.46298e-08
-0.119083 -1.47284e-08
-0.118993 -1.48569e-08
-0.118904 -1.50098e-08
-0.118814 -1.51039e-08
-0.118724 -1.52043e-08
-0.118634 -1.53239e-08
-0.118544 -1.54456e-08
-0.118454 -1.5595e-08
-0.118364 -1.57588e-08
-0.118274 -1.58653e-08
-0.118185 -1.59122e-08
-0.118095 -1.59795e-08
-0.118005 -1.60632e-08
-0.117915 -1.60248e-08
-0.117825 -1.59048e-08
-0.117735 -1.58485e-08
-0.117645 -1.57935e-08
-0.117555 -1.5742e-08
-0.117466 -1.57588e-08
-0.117376 -1.57181e-08
-0.117286 -1.56681e-08
-0.117196 -1.55647e-08
-0.117106 -1.54497e-08
-0.117016 -1.54036e-08
-0.116926 -1.53953e-08
-0.116836 -1.5427e-08
-0.116747 -1.53816e-08
-0.116657 -1.53564e-08
-0.116567 -1.54151e-08
-0.116477 -1.53939e-08
-0.116387 -1.54511e-08
-0.116297 -1.55637e-08
-0.116207 -1.56585e-08
-0.116117 -1.56544e-08
-0.116028 -1.56896e-08
-0.115938 -1.57753e-08
-0.115848 -1.58904e-08
-0.115758 -1.59653e-08
-0.115668 -1.60722e-08
-0.115578 -1.61629e-08
-0.115488 -1.63568e-08
-0.115398 -1.64328e-08
-0.115309 -1.64378e-08
-0.115219 -1.64975e-08
-0.115129 -1.65059e-08
-0.115039 -1.65583e-08
-0.114949 -1.6611e-08
-0.114859 -1.66285e-08
-0.114769 -1.65944e-08
-0.114679 -1.6526e-08
-0.11459 -1.64307e-08
-0.1145 -1.63172e-08
-0.11441 -1.61286e-08
-0.11432 -1.60387e-08
-0.11423 -1.58381e-08
-0.11414 -1.56711e-08
-0.11405 -1.55079e-08
-0.11396 -1.53096e-08
-0.113871 -1.5113e-08
-0.113781 -1.49251e-08
-0.113691 -1.47497e-08
-0.113601 -1.46028e-08
-0.113511 -1.44798e-08
-0.113421 -1.43521e-08
-0.113331 -1.41564e-08
-0.113241 -1.39504e-08
-0.113152 -1.38194e-08
-0.113062 -1.36215e-08
-0.112972 -1.35208e-08
-0.112882 -1.34874e-08
-0.112792 -1.35408e-08
-0.112702 -1.35522e-08
-0.112612 -1.35805e-08
-0.112522 -1.35885e-08
-0.112433 -1.36151e-08
-0.112343 -1.36454e-08
-0.112253 -1.37026e-08
-0.112163 -1.37608e-08
-0.112073 -1.3947e-08
-0.111983 -1.40885e-08
-0.111893 -1.41871e-08
-0.111803 -1.42326e-08
-0.111714 -1.42668e-08
-0.111624 -1.43167e-08
-0.111534 -1.43976e-08
-0.111444 -1.45279e-08
-0.111354 -1.46662e-08
-0.111264 -1.47575e-08
-0.111174 -1.4753e-08
-0.111084 -1.47829e-08
-0.110995 -1.48148e-08
-0.110905 -1.4845e-08
-0.110815 -1.49008e-08
-0.110725 -1.49166e-08
-0.110635 -1.48853e-08
-0.110545 -1.49094e-08
-0.110455 -1.49222e-08
-0.110365 -1.49383e-08
-0.110276 -1.49276e-08
-0.110186 -1.48982e-08
-0.110096 -1.48991e-08
-0.110006 -1.48844e-08
-0.109916 -1.49129e-08
-0.109826 -1.49009e-08
-0.109736 -1.48431e-08
-0.109646 -1.48104e-08
-0.109557 -1.47638e-08
-0.109467 -1.47076e-08
-0.109377 -1.46404e-08
-0.109287 -1.45585e-08
-0.109197 -1.44659e-08
-0.109107 -1.43778e-08
-0.109017 -1.42934e-08
-0.108927 -1.41542e-08
-0.108838 -1.39861e-08
-0.108748 -1.38685e-08
-0.108658 -1.3684e-08
-0.108568 -1.35517e-08
-0.108478 -1.34699e-08
-0.108388 -1.33418e-08
-0.108298 -1.32361e-08
-0.108208 -1.31498e-08
-0.108119 -1.31005e-08
-0.108029 -1.30368e-08
-0.107939 -1.29896e-08
-0.107849 -1.29384e-08
-0.107759 -1.29276e-08
-0.107669 -1.2973e-08
-0.107579 -1.30643e-08
-0.107489 -1.30718e-08
-0.1074 -1.31079e-08
-0.10731 -1.31421e-08
-0.10722 -1.31763e-08
-0.10713 -1.32076e-08
-0.10704 -1.32737e-08
-0.10695 -1.33461e-08
-0.10686 -1.34167e-08
-0.106771 -1.34555e-08
-0.106681 -1.35288e-08
-0.106591 -1.35979e-08
-0.106501 -1.36557e-08
-0.106411 -1.37246e-08
-0.106321 -1.37707e-08
-0.106231 -1.38779e-08
-0.106141 -1.39363e-08
-0.106052 -1.40052e-08
-0.105962 -1.40343e-08
-0.105872 -1.40675e-08
-0.105782 -1.40912e-08
-0.105692 -1.4151e-08
-0.105602 -1.41854e-08
-0.105512 -1.42335e-08
-0.105422 -1.42709e-08
-0.105333 -1.42723e-08
-0.105243 -1.42566e-08
-0.105153 -1.42669e-08
-0.105063 -1.42518e-08
-0.104973 -1.42566e-08
-0.104883 -1.42561e-08
-0.104793 -1.42273e-08
-0.104703 -1.41949e-08
-0.104614 -1.4165e-08
-0.104524 -1.41464e-08
-0.104434 -1.41208e-08
-0.104344 -1.4107e-08
-0.104254 -1.4057e-08
-0.104164 -1.39895e-08
-0.104074 -1.39515e-08
-0.103984 -1.38845e-08
-0.103895 -1.38448e-08
-0.103805 -1.38098e-08
-0.103715 -1.37529e-08
-0.103625 -1.36793e-08
-0.103535 -1.35792e-08
-0.103445 -1.34948e-08
-0.103355 -1.3431e-08
-0.103265 -1.3368e-08
-0.103176 -1.33176e-08
-0.103086 -1.32299e-08
-0.102996 -1.31261e-08
-0.102906 -1.30359e-08
-0.102816 -1.28825e-08
-0.102726 -1.28108e-08
-0.102636 -1.27321e-08
-0.102546 -1.269e-08
-0.102457 -1.26657e-08
-0.102367 -1.26501e-08
-0.102277 -1.26223e-08
-0.102187 -1.26075e-08
-0.102097 -1.25791e-08
-0.102007 -1.25626e-08
-0.101917 -1.25211e-08
-0.101827 -1.25407e-08
-0.101738 -1.25356e-08
-0.101648 -1.2477e-08
-0.101558 -1.24115e-08
-0.101468 -1.23615e-08
-0.101378 -1.23245e-08
-0.101288 -1.22539e-08
-0.101198 -1.21784e-08
-0.101108 -1.20679e-08
-0.101019 -1.19812e-08
-0.100929 -1.18771e-08
-0.100839 -1.17665e-08
-0.100749 -1.16375e-08
-0.100659 -1.15309e-08
-0.100569 -1.143e-08
-0.100479 -1.13469e-08
-0.100389 -1.12795e-08
-0.1003 -1.12335e-08
-0.10021 -1.11762e-08
-0.10012 -1.11371e-08
-0.10003 -1.11165e-08
-0.0999401 -1.11175e-08
-0.0998502 -1.10878e-08
-0.0997603 -1.10481e-08
-0.0996704 -1.10545e-08
-0.0995806 -1.10878e-08
-0.0994907 -1.11175e-08
-0.0994008 -1.11662e-08
-0.0993109 -1.11723e-08
-0.0992211 -1.11637e-08
-0.0991312 -1.11809e-08
-0.0990413 -1.11921e-08
-0.0989514 -1.12008e-08
-0.0988616 -1.12007e-08
-0.0987717 -1.12039e-08
-0.0986818 -1.12104e-08
-0.098592 -1.12176e-08
-0.0985021 -1.12629e-08
-0.0984122 -1.12653e-08
-0.0983223 -1.12759e-08
-0.0982325 -1.13322e-08
-0.0981426 -1.13719e-08
-0.0980527 -1.14093e-08
-0.0979628 -1.14508e-08
-0.097873 -1.15215e-08
-0.0977831 -1.15876e-08
-0.0976932 -1.16423e-08
-0.0976033 -1.16649e-08
-0.0975135 -1.16939e-08
-0.0974236 -1.17262e-08
-0.0973337 -1.177e-08
-0.0972438 -1.17684e-08
-0.097154 -1.1802e-08
-0.0970641 -1.18135e-08
-0.0969742 -1.18207e-08
-0.0968843 -1.18116e-08
-0.0967945 -1.18041e-08
-0.0967046 -1.17766e-08
-0.0966147 -1.17315e-08
-0.0965248 -1.16676e-08
-0.096435 -1.16126e-08
-0.0963451 -1.15461e-08
-0.0962552 -1.14562e-08
-0.0961653 -1.1357e-08
-0.0960755 -1.12578e-08
-0.0959856 -1.11827e-08
-0.0958957 -1.11279e-08
-0.0958059 -1.10784e-08
-0.095716 -1.1016e-08
-0.0956261 -1.09603e-08
-0.0955362 -1.08874e-08
-0.0954464 -1.08078e-08
-0.0953565 -1.07268e-08
-0.0952666 -1.06586e-08
-0.0951767 -1.05902e-08
-0.0950869 -1.04987e-08
-0.094997 -1.04391e-08
-0.0949071 -1.03815e-08
-0.0948172 -1.03236e-08
-0.0947274 -1.031e-08
-0.0946375 -1.03111e-08
-0.0945476 -1.03056e-08
-0.0944577 -1.02961e-08
-0.0943679 -1.0294e-08
-0.094278 -1.03093e-08
-0.0941881 -1.0344e-08
-0.0940982 -1.0385e-08
-0.0940084 -1.04323e-08
-0.0939185 -1.04677e-08
-0.0938286 -1.05515e-08
-0.0937387 -1.05825e-08
-0.0936489 -1.06113e-08
-0.093559 -1.06227e-08
-0.0934691 -1.06375e-08
-0.0933793 -1.0646e-08
-0.0932894 -1.06511e-08
-0.0931995 -1.06474e-08
-0.0931096 -1.06459e-08
-0.0930198 -1.06298e-08
-0.0929299 -1.05938e-08
-0.09284 -1.05681e-08
-0.0927501 -1.05596e-08
-0.0926603 -1.05535e-08
-0.0925704 -1.05307e-08
-0.0924805 -1.0506e-08
-0.0923906 -1.04756e-08
-0.0923008 -1.04669e-08
-0.0922109 -1.04574e-08
-0.092121 -1.04759e-08
-0.0920311 -1.04919e-08
-0.0919413 -1.05172e-08
-0.0918514 -1.05374e-08
-0.0917615 -1.05596e-08
-0.0916716 -1.06061e-08
-0.0915818 -1.06409e-08
-0.0914919 -1.0677e-08
-0.091402 -1.06984e-08
-0.0913121 -1.06883e-08
-0.0912223 -1.06686e-08
-0.0911324 -1.06273e-08
-0.0910425 -1.05797e-08
-0.0909526 -1.05172e-08
-0.0908628 -1.04526e-08
-0.0907729 -1.03746e-08
-0.090683 -1.02719e-08
-0.0905932 -1.01706e-08
-0.0905033 -1.00683e-08
-0.0904134 -9.92277e-09
-0.0903235 -9.82838e-09
-0.0902337 -9.7405e-09
-0.0901438 -9.6587e-09
-0.0900539 -9.57691e-09
-0.089964 -9.49697e-09
-0.0898742 -9.41882e-09
-0.0897843 -9.35582e-09
-0.0896944 -9.29435e-09
-0.0896045 -9.25583e-09
-0.0895147 -9.23038e-09
-0.0894248 -9.21833e-09
-0.0893349 -9.20558e-09
-0.089245 -9.16867e-09
-0.0891552 -9.14639e-09
-0.0890653 -9.13538e-09
-0.0889754 -9.11554e-09
-0.0888855 -9.07836e-09
-0.0887957 -9.06376e-09
-0.0887058 -9.03404e-09
-0.0886159 -9.00917e-09
-0.088526 -8.97739e-09
-0.0884362 -8.94755e-09
-0.0883463 -8.92684e-09
-0.0882564 -8.88854e-09
-0.0881665 -8.84759e-09
-0.0880767 -8.80319e-09
-0.0879868 -8.75955e-09
-0.0878969 -8.73181e-09
-0.0878071 -8.70345e-09
-0.0877172 -8.68073e-09
-0.0876273 -8.65976e-09
-0.0875374 -8.64372e-09
-0.0874476 -8.61583e-09
-0.0873577 -8.59869e-09
-0.0872678 -8.59769e-09
-0.0871779 -8.58404e-09
-0.0870881 -8.56574e-09
-0.0869982 -8.57153e-09
-0.0869083 -8.544e-09
-0.0868184 -8.52518e-09
-0.0867286 -8.51293e-09
-0.0866387 -8.49937e-09
-0.0865488 -8.504e-09
-0.0864589 -8.51575e-09
-0.0863691 -8.52293e-09
-0.0862792 -8.52795e-09
-0.0861893 -8.52375e-09
-0.0860994 -8.51847e-09
-0.0860096 -8.50165e-09
-0.0859197 -8.49099e-09
-0.0858298 -8.50016e-09
-0.0857399 -8.49983e-09
-0.0856501 -8.48564e-09
-0.0855602 -8.47527e-09
-0.0854703 -8.47397e-09
-0.0853805 -8.45695e-09
-0.0852906 -8.44605e-09
-0.0852007 -8.42429e-09
-0.0851108 -8.39511e-09
-0.085021 -8.3612e-09
-0.0849311 -8.31287e-09
-0.0848412 -8.27818e-09
-0.0847513 -8.23672e-09
-0.0846615 -8.20804e-09
-0.0845716 -8.19048e-09
-0.0844817 -8.14961e-09
-0.0843918 -8.11899e-09
-0.084302 -8.08445e-09
-0.0842121 -8.05261e-09
-0.0841222 -8.02143e-09
-0.0840323 -8.00578e-09
-0.0839425 -7.9859e-09
-0.0838526 -7.97383e-09
-0.0837627 -7.97228e-09
-0.0836728 -7.98008e-09
-0.083583 -7.96229e-09
-0.0834931 -7.97342e-09
-0.0834032 -7.98206e-09
-0.0833133 -7.99256e-09
-0.0832235 -7.99568e-09
-0.0831336 -7.9939e-09
-0.0830437 -7.99611e-09
-0.0829538 -8.00416e-09
-0.082864 -8.00752e-09
-0.0827741 -8.01577e-09
-0.0826842 -8.035e-09
-0.0825944 -8.05309e-09
-0.0825045 -8.07408e-09
-0.0824146 -8.08635e-09
-0.0823247 -8.10544e-09
-0.0822349 -8.11803e-09
-0.082145 -8.12112e-09
-0.0820551 -8.11739e-09
-0.0819652 -8.11003e-09
-0.0818754 -8.09962e-09
-0.0817855 -8.09576e-09
-0.0816956 -8.09793e-09
-0.0816057 -8.09908e-09
-0.0815159 -8.10587e-09
-0.081426 -8.09168e-09
-0.0813361 -8.0784e-09
-0.0812462 -8.05879e-09
-0.0811564 -8.032e-09
-0.0810665 -8.02683e-09
-0.0809766 -8.01506e-09
-0.0808867 -8.0103e-09
-0.0807969 -8.00782e-09
-0.080707 -8.01283e-09
-0.0806171 -8.00587e-09
-0.0805272 -7.99907e-09
-0.0804374 -7.99133e-09
-0.0803475 -7.97907e-09
-0.0802576 -7.96582e-09
-0.0801677 -7.97279e-09
-0.0800779 -7.96505e-09
-0.079988 -7.95623e-09
-0.0798981 -7.9406e-09
-0.0798083 -7.92627e-09
-0.0797184 -7.91226e-09
-0.0796285 -7.8999e-09
-0.0795386 -7.88085e-09
-0.0794488 -7.85509e-09
-0.0793589 -7.81947e-09
-0.079269 -7.76723e-09
-0.0791791 -7.71698e-09
-0.0790893 -7.64898e-09
-0.0789994 -7.58077e-09
-0.0789095 -7.52805e-09
-0.0788196 -7.47127e-09
-0.0787298 -7.41727e-09
-0.0786399 -7.36848e-09
-0.07855 -7.31493e-09
-0.0784601 -7.25465e-09
-0.0783703 -7.19343e-09
-0.0782804 -7.12496e-09
-0.0781905 -7.0686e-09
-0.0781006 -7.01134e-09
-0.0780108 -6.97274e-09
-0.0779209 -6.9212e-09
-0.077831 -6.87882e-09
-0.0777411 -6.8511e-09
-0.0776513 -6.81932e-09
-0.0775614 -6.78399e-09
-0.0774715 -6.74041e-09
-0.0773817 -6.70678e-09
-0.0772918 -6.67011e-09
-0.0772019 -6.6384e-09
-0.077112 -6.60251e-09
-0.0770222 -6.57494e-09
-0.0769323 -6.54825e-09
-0.0768424 -6.51599e-09
-0.0767525 -6.47729e-09
-0.0766627 -6.44178e-09
-0.0765728 -6.41296e-09
-0.0764829 -6.39231e-09
-0.076393 -6.36748e-09
-0.0763032 -6.3361e-09
-0.0762133 -6.29604e-09
-0.0761234 -6.25838e-09
-0.0760335 -6.22869e-09
-0.0759437 -6.21075e-09
-0.0758538 -6.20741e-09
-0.0757639 -6.20175e-09
-0.075674 -6.20502e-09
-0.0755842 -6.21527e-09
-0.0754943 -6.20084e-09
-0.0754044 -6.19815e-09
-0.0753145 -6.18536e-09
-0.0752247 -6.17627e-09
-0.0751348 -6.16691e-09
-0.0750449 -6.16588e-09
-0.074955 -6.16355e-09
-0.0748652 -6.16551e-09
-0.0747753 -6.15804e-09
-0.0746854 -6.15701e-09
-0.0745956 -6.15536e-09
-0.0745057 -6.16036e-09
-0.0744158 -6.15641e-09
-0.0743259 -6.14713e-09
-0.0742361 -6.13267e-09
-0.0741462 -6.11984e-09
-0.0740563 -6.10748e-09
-0.0739664 -6.09459e-09
-0.0738766 -6.08828e-09
-0.0737867 -6.08046e-09
-0.0736968 -6.07906e-09
-0.0736069 -6.08327e-09
-0.0735171 -6.09717e-09
-0.0734272 -6.12464e-09
-0.0733373 -6.13996e-09
-0.0732474 -6.15872e-09
-0.0731576 -6.16982e-09
-0.0730677 -6.16917e-09
-0.0729778 -6.16319e-09
-0.0728879 -6.1568e-09
-0.0727981 -6.15212e-09
-0.0727082 -6.14894e-09
-0.0726183 -6.14239e-09
-0.0725284 -6.13039e-09
-0.0724386 -6.11485e-09
-0.0723487 -6.10656e-09
-0.0722588 -6.09828e-09
-0.0721689 -6.08371e-09
-0.0720791 -6.07885e-09
-0.0719892 -6.05899e-09
-0.0718993 -6.04266e-09
-0.0718095 -6.0166e-09
-0.0717196 -5.98237e-09
-0.0716297 -5.94249e-09
-0.0715398 -5.90827e-09
-0.07145 -5.87885e-09
-0.0713601 -5.86139e-09
-0.0712702 -5.8473e-09
-0.0711803 -5.82606e-09
-0.0710905 -5.80611e-09
-0.0710006 -5.78677e-09
-0.0709107 -5.76336e-09
-0.0708208 -5.75584e-09
-0.070731 -5.74803e-09
-0.0706411 -5.73595e-09
-0.0705512 -5.72232e-09
-0.0704613 -5.71389e-09
-0.0703715 -5.71216e-09
-0.0702816 -5.70861e-09
-0.0701917 -5.69592e-09
-0.0701018 -5.68423e-09
-0.070012 -5.67179e-09
-0.0699221 -5.68042e-09
-0.0698322 -5.67619e-09
-0.0697423 -5.66304e-09
-0.0696525 -5.64748e-09
-0.0695626 -5.63687e-09
-0.0694727 -5.62145e-09
-0.0693829 -5.60074e-09
-0.069293 -5.57657e-09
-0.0692031 -5.55472e-09
-0.0691132 -5.53041e-09
-0.0690234 -5.5016e-09
-0.0689335 -5.4813e-09
-0.0688436 -5.45314e-09
-0.0687537 -5.4184e-09
-0.0686639 -5.39683e-09
-0.068574 -5.36993e-09
-0.0684841 -5.34216e-09
-0.0683942 -5.31954e-09
-0.0683044 -5.29711e-09
-0.0682145 -5.27811e-09
-0.0681246 -5.26785e-09
-0.0680347 -5.25998e-09
-0.0679449 -5.25701e-09
-0.067855 -5.259e-09
-0.0677651 -5.27333e-09
-0.0676752 -5.27543e-09
-0.0675854 -5.27435e-09
-0.0674955 -5.27787e-09
-0.0674056 -5.27927e-09
-0.0673157 -5.27448e-09
-0.0672259 -5.26441e-09
-0.067136 -5.26162e-09
-0.0670461 -5.25846e-09
-0.0669562 -5.25753e-09
-0.0668664 -5.25271e-09
-0.0667765 -5.25329e-09
-0.0666866 -5.25219e-09
-0.0665968 -5.24615e-09
-0.0665069 -5.24138e-09
-0.066417 -5.2274e-09
-0.0663271 -5.21586e-09
-0.0662373 -5.20594e-09
-0.0661474 -5.19333e-09
-0.0660575 -5.18633e-09
-0.0659676 -5.18092e-09
-0.0658778 -5.17651e-09
-0.0657879 -5.17424e-09
-0.065698 -5.1744e-09
-0.0656081 -5.17216e-09
-0.0655183 -5.16561e-09
-0.0654284 -5.15531e-09
-0.0653385 -5.15006e-09
-0.0652486 -5.1338e-09
-0.0651588 -5.12299e-09
-0.0650689 -5.10565e-09
-0.064979 -5.09616e-09
-0.0648891 -5.08455e-09
-0.0647993 -5.07892e-09
-0.0647094 -5.07023e-09
-0.0646195 -5.06174e-09
-0.0645296 -5.04918e-09
-0.0644398 -5.03417e-09
-0.0643499 -5.02645e-09
-0.06426 -5.01186e-09
-0.0641701 -4.99211e-09
-0.0640803 -4.97576e-09
-0.0639904 -4.95776e-09
-0.0639005 -4.93658e-09
-0.0638107 -4.91721e-09
-0.0637208 -4.90595e-09
-0.0636309 -4.89318e-09
-0.063541 -4.87878e-09
-0.0634512 -4.85942e-09
-0.0633613 -4.84085e-09
-0.0632714 -4.81833e-09
-0.0631815 -4.79791e-09
-0.0630917 -4.76744e-09
-0.0630018 -4.75089e-09
-0.0629119 -4.73399e-09
-0.062822 -4.72053e-09
-0.0627322 -4.70063e-09
-0.0626423 -4.68338e-09
-0.0625524 -4.66698e-09
-0.0624625 -4.64978e-09
-0.0623727 -4.6283e-09
-0.0622828 -4.60963e-09
-0.0621929 -4.58811e-09
-0.062103 -4.56021e-09
-0.0620132 -4.53073e-09
-0.0619233 -4.50559e-09
-0.0618334 -4.47108e-09
-0.0617435 -4.44512e-09
-0.0616537 -4.42015e-09
-0.0615638 -4.39692e-09
-0.0614739 -4.36793e-09
-0.0613841 -4.33452e-09
-0.0612942 -4.29816e-09
-0.0612043 -4.26762e-09
-0.0611144 -4.23016e-09
-0.0610246 -4.19347e-09
-0.0609347 -4.1515e-09
-0.0608448 -4.1158e-09
-0.0607549 -4.08394e-09
-0.0606651 -4.05124e-09
-0.0605752 -4.02947e-09
-0.0604853 -4.00903e-09
-0.0603954 -3.99299e-09
-0.0603056 -3.98012e-09
-0.0602157 -3.96856e-09
-0.0601258 -3.95418e-09
-0.0600359 -3.93831e-09
-0.0599461 -3.91883e-09
-0.0598562 -3.89829e-09
-0.0597663 -3.8845e-09
-0.0596764 -3.86311e-09
-0.0595866 -3.85085e-09
-0.0594967 -3.83667e-09
-0.0594068 -3.81997e-09
-0.0593169 -3.8025e-09
-0.0592271 -3.78679e-09
-0.0591372 -3.77247e-09
-0.0590473 -3.75466e-09
-0.0589574 -3.73321e-09
-0.0588676 -3.71017e-09
-0.0587777 -3.68784e-09
-0.0586878 -3.66864e-09
-0.058598 -3.64597e-09
-0.0585081 -3.6234e-09
-0.0584182 -3.60371e-09
-0.0583283 -3.58952e-09
-0.0582385 -3.57542e-09
-0.0581486 -3.55854e-09
-0.0580587 -3.5391e-09
-0.0579688 -3.51379e-09
-0.057879 -3.48879e-09
-0.0577891 -3.47082e-09
-0.0576992 -3.45337e-09
-0.0576093 -3.4395e-09
-0.0575195 -3.4173e-09
-0.0574296 -3.40259e-09
-0.0573397 -3.38382e-09
-0.0572498 -3.36027e-09
-0.05716 -3.34635e-09
-0.0570701 -3.33191e-09
-0.0569802 -3.32362e-09
-0.0568903 -3.31703e-09
-0.0568005 -3.31602e-09
-0.0567106 -3.31178e-09
-0.0566207 -3.31111e-09
-0.0565308 -3.30744e-09
-0.056441 -3.30554e-09
-0.0563511 -3.30634e-09
-0.0562612 -3.30879e-09
-0.0561713 -3.30868e-09
-0.0560815 -3.30875e-09
-0.0559916 -3.30311e-09
-0.0559017 -3.29646e-09
-0.0558119 -3.29193e-09
-0.055722 -3.28904e-09
-0.0556321 -3.28631e-09
-0.0555422 -3.28248e-09
-0.0554524 -3.27572e-09
-0.0553625 -3.26923e-09
-0.0552726 -3.26743e-09
-0.0551827 -3.26073e-09
-0.0550929 -3.2462e-09
-0.055003 -3.23684e-09
-0.0549131 -3.22926e-09
-0.0548232 -3.22127e-09
-0.0547334 -3.21135e-09
-0.0546435 -3.20489e-09
-0.0545536 -3.20057e-09
-0.0544637 -3.19683e-09
-0.0543739 -3.19432e-09
-0.054284 -3.19974e-09
-0.0541941 -3.20645e-09
-0.0541042 -3.21005e-09
-0.0540144 -3.21833e-09
-0.0539245 -3.22087e-09
-0.0538346 -3.21886e-09
-0.0537447 -3.21996e-09
-0.0536549 -3.2135e-09
-0.053565 -3.20757e-09
-0.0534751 -3.20098e-09
-0.0533853 -3.19746e-09
-0.0532954 -3.19257e-09
-0.0532055 -3.18803e-09
-0.0531156 -3.18077e-09
-0.0530258 -3.17524e-09
-0.0529359 -3.1657e-09
-0.052846 -3.16033e-09
-0.0527561 -3.14848e-09
-0.0526663 -3.13809e-09
-0.0525764 -3.12595e-09
-0.0524865 -3.11699e-09
-0.0523966 -3.11061e-09
-0.0523068 -3.10526e-09
-0.0522169 -3.10187e-09
-0.052127 -3.09654e-09
-0.0520371 -3.09394e-09
-0.0519473 -3.09224e-09
-0.0518574 -3.09529e-09
-0.0517675 -3.09637e-09
-0.0516776 -3.08905e-09
-0.0515878 -3.08915e-09
-0.0514979 -3.08702e-09
-0.051408 -3.08085e-09
-0.0513181 -3.06758e-09
-0.0512283 -3.05813e-09
-0.0511384 -3.0519e-09
-0.0510485 -3.0449e-09
-0.0509586 -3.03008e-09
-0.0508688 -3.01986e-09
-0.0507789 -3.00687e-09
-0.050689 -2.99316e-09
-0.0505992 -2.98237e-09
-0.0505093 -2.9715e-09
-0.0504194 -2.96002e-09
-0.0503295 -2.95188e-09
-0.0502397 -2.93992e-09
-0.0501498 -2.93085e-09
-0.0500599 -2.92424e-09
-0.04997 -2.91609e-09
-0.0498802 -2.9083e-09
-0.0497903 -2.90053e-09
-0.0497004 -2.89138e-09
-0.0496105 -2.88123e-09
-0.0495207 -2.86393e-09
-0.0494308 -2.85253e-09
-0.0493409 -2.83717e-09
-0.049251 -2.82131e-09
-0.0491612 -2.80444e-09
-0.0490713 -2.79083e-09
-0.0489814 -2.77506e-09
-0.0488915 -2.75751e-09
-0.0488017 -2.73902e-09
-0.0487118 -2.71623e-09
-0.0486219 -2.69647e-09
-0.048532 -2.67235e-09
-0.0484422 -2.65055e-09
-0.0483523 -2.63088e-09
-0.0482624 -2.60844e-09
-0.0481725 -2.59492e-09
-0.0480827 -2.58225e-09
-0.0479928 -2.57119e-09
-0.0479029 -2.56122e-09
-0.0478131 -2.55887e-09
-0.0477232 -2.55779e-09
-0.0476333 -2.55919e-09
-0.0475434 -2.556e-09
-0.0474536 -2.55598e-09
-0.0473637 -2.55596e-09
-0.0472738 -2.5557e-09
-0.0471839 -2.55626e-09
-0.0470941 -2.5612e-09
-0.0470042 -2.56627e-09
-0.0469143 -2.57508e-09
-0.0468244 -2.58219e-09
-0.0467346 -2.58719e-09
-0.0466447 -2.59396e-09
-0.0465548 -2.59804e-09
-0.0464649 -2.60076e-09
-0.0463751 -2.59951e-09
-0.0462852 -2.59306e-09
-0.0461953 -2.57748e-09
-0.0461054 -2.55482e-09
-0.0460156 -2.54003e-09
-0.0459257 -2.52309e-09
-0.0458358 -2.50639e-09
-0.0457459 -2.49192e-09
-0.0456561 -2.48257e-09
-0.0455662 -2.47532e-09
-0.0454763 -2.46437e-09
-0.0453865 -2.45075e-09
-0.0452966 -2.43288e-09
-0.0452067 -2.41512e-09
-0.0451168 -2.39343e-09
-0.045027 -2.3744e-09
-0.0449371 -2.35428e-09
-0.0448472 -2.3333e-09
-0.0447573 -2.32065e-09
-0.0446675 -2.3071e-09
-0.0445776 -2.29616e-09
-0.0444877 -2.28767e-09
-0.0443978 -2.28061e-09
-0.044308 -2.27064e-09
-0.0442181 -2.26033e-09
-0.0441282 -2.24774e-09
-0.0440383 -2.23523e-09
-0.0439485 -2.22071e-09
-0.0438586 -2.20636e-09
-0.0437687 -2.19019e-09
-0.0436788 -2.17594e-09
-0.043589 -2.16332e-09
-0.0434991 -2.15508e-09
-0.0434092 -2.1462e-09
-0.0433193 -2.13496e-09
-0.0432295 -2.12313e-09
-0.0431396 -2.10895e-09
-0.0430497 -2.09462e-09
-0.0429598 -2.07834e-09
-0.04287 -2.06037e-09
-0.0427801 -2.03799e-09
-0.0426902 -2.01135e-09
-0.0426004 -1.99174e-09
-0.0425105 -1.97034e-09
-0.0424206 -1.94895e-09
-0.0423307 -1.93362e-09
-0.0422409 -1.92235e-09
-0.042151 -1.91619e-09
-0.0420611 -1.9104e-09
-0.0419712 -1.90384e-09
-0.0418814 -1.89201e-09
-0.0417915 -1.87807e-09
-0.0417016 -1.86067e-09
-0.0416117 -1.84584e-09
-0.0415219 -1.82998e-09
-0.041432 -1.81446e-09
-0.0413421 -1.80776e-09
-0.0412522 -1.79781e-09
-0.0411624 -1.78744e-09
-0.0410725 -1.77693e-09
-0.0409826 -1.76811e-09
-0.0408927 -1.75808e-09
-0.0408029 -1.74713e-09
-0.040713 -1.73337e-09
-0.0406231 -1.71842e-09
-0.0405332 -1.70146e-09
-0.0404434 -1.68361e-09
-0.0403535 -1.66396e-09
-0.0402636 -1.64491e-09
-0.0401737 -1.62433e-09
-0.0400839 -1.60647e-09
-0.039994 -1.58913e-09
-0.0399041 -1.56967e-09
-0.0398143 -1.54677e-09
-0.0397244 -1.5221e-09
-0.0396345 -1.50088e-09
-0.0395446 -1.48229e-09
-0.0394548 -1.46228e-09
-0.0393649 -1.44329e-09
-0.039275 -1.42108e-09
-0.0391851 -1.40457e-09
-0.0390953 -1.385e-09
-0.0390054 -1.36481e-09
-0.0389155 -1.34743e-09
-0.0388256 -1.33313e-09
-0.0387358 -1.32215e-09
-0.0386459 -1.31113e-09
-0.038556 -1.30208e-09
-0.0384661 -1.29266e-09
-0.0383763 -1.28442e-09
-0.0382864 -1.27348e-09
-0.0381965 -1.26749e-09
-0.0381066 -1.26082e-09
-0.0380168 -1.25256e-09
-0.0379269 -1.25215e-09
-0.037837 -1.24954e-09
-0.0377471 -1.24782e-09
-0.0376573 -1.24574e-09
-0.0375674 -1.24418e-09
-0.0374775 -1.24215e-09
-0.0373876 -1.24027e-09
-0.0372978 -1.23677e-09
-0.0372079 -1.23366e-09
-0.037118 -1.22853e-09
-0.0370282 -1.21903e-09
-0.0369383 -1.2116e-09
-0.0368484 -1.20638e-09
-0.0367585 -1.20048e-09
-0.0366687 -1.19744e-09
-0.0365788 -1.19799e-09
-0.0364889 -1.19514e-09
-0.036399 -1.18982e-09
-0.0363092 -1.18353e-09
-0.0362193 -1.17895e-09
-0.0361294 -1.17292e-09
-0.0360395 -1.16376e-09
-0.0359497 -1.15465e-09
-0.0358598 -1.1433e-09
-0.0357699 -1.13644e-09
-0.03568 -1.12926e-09
-0.0355902 -1.12033e-09
-0.0355003 -1.1129e-09
-0.0354104 -1.10829e-09
-0.0353205 -1.1054e-09
-0.0352307 -1.09894e-09
-0.0351408 -1.0915e-09
-0.0350509 -1.08324e-09
-0.034961 -1.07711e-09
-0.0348712 -1.07242e-09
-0.0347813 -1.07224e-09
-0.0346914 -1.06945e-09
-0.0346016 -1.06272e-09
-0.0345117 -1.06243e-09
-0.0344218 -1.05941e-09
-0.0343319 -1.05793e-09
-0.0342421 -1.05482e-09
-0.0341522 -1.05034e-09
-0.0340623 -1.04464e-09
-0.0339724 -1.04057e-09
-0.0338826 -1.03805e-09
-0.0337927 -1.03643e-09
-0.0337028 -1.03574e-09
-0.0336129 -1.03226e-09
-0.0335231 -1.03379e-09
-0.0334332 -1.03521e-09
-0.0333433 -1.03194e-09
-0.0332534 -1.02746e-09
-0.0331636 -1.02809e-09
-0.0330737 -1.02901e-09
-0.0329838 -1.02672e-09
-0.0328939 -1.02194e-09
-0.0328041 -1.01852e-09
-0.0327142 -1.01474e-09
-0.0326243 -1.00781e-09
-0.0325344 -1.00327e-09
-0.0324446 -1.00022e-09
-0.0323547 -9.94694e-10
-0.0322648 -9.90771e-10
-0.0321749 -9.84341e-10
-0.0320851 -9.76865e-10
-0.0319952 -9.70454e-10
-0.0319053 -9.64592e-10
-0.0318155 -9.57514e-10
-0.0317256 -9.49369e-10
-0.0316357 -9.41642e-10
-0.0315458 -9.34229e-10
-0.031456 -9.27492e-10
-0.0313661 -9.23818e-10
-0.0312762 -9.19979e-10
-0.0311863 -9.15234e-10
-0.0310965 -9.13635e-10
-0.0310066 -9.13811e-10
-0.0309167 -9.15877e-10
-0.0308268 -9.14973e-10
-0.030737 -9.15131e-10
-0.0306471 -9.14895e-10
-0.0305572 -9.16582e-10
-0.0304673 -9.2005e-10
-0.0303775 -9.2213e-10
-0.0302876 -9.22104e-10
-0.0301977 -9.17731e-10
-0.0301078 -9.19878e-10
-0.030018 -9.23443e-10
-0.0299281 -9.20744e-10
-0.0298382 -9.18441e-10
-0.0297483 -9.16187e-10
-0.0296585 -9.16057e-10
-0.0295686 -9.13965e-10
-0.0294787 -9.09975e-10
-0.0293888 -9.01781e-10
-0.029299 -8.90954e-10
-0.0292091 -8.75999e-10
-0.0291192 -8.63145e-10
-0.0290294 -8.53159e-10
-0.0289395 -8.37936e-10
-0.0288496 -8.24746e-10
-0.0287597 -8.1056e-10
-0.0286699 -7.9425e-10
-0.02858 -7.78207e-10
-0.0284901 -7.60306e-10
-0.0284002 -7.406e-10
-0.0283104 -7.2007e-10
-0.0282205 -7.02115e-10
-0.0281306 -6.83736e-10
-0.0280407 -6.67949e-10
-0.0279509 -6.50697e-10
-0.027861 -6.32319e-10
-0.0277711 -6.16659e-10
-0.0276812 -5.99512e-10
-0.0275914 -5.85989e-10
-0.0275015 -5.75116e-10
-0.0274116 -5.63582e-10
-0.0273217 -5.51992e-10
-0.0272319 -5.38779e-10
-0.027142 -5.2746e-10
-0.0270521 -5.1648e-10
-0.0269622 -5.06065e-10
-0.0268724 -4.93188e-10
-0.0267825 -4.81285e-10
-0.0266926 -4.70594e-10
-0.0266028 -4.61474e-10
-0.0265129 -4.51017e-10
-0.026423 -4.41235e-10
-0.0263331 -4.32164e-10
-0.0262433 -4.2761e-10
-0.0261534 -4.24511e-10
-0.0260635 -4.22978e-10
-0.0259736 -4.17569e-10
-0.0258838 -4.09673e-10
-0.0257939 -4.024e-10
-0.025704 -3.94943e-10
-0.0256141 -3.89789e-10
-0.0255243 -3.82567e-10
-0.0254344 -3.79849e-10
-0.0253445 -3.78117e-10
-0.0252546 -3.77536e-10
-0.0251648 -3.77558e-10
-0.0250749 -3.77554e-10
-0.024985 -3.78819e-10
-0.0248951 -3.78355e-10
-0.0248053 -3.79381e-10
-0.0247154 -3.76879e-10
-0.0246255 -3.73416e-10
-0.0245356 -3.63914e-10
-0.0244458 -3.53436e-10
-0.0243559 -3.49629e-10
-0.024266 -3.46187e-10
-0.0241761 -3.43558e-10
-0.0240863 -3.4333e-10
-0.0239964 -3.45695e-10
-0.0239065 -3.48119e-10
-0.0238167 -3.47504e-10
-0.0237268 -3.46143e-10
-0.0236369 -3.42537e-10
-0.023547 -3.36395e-10
-0.0234572 -3.26143e-10
-0.0233673 -3.19024e-10
-0.0232774 -3.08295e-10
-0.0231875 -2.9862e-10
-0.0230977 -2.92629e-10
-0.0230078 -2.84131e-10
-0.0229179 -2.78136e-10
-0.022828 -2.7162e-10
-0.0227382 -2.63526e-10
-0.0226483 -2.53472e-10
-0.0225584 -2.42495e-10
-0.0224685 -2.31034e-10
-0.0223787 -2.20469e-10
-0.0222888 -2.08561e-10
-0.0221989 -1.9636e-10
-0.022109 -1.8838e-10
-0.0220192 -1.7792e-10
-0.0219293 -1.66924e-10
-0.0218394 -1.58907e-10
-0.0217495 -1.51057e-10
-0.0216597 -1.42242e-10
-0.0215698 -1.32941e-10
-0.0214799 -1.24901e-10
-0.02139 -1.1896e-10
-0.0213002 -1.12743e-10
-0.0212103 -1.04489e-10
-0.0211204 -1.00392e-10
-0.0210306 -9.82192e-11
-0.0209407 -9.67447e-11
-0.0208508 -9.50412e-11
-0.0207609 -9.12566e-11
-0.0206711 -8.55679e-11
-0.0205812 -7.89139e-11
-0.0204913 -7.18687e-11
-0.0204014 -6.30646e-11
-0.0203116 -5.5458e-11
-0.0202217 -4.99673e-11
-0.0201318 -4.60313e-11
-0.0200419 -4.54656e-11
-0.0199521 -4.73098e-11
-0.0198622 -4.8722e-11
-0.0197723 -4.72413e-11
-0.0196824 -4.65505e-11
-0.0195926 -4.74484e-11
-0.0195027 -4.87523e-11
-0.0194128 -4.8573e-11
-0.0193229 -4.91447e-11
-0.0192331 -4.90091e-11
-0.0191432 -5.02115e-11
-0.0190533 -5.22674e-11
-0.0189634 -5.48082e-11
-0.0188736 -5.62436e-11
-0.0187837 -5.78029e-11
-0.0186938 -6.35133e-11
-0.018604 -6.71472e-11
-0.0185141 -7.11827e-11
-0.0184242 -7.49493e-11
-0.0183343 -8.0169e-11
-0.0182445 -8.78292e-11
-0.0181546 -9.66498e-11
-0.0180647 -1.06325e-10
-0.0179748 -1.1083e-10
-0.017885 -1.14639e-10
-0.0177951 -1.16168e-10
-0.0177052 -1.17916e-10
-0.0176153 -1.19504e-10
-0.0175255 -1.19108e-10
-0.0174356 -1.23921e-10
-0.0173457 -1.29128e-10
-0.0172558 -1.32608e-10
-0.017166 -1.34447e-10
-0.0170761 -1.37248e-10
-0.0169862 -1.40479e-10
-0.0168963 -1.43763e-10
-0.0168065 -1.46688e-10
-0.0167166 -1.49361e-10
-0.0166267 -1.50975e-10
-0.0165368 -1.47234e-10
-0.016447 -1.46663e-10
-0.0163571 -1.46471e-10
-0.0162672 -1.44886e-10
-0.0161773 -1.45348e-10
-0.0160875 -1.43677e-10
-0.0159976 -1.43041e-10
-0.0159077 -1.42009e-10
-0.0158179 -1.4358e-10
-0.015728 -1.45035e-10
-0.0156381 -1.4669e-10
-0.0155482 -1.46772e-10
-0.0154584 -1.48411e-10
-0.0153685 -1.50753e-10
-0.0152786 -1.47826e-10
-0.0151887 -1.46564e-10
-0.0150989 -1.45829e-10
-0.015009 -1.4196e-10
-0.0149191 -1.36309e-10
-0.0148292 -1.28842e-10
-0.0147394 -1.24317e-10
-0.0146495 -1.20537e-10
-0.0145596 -1.17607e-10
-0.0144697 -1.16783e-10
-0.0143799 -1.19479e-10
-0.01429 -1.19517e-10
-0.0142001 -1.18207e-10
-0.0141102 -1.17636e-10
-0.0140204 -1.1302e-10
-0.0139305 -1.11445e-10
-0.0138406 -1.10425e-10
-0.0137507 -1.09671e-10
-0.0136609 -1.08993e-10
-0.013571 -1.0956e-10
-0.0134811 -1.10324e-10
-0.0133912 -1.12474e-10
-0.0133014 -1.16149e-10
-0.0132115 -1.19432e-10
-0.0131216 -1.25755e-10
-0.0130318 -1.30466e-10
-0.0129419 -1.35317e-10
-0.012852 -1.42089e-10
-0.0127621 -1.46538e-10
-0.0126723 -1.52687e-10
-0.0125824 -1.58232e-10
-0.0124925 -1.63091e-10
-0.0124026 -1.65669e-10
-0.0123128 -1.68877e-10
-0.0122229 -1.71784e-10
-0.012133 -1.77817e-10
-0.0120431 -1.86013e-10
-0.0119533 -1.92553e-10
-0.0118634 -1.98875e-10
-0.0117735 -2.02478e-10
-0.0116836 -2.02992e-10
-0.0115938 -2.04334e-10
-0.0115039 -2.05216e-10
-0.011414 -2.02937e-10
-0.0113241 -1.99279e-10
-0.0112343 -1.93608e-10
-0.0111444 -1.89225e-10
-0.0110545 -1.83982e-10
-0.0109646 -1.75788e-10
-0.0108748 -1.68911e-10
-0.0107849 -1.62069e-10
-0.010695 -1.53853e-10
-0.0106052 -1.43921e-10
-0.0105153 -1.31373e-10
-0.0104254 -1.16362e-10
-0.0103355 -1.01425e-10
-0.0102457 -8.63221e-11
-0.0101558 -7.16507e-11
-0.0100659 -5.73458e-11
-0.00997603 -4.3828e-11
-0.00988616 -3.14076e-11
-0.00979628 -1.98845e-11
-0.00970641 -9.75691e-12
-0.00961653 1.5141e-12
-0.00952666 1.25827e-11
-0.00943679 2.37565e-11
-0.00934691 3.13567e-11
-0.00925704 3.80161e-11
-0.00916716 4.33043e-11
-0.00907729 4.6852e-11
-0.00898742 5.0092e-11
-0.00889754 5.20728e-11
-0.00880767 5.52471e-11
-0.00871779 5.82945e-11
-0.00862792 6.10728e-11
-0.00853805 6.43562e-11
-0.00844817 6.32635e-11
-0.0083583 6.00091e-11
-0.00826842 5.68913e-11
-0.00817855 5.2278e-11
-0.00808867 4.6244e-11
-0.0079988 3.60636e-11
-0.00790893 2.63117e-11
-0.00781905 1.57632e-11
-0.00772918 9.29495e-12
-0.0076393 3.66291e-12
-0.00754943 -1.07683e-12
-0.00745956 -5.0274e-12
-0.00736968 -1.02357e-11
-0.00727981 -1.53693e-11
-0.00718993 -2.52929e-11
-0.00710006 -3.47836e-11
-0.00701018 -4.45617e-11
-0.00692031 -5.44623e-11
-0.00683044 -6.40958e-11
-0.00674056 -7.27434e-11
-0.00665069 -8.00296e-11
-0.00656081 -8.66559e-11
-0.00647094 -9.15348e-11
-0.00638107 -9.31964e-11
-0.00629119 -9.15584e-11
-0.00620132 -9.37088e-11
-0.00611144 -9.66209e-11
-0.00602157 -9.82155e-11
-0.00593169 -9.75918e-11
-0.00584182 -9.87825e-11
-0.00575195 -1.01201e-10
-0.00566207 -1.01739e-10
-0.0055722 -1.01781e-10
-0.00548232 -1.01348e-10
-0.00539245 -1.00153e-10
-0.00530258 -9.68584e-11
-0.0052127 -9.51816e-11
-0.00512283 -9.49996e-11
-0.00503295 -9.07486e-11
-0.00494308 -8.78805e-11
-0.0048532 -8.70628e-11
-0.00476333 -8.56519e-11
-0.00467346 -8.42539e-11
-0.00458358 -8.0237e-11
-0.00449371 -7.60888e-11
-0.00440383 -7.17853e-11
-0.00431396 -7.12888e-11
-0.00422409 -7.01447e-11
-0.00413421 -7.09466e-11
-0.00404434 -6.99348e-11
-0.00395446 -6.84211e-11
-0.00386459 -6.85192e-11
-0.00377471 -6.53631e-11
-0.00368484 -6.53458e-11
-0.00359497 -6.2658e-11
-0.00350509 -5.89821e-11
-0.00341522 -5.59947e-11
-0.00332534 -5.40233e-11
-0.00323547 -5.28005e-11
-0.0031456 -5.04116e-11
-0.00305572 -5.06515e-11
-0.00296585 -5.04143e-11
-0.00287597 -5.26295e-11
-0.0027861 -5.03772e-11
-0.00269622 -4.69641e-11
-0.00260635 -4.64276e-11
-0.00251648 -4.57853e-11
-0.0024266 -4.27305e-11
-0.00233673 -3.71786e-11
-0.00224685 -3.31975e-11
-0.00215698 -3.04057e-11
-0.00206711 -2.81363e-11
-0.00197723 -2.8099e-11
-0.00188736 -3.0263e-11
-0.00179748 -3.00692e-11
-0.00170761 -2.66897e-11
-0.00161773 -2.58622e-11
-0.00152786 -2.29916e-11
-0.00143799 -1.782e-11
-0.00134811 -1.3848e-11
-0.00125824 -1.14887e-11
-0.00116836 -9.6432e-12
-0.00107849 -8.21354e-12
-0.000988616 -7.71484e-12
-0.000898742 -5.76322e-12
-0.000808867 -5.12832e-12
-0.000718993 -3.64773e-12
-0.000629119 -5.93095e-12
-0.000539245 -7.62376e-12
-0.000449371 -6.37922e-12
-0.000359497 -6.77966e-12
-0.000269622 -4.86196e-12
-0.000179748 -4.86245e-12
-8.98742e-05 -3.12784e-12
0 0
8.98742e-05 3.26015e-12
0.000179748 6.52134e-12
0.000269622 8.01363e-12
0.000359497 1.15904e-11
0.000449371 1.24704e-11
0.000539245 1.4624e-11
0.000629119 1.30642e-11
0.000718993 1.19878e-11
0.000808867 1.6713e-11
0.000898742 2.04549e-11
0.000988616 2.52329e-11
0.00107849 2.91457e-11
0.00116836 3.44602e-11
0.00125824 4.14281e-11
0.00134811 4.82878e-11
0.00143799 5.64873e-11
0.00152786 6.59424e-11
0.00161773 7.21785e-11
0.00170761 7.46494e-11
0.00179748 8.15241e-11
0.00188736 8.77651e-11
0.00197723 9.33324e-11
0.00206711 9.85619e-11
0.00215698 1.05606e-10
0.00224685 1.12441e-10
0.00233673 1.19188e-10
0.0024266 1.28225e-10
0.00251648 1.35097e-10
0.00260635 1.42126e-10
0.00269622 1.48639e-10
0.0027861 1.57928e-10
0.00287597 1.65371e-10
0.00296585 1.69584e-10
0.00305572 1.761e-10
0.0031456 1.80237e-10
0.00323547 1.83375e-10
0.00332534 1.84804e-10
0.00341522 1.84507e-10
0.00350509 1.82938e-10
0.00359497 1.82024e-10
0.00368484 1.82871e-10
0.00377471 1.83147e-10
0.00386459 1.86573e-10
0.00395446 1.88001e-10
0.00404434 1.90406e-10
0.00413421 1.91761e-10
0.00422409 1.8855e-10
0.00431396 1.86051e-10
0.00440383 1.82537e-10
0.00449371 1.8006e-10
0.00458358 1.76957e-10
0.00467346 1.72502e-10
0.00476333 1.68048e-10
0.0048532 1.63619e-10
0.00494308 1.5877e-10
0.00503295 1.55428e-10
0.00512283 1.54417e-10
0.0052127 1.48728e-10
0.00530258 1.44376e-10
0.00539245 1.40856e-10
0.00548232 1.38052e-10
0.0055722 1.3283e-10
0.00566207 1.26477e-10
0.00575195 1.20019e-10
0.00584182 1.13275e-10
0.00593169 1.08074e-10
0.00602157 1.01338e-10
0.00611144 9.24751e-11
0.00620132 7.99343e-11
0.00629119 6.82717e-11
0.00638107 6.01085e-11
0.00647094 5.04209e-11
0.00656081 4.18179e-11
0.00665069 3.26676e-11
0.00674056 2.42755e-11
0.00683044 1.63535e-11
0.00692031 8.76068e-12
0.00701018 1.66627e-12
0.00710006 -7.74294e-12
0.00718993 -1.67695e-11
0.00727981 -2.67192e-11
0.00736968 -3.42979e-11
0.00745956 -4.16967e-11
0.00754943 -4.97011e-11
0.0076393 -5.51363e-11
0.00772918 -5.86543e-11
0.00781905 -5.96605e-11
0.00790893 -6.11544e-11
0.0079988 -6.16123e-11
0.00808867 -6.24504e-11
0.00817855 -6.28704e-11
0.00826842 -6.19721e-11
0.0083583 -6.01761e-11
0.00844817 -5.82558e-11
0.00853805 -5.61484e-11
0.00862792 -5.26156e-11
0.00871779 -5.11448e-11
0.00880767 -5.00194e-11
0.00889754 -4.98374e-11
0.00898742 -4.90674e-11
0.00907729 -4.94239e-11
0.00916716 -4.97368e-11
0.00925704 -5.03481e-11
0.00934691 -5.18286e-11
0.00943679 -5.26032e-11
0.00952666 -5.2435e-11
0.00961653 -5.16767e-11
0.00970641 -5.32733e-11
0.00979628 -5.78576e-11
0.00988616 -6.30701e-11
0.00997603 -6.92433e-11
0.0100659 -7.61557e-11
0.0101558 -8.73371e-11
0.0102457 -9.99844e-11
0.0103355 -1.11207e-10
0.0104254 -1.21716e-10
0.0105153 -1.30657e-10
0.0106052 -1.41009e-10
0.010695 -1.53125e-10
0.0107849 -1.65467e-10
0.0108748 -1.78484e-10
0.0109646 -1.8909e-10
0.0110545 -2.01109e-10
0.0111444 -2.16342e-10
0.0112343 -2.33056e-10
0.0113241 -2.50587e-10
0.011414 -2.67518e-10
0.0115039 -2.83914e-10
0.0115938 -2.98393e-10
0.0116836 -3.11419e-10
0.0117735 -3.2198e-10
0.0118634 -3.31411e-10
0.0119533 -3.41666e-10
0.0120431 -3.51027e-10
0.012133 -3.60757e-10
0.0122229 -3.70929e-10
0.0123128 -3.77752e-10
0.0124026 -3.83989e-10
0.0124925 -3.90629e-10
0.0125824 -3.99601e-10
0.0126723 -4.0909e-10
0.0127621 -4.15874e-10
0.012852 -4.22918e-10
0.0129419 -4.31191e-10
0.0130318 -4.35186e-10
0.0131216 -4.37455e-10
0.0132115 -4.44503e-10
0.0133014 -4.51544e-10
0.0133912 -4.58797e-10
0.0134811 -4.65392e-10
0.013571 -4.72808e-10
0.0136609 -4.80662e-10
0.0137507 -4.90007e-10
0.0138406 -4.99846e-10
0.0139305 -5.08231e-10
0.0140204 -5.16622e-10
0.0141102 -5.21351e-10
0.0142001 -5.26589e-10
0.01429 -5.29668e-10
0.0143799 -5.36303e-10
0.0144697 -5.47327e-10
0.0145596 -5.5307e-10
0.0146495 -5.60511e-10
0.0147394 -5.67303e-10
0.0148292 -5.72041e-10
0.0149191 -5.72993e-10
0.015009 -5.75632e-10
0.0150989 -5.77893e-10
0.0151887 -5.81886e-10
0.0152786 -5.84329e-10
0.0153685 -5.83935e-10
0.0154584 -5.8734e-10
0.0155482 -5.88682e-10
0.0156381 -5.88348e-10
0.015728 -5.88728e-10
0.0158179 -5.91885e-10
0.0159077 -5.95474e-10
0.0159976 -5.95124e-10
0.0160875 -5.92728e-10
0.0161773 -5.9069e-10
0.0162672 -5.8742e-10
0.0163571 -5.81782e-10
0.016447 -5.79754e-10
0.0165368 -5.79037e-10
0.0166267 -5.7315e-10
0.0167166 -5.71404e-10
0.0168065 -5.69602e-10
0.0168963 -5.65714e-10
0.0169862 -5.61284e-10
0.0170761 -5.55814e-10
0.017166 -5.5161e-10
0.0172558 -5.48785e-10
0.0173457 -5.47647e-10
0.0174356 -5.4549e-10
0.0175255 -5.44379e-10
0.0176153 -5.38632e-10
0.0177052 -5.35174e-10
0.0177951 -5.31492e-10
0.017885 -5.26976e-10
0.0179748 -5.23739e-10
0.0180647 -5.20122e-10
0.0181546 -5.18664e-10
0.0182445 -5.16227e-10
0.0183343 -5.17834e-10
0.0184242 -5.18542e-10
0.0185141 -5.202e-10
0.018604 -5.23439e-10
0.0186938 -5.28183e-10
0.0187837 -5.31549e-10
0.0188736 -5.29869e-10
0.0189634 -5.31582e-10
0.0190533 -5.35345e-10
0.0191432 -5.39001e-10
0.0192331 -5.45109e-10
0.0193229 -5.50076e-10
0.0194128 -5.55829e-10
0.0195027 -5.60818e-10
0.0195926 -5.67611e-10
0.0196824 -5.7539e-10
0.0197723 -5.82997e-10
0.0198622 -5.90318e-10
0.0199521 -5.95929e-10
0.0200419 -6.02948e-10
0.0201318 -6.1118e-10
0.0202217 -6.17302e-10
0.0203116 -6.21881e-10
0.0204014 -6.29066e-10
0.0204913 -6.37506e-10
0.0205812 -6.43123e-10
0.0206711 -6.48403e-10
0.0207609 -6.5127e-10
0.0208508 -6.56147e-10
0.0209407 -6.62306e-10
0.0210306 -6.6718e-10
0.0211204 -6.72402e-10
0.0212103 -6.7807e-10
0.0213002 -6.82953e-10
0.02139 -6.90628e-10
0.0214799 -6.98622e-10
0.0215698 -7.08992e-10
0.0216597 -7.18994e-10
0.0217495 -7.27506e-10
0.0218394 -7.3467e-10
0.0219293 -7.40534e-10
0.0220192 -7.45458e-10
0.022109 -7.48775e-10
0.0221989 -7.56852e-10
0.0222888 -7.63337e-10
0.0223787 -7.75401e-10
0.0224685 -7.8921e-10
0.0225584 -8.00365e-10
0.0226483 -8.13211e-10
0.0227382 -8.26882e-10
0.022828 -8.40741e-10
0.0229179 -8.54511e-10
0.0230078 -8.69136e-10
0.0230977 -8.85538e-10
0.0231875 -9.04328e-10
0.0232774 -9.19403e-10
0.0233673 -9.34819e-10
0.0234572 -9.55486e-10
0.023547 -9.73031e-10
0.0236369 -9.92883e-10
0.0237268 -1.01345e-09
0.0238167 -1.0362e-09
0.0239065 -1.05737e-09
0.0239964 -1.07815e-09
0.0240863 -1.09937e-09
0.0241761 -1.11891e-09
0.024266 -1.14036e-09
0.0243559 -1.1614e-09
0.0244458 -1.18456e-09
0.0245356 -1.20307e-09
0.0246255 -1.21935e-09
0.0247154 -1.2382e-09
0.0248053 -1.25594e-09
0.0248951 -1.27274e-09
0.024985 -1.28762e-09
0.0250749 -1.30205e-09
0.0251648 -1.31679e-09
0.0252546 -1.33091e-09
0.0253445 -1.34453e-09
0.0254344 -1.35689e-09
0.0255243 -1.36774e-09
0.0256141 -1.3753e-09
0.025704 -1.38469e-09
0.0257939 -1.39208e-09
0.0258838 -1.39698e-09
0.0259736 -1.39877e-09
0.0260635 -1.40165e-09
0.0261534 -1.40511e-09
0.0262433 -1.40729e-09
0.0263331 -1.40973e-09
0.026423 -1.40949e-09
0.0265129 -1.40957e-09
0.0266028 -1.40995e-09
0.0266926 -1.41055e-09
0.0267825 -1.41083e-09
0.0268724 -1.41113e-09
0.0269622 -1.41021e-09
0.0270521 -1.41064e-09
0.027142 -1.41186e-09
0.0272319 -1.4141e-09
0.0273217 -1.41536e-09
0.0274116 -1.41807e-09
0.0275015 -1.42177e-09
0.0275914 -1.42663e-09
0.0276812 -1.43001e-09
0.0277711 -1.43444e-09
0.027861 -1.44307e-09
0.0279509 -1.4521e-09
0.0280407 -1.45973e-09
0.0281306 -1.46942e-09
0.0282205 -1.47791e-09
0.0283104 -1.48577e-09
0.0284002 -1.49266e-09
0.0284901 -1.49972e-09
0.02858 -1.5069e-09
0.0286699 -1.51642e-09
0.0287597 -1.52808e-09
0.0288496 -1.54212e-09
0.0289395 -1.55864e-09
0.0290294 -1.57018e-09
0.0291192 -1.5854e-09
0.0292091 -1.59751e-09
0.029299 -1.60908e-09
0.0293888 -1.62395e-09
0.0294787 -1.63836e-09
0.0295686 -1.653e-09
0.0296585 -1.66627e-09
0.0297483 -1.68145e-09
0.0298382 -1.69472e-09
0.0299281 -1.70661e-09
0.030018 -1.71665e-09
0.0301078 -1.73052e-09
0.0301977 -1.74395e-09
0.0302876 -1.75496e-09
0.0303775 -1.77021e-09
0.0304673 -1.78413e-09
0.0305572 -1.79873e-09
0.0306471 -1.81187e-09
0.030737 -1.82656e-09
0.0308268 -1.83969e-09
0.0309167 -1.85136e-09
0.0310066 -1.8628e-09
0.0310965 -1.87176e-09
0.0311863 -1.88213e-09
0.0312762 -1.89266e-09
0.0313661 -1.90693e-09
0.031456 -1.92133e-09
0.0315458 -1.93476e-09
0.0316357 -1.9496e-09
0.0317256 -1.96272e-09
0.0318155 -1.9794e-09
0.0319053 -1.99693e-09
0.0319952 -2.01005e-09
0.0320851 -2.02213e-09
0.0321749 -2.03351e-09
0.0322648 -2.04584e-09
0.0323547 -2.05913e-09
0.0324446 -2.07166e-09
0.0325344 -2.08555e-09
0.0326243 -2.09529e-09
0.0327142 -2.10578e-09
0.0328041 -2.11832e-09
0.0328939 -2.12518e-09
0.0329838 -2.13299e-09
0.0330737 -2.14042e-09
0.0331636 -2.14864e-09
0.0332534 -2.15501e-09
0.0333433 -2.16209e-09
0.0334332 -2.16415e-09
0.0335231 -2.16741e-09
0.0336129 -2.17212e-09
0.0337028 -2.1741e-09
0.0337927 -2.18009e-09
0.0338826 -2.18514e-09
0.0339724 -2.18932e-09
0.0340623 -2.19139e-09
0.0341522 -2.19477e-09
0.0342421 -2.19964e-09
0.0343319 -2.20345e-09
0.0344218 -2.20894e-09
0.0345117 -2.21818e-09
0.0346016 -2.22801e-09
0.0346914 -2.23098e-09
0.0347813 -2.23618e-09
0.0348712 -2.24196e-09
0.034961 -2.2418e-09
0.0350509 -2.2446e-09
0.0351408 -2.24854e-09
0.0352307 -2.25523e-09
0.0353205 -2.26328e-09
0.0354104 -2.26987e-09
0.0355003 -2.27289e-09
0.0355902 -2.27378e-09
0.03568 -2.27352e-09
0.0357699 -2.27286e-09
0.0358598 -2.27472e-09
0.0359497 -2.27368e-09
0.0360395 -2.27113e-09
0.0361294 -2.26882e-09
0.0362193 -2.27047e-09
0.0363092 -2.2705e-09
0.036399 -2.27187e-09
0.0364889 -2.27567e-09
0.0365788 -2.27988e-09
0.0366687 -2.28274e-09
0.0367585 -2.28283e-09
0.0368484 -2.27724e-09
0.0369383 -2.27145e-09
0.0370282 -2.26775e-09
0.037118 -2.26524e-09
0.0372079 -2.26579e-09
0.0372978 -2.26844e-09
0.0373876 -2.27238e-09
0.0374775 -2.27603e-09
0.0375674 -2.27957e-09
0.0376573 -2.28753e-09
0.0377471 -2.29652e-09
0.037837 -2.30656e-09
0.0379269 -2.31887e-09
0.0380168 -2.33427e-09
0.0381066 -2.34339e-09
0.0381965 -2.35502e-09
0.0382864 -2.3679e-09
0.0383763 -2.37594e-09
0.0384661 -2.3894e-09
0.038556 -2.40453e-09
0.0386459 -2.42051e-09
0.0387358 -2.43459e-09
0.0388256 -2.44878e-09
0.0389155 -2.4597e-09
0.0390054 -2.46629e-09
0.0390953 -2.46975e-09
0.0391851 -2.47284e-09
0.039275 -2.47875e-09
0.0393649 -2.47819e-09
0.0394548 -2.47885e-09
0.0395446 -2.47922e-09
0.0396345 -2.48092e-09
0.0397244 -2.47987e-09
0.0398143 -2.47978e-09
0.0399041 -2.48108e-09
0.039994 -2.48517e-09
0.0400839 -2.4891e-09
0.0401737 -2.49123e-09
0.0402636 -2.49074e-09
0.0403535 -2.4903e-09
0.0404434 -2.49273e-09
0.0405332 -2.49873e-09
0.0406231 -2.50639e-09
0.040713 -2.51601e-09
0.0408029 -2.52326e-09
0.0408927 -2.53237e-09
0.0409826 -2.54019e-09
0.0410725 -2.54916e-09
0.0411624 -2.56017e-09
0.0412522 -2.5726e-09
0.0413421 -2.58781e-09
0.041432 -2.60692e-09
0.0415219 -2.62131e-09
0.0416117 -2.63974e-09
0.0417016 -2.65878e-09
0.0417915 -2.67326e-09
0.0418814 -2.69236e-09
0.0419712 -2.71189e-09
0.0420611 -2.73252e-09
0.042151 -2.75098e-09
0.0422409 -2.77043e-09
0.0423307 -2.78827e-09
0.0424206 -2.80632e-09
0.0425105 -2.82542e-09
0.0426004 -2.8437e-09
0.0426902 -2.86523e-09
0.0427801 -2.88021e-09
0.04287 -2.89965e-09
0.0429598 -2.91851e-09
0.0430497 -2.93721e-09
0.0431396 -2.95293e-09
0.0432295 -2.96646e-09
0.0433193 -2.97945e-09
0.0434092 -2.99467e-09
0.0434991 -3.00889e-09
0.043589 -3.02344e-09
0.0436788 -3.0371e-09
0.0437687 -3.04867e-09
0.0438586 -3.0618e-09
0.0439485 -3.07851e-09
0.0440383 -3.09544e-09
0.0441282 -3.10891e-09
0.0442181 -3.12156e-09
0.044308 -3.13816e-09
0.0443978 -3.15498e-09
0.0444877 -3.17116e-09
0.0445776 -3.18525e-09
0.0446675 -3.19981e-09
0.0447573 -3.21845e-09
0.0448472 -3.24242e-09
0.0449371 -3.26267e-09
0.045027 -3.28819e-09
0.0451168 -3.31515e-09
0.0452067 -3.34006e-09
0.0452966 -3.37098e-09
0.0453865 -3.40132e-09
0.0454763 -3.43344e-09
0.0455662 -3.46508e-09
0.0456561 -3.4972e-09
0.0457459 -3.52683e-09
0.0458358 -3.55325e-09
0.0459257 -3.58118e-09
0.0460156 -3.60698e-09
0.0461054 -3.63466e-09
0.0461953 -3.65217e-09
0.0462852 -3.67449e-09
0.0463751 -3.696e-09
0.0464649 -3.71715e-09
0.0465548 -3.73553e-09
0.0466447 -3.75176e-09
0.0467346 -3.76895e-09
0.0468244 -3.78456e-09
0.0469143 -3.79679e-09
0.0470042 -3.81169e-09
0.0470941 -3.82254e-09
0.0471839 -3.83113e-09
0.0472738 -3.83935e-09
0.0473637 -3.85138e-09
0.0474536 -3.8661e-09
0.0475434 -3.87709e-09
0.0476333 -3.88425e-09
0.0477232 -3.89539e-09
0.0478131 -3.91068e-09
0.0479029 -3.92635e-09
0.0479928 -3.93876e-09
0.0480827 -3.94865e-09
0.0481725 -3.96004e-09
0.0482624 -3.97455e-09
0.0483523 -3.98118e-09
0.0484422 -3.9923e-09
0.048532 -4.00317e-09
0.0486219 -4.00928e-09
0.0487118 -4.02149e-09
0.0488017 -4.03132e-09
0.0488915 -4.04151e-09
0.0489814 -4.05343e-09
0.0490713 -4.06641e-09
0.0491612 -4.07886e-09
0.049251 -4.09228e-09
0.0493409 -4.10495e-09
0.0494308 -4.11329e-09
0.0495207 -4.1272e-09
0.0496105 -4.13293e-09
0.0497004 -4.14804e-09
0.0497903 -4.16267e-09
0.0498802 -4.1777e-09
0.04997 -4.19043e-09
0.0500599 -4.2e-09
0.0501498 -4.20813e-09
0.0502397 -4.21902e-09
0.0503295 -4.22789e-09
0.0504194 -4.24086e-09
0.0505093 -4.2503e-09
0.0505992 -4.25659e-09
0.050689 -4.26205e-09
0.0507789 -4.27007e-09
0.0508688 -4.28005e-09
0.0509586 -4.28719e-09
0.0510485 -4.2916e-09
0.0511384 -4.29676e-09
0.0512283 -4.30165e-09
0.0513181 -4.30438e-09
0.051408 -4.30456e-09
0.0514979 -4.30705e-09
0.0515878 -4.31182e-09
0.0516776 -4.32176e-09
0.0517675 -4.32559e-09
0.0518574 -4.33715e-09
0.0519473 -4.34962e-09
0.0520371 -4.35988e-09
0.052127 -4.37183e-09
0.0522169 -4.3839e-09
0.0523068 -4.39661e-09
0.0523966 -4.40438e-09
0.0524865 -4.41002e-09
0.0525764 -4.41703e-09
0.0526663 -4.42319e-09
0.0527561 -4.43596e-09
0.052846 -4.44619e-09
0.0529359 -4.4611e-09
0.0530258 -4.47276e-09
0.0531156 -4.49184e-09
0.0532055 -4.51141e-09
0.0532954 -4.53464e-09
0.0533853 -4.56009e-09
0.0534751 -4.58421e-09
0.053565 -4.60375e-09
0.0536549 -4.6208e-09
0.0537447 -4.63399e-09
0.0538346 -4.65141e-09
0.0539245 -4.66762e-09
0.0540144 -4.68514e-09
0.0541042 -4.70373e-09
0.0541941 -4.71737e-09
0.054284 -4.7393e-09
0.0543739 -4.75799e-09
0.0544637 -4.77507e-09
0.0545536 -4.79521e-09
0.0546435 -4.81573e-09
0.0547334 -4.83018e-09
0.0548232 -4.83788e-09
0.0549131 -4.84595e-09
0.055003 -4.85222e-09
0.0550929 -4.85912e-09
0.0551827 -4.85728e-09
0.0552726 -4.86498e-09
0.0553625 -4.87494e-09
0.0554524 -4.88375e-09
0.0555422 -4.89064e-09
0.0556321 -4.90109e-09
0.055722 -4.91676e-09
0.0558119 -4.93533e-09
0.0559017 -4.94987e-09
0.0559916 -4.96187e-09
0.0560815 -4.97002e-09
0.0561713 -4.98446e-09
0.0562612 -4.9945e-09
0.0563511 -5.00523e-09
0.056441 -5.01827e-09
0.0565308 -5.03524e-09
0.0566207 -5.05433e-09
0.0567106 -5.0832e-09
0.0568005 -5.11466e-09
0.0568903 -5.14997e-09
0.0569802 -5.18163e-09
0.0570701 -5.20826e-09
0.05716 -5.22835e-09
0.0572498 -5.24721e-09
0.0573397 -5.25595e-09
0.0574296 -5.26461e-09
0.0575195 -5.27347e-09
0.0576093 -5.27329e-09
0.0576992 -5.28125e-09
0.0577891 -5.28411e-09
0.057879 -5.28605e-09
0.0579688 -5.28451e-09
0.0580587 -5.28681e-09
0.0581486 -5.28885e-09
0.0582385 -5.28999e-09
0.0583283 -5.2894e-09
0.0584182 -5.2852e-09
0.0585081 -5.27537e-09
0.058598 -5.26522e-09
0.0586878 -5.26629e-09
0.0587777 -5.27221e-09
0.0588676 -5.28051e-09
0.0589574 -5.29086e-09
0.0590473 -5.3008e-09
0.0591372 -5.3151e-09
0.0592271 -5.32978e-09
0.0593169 -5.34464e-09
0.0594068 -5.36255e-09
0.0594967 -5.38598e-09
0.0595866 -5.41715e-09
0.0596764 -5.44924e-09
0.0597663 -5.47179e-09
0.0598562 -5.50336e-09
0.0599461 -5.52899e-09
0.0600359 -5.55195e-09
0.0601258 -5.58121e-09
0.0602157 -5.60699e-09
0.0603056 -5.63362e-09
0.0603954 -5.65746e-09
0.0604853 -5.68249e-09
0.0605752 -5.70074e-09
0.0606651 -5.71723e-09
0.0607549 -5.73313e-09
0.0608448 -5.75023e-09
0.0609347 -5.7705e-09
0.0610246 -5.78596e-09
0.0611144 -5.80543e-09
0.0612043 -5.82393e-09
0.0612942 -5.84791e-09
0.0613841 -5.87188e-09
0.0614739 -5.90261e-09
0.0615638 -5.93038e-09
0.0616537 -5.96281e-09
0.0617435 -5.99457e-09
0.0618334 -6.03292e-09
0.0619233 -6.06868e-09
0.0620132 -6.1158e-09
0.062103 -6.15582e-09
0.0621929 -6.19363e-09
0.0622828 -6.23994e-09
0.0623727 -6.29057e-09
0.0624625 -6.33824e-09
0.0625524 -6.38601e-09
0.0626423 -6.43282e-09
0.0627322 -6.47454e-09
0.062822 -6.5134e-09
0.0629119 -6.55435e-09
0.0630018 -6.59029e-09
0.0630917 -6.62278e-09
0.0631815 -6.64326e-09
0.0632714 -6.67071e-09
0.0633613 -6.6966e-09
0.0634512 -6.72021e-09
0.063541 -6.73993e-09
0.0636309 -6.76323e-09
0.0637208 -6.78787e-09
0.0638107 -6.81275e-09
0.0639005 -6.83068e-09
0.0639904 -6.84585e-09
0.0640803 -6.85816e-09
0.0641701 -6.87762e-09
0.06426 -6.89078e-09
0.0643499 -6.90437e-09
0.0644398 -6.92032e-09
0.0645296 -6.93021e-09
0.0646195 -6.9401e-09
0.0647094 -6.95267e-09
0.0647993 -6.96624e-09
0.0648891 -6.98825e-09
0.064979 -7.0005e-09
0.0650689 -7.00989e-09
0.0651588 -7.01216e-09
0.0652486 -7.00837e-09
0.0653385 -6.99774e-09
0.0654284 -7.0013e-09
0.0655183 -7.00033e-09
0.0656081 -6.99815e-09
0.065698 -7.00249e-09
0.0657879 -7.00979e-09
0.0658778 -7.01492e-09
0.0659676 -7.01542e-09
0.0660575 -7.01289e-09
0.0661474 -7.01064e-09
0.0662373 -7.01224e-09
0.0663271 -7.01831e-09
0.066417 -7.01792e-09
0.0665069 -7.01749e-09
0.0665968 -7.02646e-09
0.0666866 -7.03488e-09
0.0667765 -7.04897e-09
0.0668664 -7.0614e-09
0.0669562 -7.06265e-09
0.0670461 -7.06408e-09
0.067136 -7.06394e-09
0.0672259 -7.0639e-09
0.0673157 -7.05546e-09
0.0674056 -7.05178e-09
0.0674955 -7.04389e-09
0.0675854 -7.04415e-09
0.0676752 -7.04233e-09
0.0677651 -7.04537e-09
0.067855 -7.05921e-09
0.0679449 -7.0626e-09
0.0680347 -7.07209e-09
0.0681246 -7.07549e-09
0.0682145 -7.07768e-09
0.0683044 -7.08332e-09
0.0683942 -7.08818e-09
0.0684841 -7.09787e-09
0.068574 -7.11132e-09
0.0686639 -7.12559e-09
0.0687537 -7.15275e-09
0.0688436 -7.17748e-09
0.0689335 -7.21194e-09
0.0690234 -7.24759e-09
0.0691132 -7.2765e-09
0.0692031 -7.30957e-09
0.069293 -7.34617e-09
0.0693829 -7.38116e-09
0.0694727 -7.41548e-09
0.0695626 -7.44374e-09
0.0696525 -7.46875e-09
0.0697423 -7.48482e-09
0.0698322 -7.50439e-09
0.0699221 -7.52117e-09
0.070012 -7.54693e-09
0.0701018 -7.5576e-09
0.0701917 -7.57122e-09
0.0702816 -7.58885e-09
0.0703715 -7.61021e-09
0.0704613 -7.61769e-09
0.0705512 -7.6291e-09
0.0706411 -7.64096e-09
0.070731 -7.65928e-09
0.0708208 -7.68006e-09
0.0709107 -7.69651e-09
0.0710006 -7.70087e-09
0.0710905 -7.71723e-09
0.0711803 -7.74431e-09
0.0712702 -7.76551e-09
0.0713601 -7.79784e-09
0.07145 -7.83068e-09
0.0715398 -7.85616e-09
0.0716297 -7.87984e-09
0.0717196 -7.89413e-09
0.0718095 -7.91095e-09
0.0718993 -7.93265e-09
0.0719892 -7.96307e-09
0.0720791 -7.99687e-09
0.0721689 -8.03123e-09
0.0722588 -8.05096e-09
0.0723487 -8.07945e-09
0.0724386 -8.11461e-09
0.0725284 -8.14816e-09
0.0726183 -8.18103e-09
0.0727082 -8.20772e-09
0.0727981 -8.23408e-09
0.0728879 -8.25886e-09
0.0729778 -8.28392e-09
0.0730677 -8.30872e-09
0.0731576 -8.3286e-09
0.0732474 -8.35345e-09
0.0733373 -8.38064e-09
0.0734272 -8.40048e-09
0.0735171 -8.43399e-09
0.0736069 -8.46009e-09
0.0736968 -8.48485e-09
0.0737867 -8.51361e-09
0.0738766 -8.55163e-09
0.0739664 -8.5936e-09
0.0740563 -8.631e-09
0.0741462 -8.67261e-09
0.0742361 -8.71086e-09
0.0743259 -8.74403e-09
0.0744158 -8.78528e-09
0.0745057 -8.82416e-09
0.0745956 -8.86144e-09
0.0746854 -8.88856e-09
0.0747753 -8.92953e-09
0.0748652 -8.97897e-09
0.074955 -9.04831e-09
0.0750449 -9.11745e-09
0.0751348 -9.19023e-09
0.0752247 -9.25016e-09
0.0753145 -9.30341e-09
0.0754044 -9.34392e-09
0.0754943 -9.37147e-09
0.0755842 -9.37413e-09
0.075674 -9.39073e-09
0.0757639 -9.38638e-09
0.0758538 -9.3785e-09
0.0759437 -9.38599e-09
0.0760335 -9.38403e-09
0.0761234 -9.38334e-09
0.0762133 -9.3851e-09
0.0763032 -9.38703e-09
0.076393 -9.3901e-09
0.0764829 -9.39456e-09
0.0765728 -9.39671e-09
0.0766627 -9.38312e-09
0.0767525 -9.37137e-09
0.0768424 -9.36076e-09
0.0769323 -9.35883e-09
0.0770222 -9.35555e-09
0.077112 -9.36779e-09
0.0772019 -9.37966e-09
0.0772918 -9.39745e-09
0.0773817 -9.41266e-09
0.0774715 -9.42877e-09
0.0775614 -9.43833e-09
0.0776513 -9.46226e-09
0.0777411 -9.48277e-09
0.077831 -9.49938e-09
0.0779209 -9.51118e-09
0.0780108 -9.51381e-09
0.0781006 -9.53293e-09
0.0781905 -9.53534e-09
0.0782804 -9.53617e-09
0.0783703 -9.52992e-09
0.0784601 -9.52381e-09
0.07855 -9.51297e-09
0.0786399 -9.50949e-09
0.0787298 -9.51143e-09
0.0788196 -9.5123e-09
0.0789095 -9.51096e-09
0.0789994 -9.53204e-09
0.0790893 -9.54693e-09
0.0791791 -9.57402e-09
0.079269 -9.58918e-09
0.0793589 -9.59373e-09
0.0794488 -9.62649e-09
0.0795386 -9.66567e-09
0.0796285 -9.70645e-09
0.0797184 -9.74857e-09
0.0798083 -9.78719e-09
0.0798981 -9.83077e-09
0.079988 -9.87154e-09
0.0800779 -9.90882e-09
0.0801677 -9.94826e-09
0.0802576 -9.99632e-09
0.0803475 -1.00136e-08
0.0804374 -1.00389e-08
0.0805272 -1.00685e-08
0.0806171 -1.01035e-08
0.080707 -1.0136e-08
0.0807969 -1.01629e-08
0.0808867 -1.01873e-08
0.0809766 -1.02152e-08
0.0810665 -1.02322e-08
0.0811564 -1.02433e-08
0.0812462 -1.0236e-08
0.0813361 -1.02356e-08
0.081426 -1.02457e-08
0.0815159 -1.02363e-08
0.0816057 -1.02404e-08
0.0816956 -1.02543e-08
0.0817855 -1.02612e-08
0.0818754 -1.02684e-08
0.0819652 -1.02798e-08
0.0820551 -1.02912e-08
0.082145 -1.02996e-08
0.0822349 -1.03138e-08
0.0823247 -1.03216e-08
0.0824146 -1.03184e-08
0.0825045 -1.03129e-08
0.0825944 -1.03123e-08
0.0826842 -1.03232e-08
0.0827741 -1.03415e-08
0.082864 -1.0354e-08
0.0829538 -1.03651e-08
0.0830437 -1.03759e-08
0.0831336 -1.03864e-08
0.0832235 -1.04028e-08
0.0833133 -1.04086e-08
0.0834032 -1.04219e-08
0.0834931 -1.04502e-08
0.083583 -1.04812e-08
0.0836728 -1.04947e-08
0.0837627 -1.05412e-08
0.0838526 -1.05762e-08
0.0839425 -1.06118e-08
0.0840323 -1.0653e-08
0.0841222 -1.06966e-08
0.0842121 -1.07595e-08
0.084302 -1.08267e-08
0.0843918 -1.08886e-08
0.0844817 -1.09465e-08
0.0845716 -1.10017e-08
0.0846615 -1.10824e-08
0.0847513 -1.11492e-08
0.0848412 -1.12076e-08
0.0849311 -1.12741e-08
0.085021 -1.13346e-08
0.0851108 -1.13985e-08
0.0852007 -1.14823e-08
0.0852906 -1.15698e-08
0.0853805 -1.16576e-08
0.0854703 -1.17323e-08
0.0855602 -1.1802e-08
0.0856501 -1.18547e-08
0.0857399 -1.19194e-08
0.0858298 -1.19756e-08
0.0859197 -1.20372e-08
0.0860096 -1.20776e-08
0.0860994 -1.21115e-08
0.0861893 -1.21421e-08
0.0862792 -1.21701e-08
0.0863691 -1.21961e-08
0.0864589 -1.2229e-08
0.0865488 -1.22651e-08
0.0866387 -1.22956e-08
0.0867286 -1.23207e-08
0.0868184 -1.23287e-08
0.0869083 -1.23152e-08
0.0869982 -1.22998e-08
0.0870881 -1.23213e-08
0.0871779 -1.23198e-08
0.0872678 -1.23292e-08
0.0873577 -1.23451e-08
0.0874476 -1.23541e-08
0.0875374 -1.23642e-08
0.0876273 -1.23632e-08
0.0877172 -1.23579e-08
0.0878071 -1.23647e-08
0.0878969 -1.2382e-08
0.0879868 -1.24028e-08
0.0880767 -1.24025e-08
0.0881665 -1.24109e-08
0.0882564 -1.24232e-08
0.0883463 -1.24257e-08
0.0884362 -1.24361e-08
0.088526 -1.24429e-08
0.0886159 -1.24415e-08
0.0887058 -1.24326e-08
0.0887957 -1.24268e-08
0.0888855 -1.24352e-08
0.0889754 -1.24366e-08
0.0890653 -1.24405e-08
0.0891552 -1.24227e-08
0.089245 -1.24076e-08
0.0893349 -1.23865e-08
0.0894248 -1.23799e-08
0.0895147 -1.2364e-08
0.0896045 -1.23451e-08
0.0896944 -1.23271e-08
0.0897843 -1.2304e-08
0.0898742 -1.22821e-08
0.089964 -1.22534e-08
0.0900539 -1.22376e-08
0.0901438 -1.22344e-08
0.0902337 -1.22478e-08
0.0903235 -1.22634e-08
0.0904134 -1.22785e-08
0.0905033 -1.2256e-08
0.0905932 -1.22706e-08
0.090683 -1.22813e-08
0.0907729 -1.23012e-08
0.0908628 -1.23304e-08
0.0909526 -1.23706e-08
0.0910425 -1.24225e-08
0.0911324 -1.24772e-08
0.0912223 -1.25331e-08
0.0913121 -1.2584e-08
0.091402 -1.26262e-08
0.0914919 -1.26906e-08
0.0915818 -1.27488e-08
0.0916716 -1.28164e-08
0.0917615 -1.28957e-08
0.0918514 -1.29537e-08
0.0919413 -1.30151e-08
0.0920311 -1.30955e-08
0.092121 -1.31768e-08
0.0922109 -1.32611e-08
0.0923008 -1.33316e-08
0.0923906 -1.34053e-08
0.0924805 -1.34636e-08
0.0925704 -1.35329e-08
0.0926603 -1.35943e-08
0.0927501 -1.36585e-08
0.09284 -1.37105e-08
0.0929299 -1.37667e-08
0.0930198 -1.38367e-08
0.0931096 -1.39284e-08
0.0931995 -1.40507e-08
0.0932894 -1.41554e-08
0.0933793 -1.4258e-08
0.0934691 -1.43358e-08
0.093559 -1.44124e-08
0.0936489 -1.44668e-08
0.0937387 -1.45082e-08
0.0938286 -1.45346e-08
0.0939185 -1.46262e-08
0.0940084 -1.46818e-08
0.0940982 -1.4741e-08
0.0941881 -1.47995e-08
0.094278 -1.48543e-08
0.0943679 -1.49072e-08
0.0944577 -1.49605e-08
0.0945476 -1.49992e-08
0.0946375 -1.50266e-08
0.0947274 -1.5048e-08
0.0948172 -1.50644e-08
0.0949071 -1.50449e-08
0.094997 -1.50417e-08
0.0950869 -1.5059e-08
0.0951767 -1.5055e-08
0.0952666 -1.50729e-08
0.0953565 -1.50774e-08
0.0954464 -1.50686e-08
0.0955362 -1.50277e-08
0.0956261 -1.49568e-08
0.095716 -1.49032e-08
0.0958059 -1.4855e-08
0.0958957 -1.48225e-08
0.0959856 -1.47964e-08
0.0960755 -1.47584e-08
0.0961653 -1.47381e-08
0.0962552 -1.47435e-08
0.0963451 -1.47503e-08
0.096435 -1.47509e-08
0.0965248 -1.47424e-08
0.0966147 -1.47194e-08
0.0967046 -1.4694e-08
0.0967945 -1.46769e-08
0.0968843 -1.4692e-08
0.0969742 -1.47224e-08
0.0970641 -1.47819e-08
0.097154 -1.48595e-08
0.0972438 -1.49449e-08
0.0973337 -1.49785e-08
0.0974236 -1.50207e-08
0.0975135 -1.50671e-08
0.0976033 -1.51153e-08
0.0976932 -1.51521e-08
0.0977831 -1.52185e-08
0.097873 -1.52532e-08
0.0979628 -1.52789e-08
0.0980527 -1.52984e-08
0.0981426 -1.53182e-08
0.0982325 -1.53356e-08
0.0983223 -1.53815e-08
0.0984122 -1.53823e-08
0.0985021 -1.53445e-08
0.098592 -1.53387e-08
0.0986818 -1.52987e-08
0.0987717 -1.52717e-08
0.0988616 -1.52355e-08
0.0989514 -1.52311e-08
0.0990413 -1.52582e-08
0.0991312 -1.52824e-08
0.0992211 -1.52869e-08
0.0993109 -1.52991e-08
0.0994008 -1.52848e-08
0.0994907 -1.52925e-08
0.0995806 -1.5283e-08
0.0996704 -1.52794e-08
0.0997603 -1.53073e-08
0.0998502 -1.52875e-08
0.0999401 -1.52821e-08
0.10003 -1.53007e-08
0.10012 -1.53337e-08
0.10021 -1.53789e-08
0.1003 -1.54185e-08
0.100389 -1.54535e-08
0.100479 -1.54533e-08
0.100569 -1.54799e-08
0.100659 -1.55308e-08
0.100749 -1.55976e-08
0.100839 -1.5646e-08
0.100929 -1.56572e-08
0.101019 -1.56691e-08
0.101108 -1.57395e-08
0.101198 -1.57818e-08
0.101288 -1.58547e-08
0.101378 -1.59151e-08
0.101468 -1.59936e-08
0.101558 -1.60843e-08
0.101648 -1.61776e-08
0.101738 -1.62491e-08
0.101827 -1.63416e-08
0.101917 -1.64578e-08
0.102007 -1.65298e-08
0.102097 -1.66659e-08
0.102187 -1.67779e-08
0.102277 -1.68959e-08
0.102367 -1.70036e-08
0.102457 -1.71227e-08
0.102546 -1.72321e-08
0.102636 -1.73315e-08
0.102726 -1.73731e-08
0.102816 -1.74235e-08
0.102906 -1.74084e-08
0.102996 -1.74518e-08
0.103086 -1.74756e-08
0.103176 -1.74768e-08
0.103265 -1.75029e-08
0.103355 -1.75293e-08
0.103445 -1.7547e-08
0.103535 -1.75464e-08
0.103625 -1.75403e-08
0.103715 -1.7552e-08
0.103805 -1.75786e-08
0.103895 -1.7603e-08
0.103984 -1.76128e-08
0.104074 -1.75945e-08
0.104164 -1.76243e-08
0.104254 -1.76329e-08
0.104344 -1.76911e-08
0.104434 -1.77644e-08
0.104524 -1.78671e-08
0.104614 -1.79806e-08
0.104703 -1.80755e-08
0.104793 -1.81577e-08
0.104883 -1.82245e-08
0.104973 -1.82952e-08
0.105063 -1.8378e-08
0.105153 -1.84199e-08
0.105243 -1.84762e-08
0.105333 -1.85015e-08
0.105422 -1.84859e-08
0.105512 -1.84964e-08
0.105602 -1.84979e-08
0.105692 -1.84403e-08
0.105782 -1.83955e-08
0.105872 -1.82996e-08
0.105962 -1.82001e-08
0.106052 -1.80944e-08
0.106141 -1.80671e-08
0.106231 -1.80121e-08
0.106321 -1.79567e-08
0.106411 -1.78697e-08
0.106501 -1.78129e-08
0.106591 -1.77922e-08
0.106681 -1.77659e-08
0.106771 -1.77153e-08
0.10686 -1.76311e-08
0.10695 -1.75425e-08
0.10704 -1.74743e-08
0.10713 -1.74251e-08
0.10722 -1.73729e-08
0.10731 -1.73087e-08
0.1074 -1.72657e-08
0.107489 -1.72537e-08
0.107579 -1.72034e-08
0.107669 -1.72657e-08
0.107759 -1.72701e-08
0.107849 -1.72607e-08
0.107939 -1.7244e-08
0.108029 -1.72385e-08
0.108119 -1.724e-08
0.108208 -1.7261e-08
0.108298 -1.72619e-08
0.108388 -1.72867e-08
0.108478 -1.73298e-08
0.108568 -1.74553e-08
0.108658 -1.7528e-08
0.108748 -1.75749e-08
0.108838 -1.76956e-08
0.108927 -1.77953e-08
0.109017 -1.79133e-08
0.109107 -1.80467e-08
0.109197 -1.82075e-08
0.109287 -1.83641e-08
0.109377 -1.84907e-08
0.109467 -1.85997e-08
0.109557 -1.86999e-08
0.109646 -1.88091e-08
0.109736 -1.89751e-08
0.109826 -1.91049e-08
0.109916 -1.92801e-08
0.110006 -1.94606e-08
0.110096 -1.95808e-08
0.110186 -1.97456e-08
0.110276 -1.99268e-08
0.110365 -2.01112e-08
0.110455 -2.02738e-08
0.110545 -2.0418e-08
0.110635 -2.05551e-08
0.110725 -2.06326e-08
0.110815 -2.06944e-08
0.110905 -2.07276e-08
0.110995 -2.06786e-08
0.111084 -2.06284e-08
0.111174 -2.05466e-08
0.111264 -2.04377e-08
0.111354 -2.03514e-08
0.111444 -2.02662e-08
0.111534 -2.01676e-08
0.111624 -2.00926e-08
0.111714 -2.00305e-08
0.111803 -1.99505e-08
0.111893 -1.98565e-08
0.111983 -1.98044e-08
0.112073 -1.98035e-08
0.112163 -1.98086e-08
0.112253 -1.97626e-08
0.112343 -1.96873e-08
0.112433 -1.96369e-08
0.112522 -1.96393e-08
0.112612 -1.96392e-08
0.112702 -1.97011e-08
0.112792 -1.97453e-08
0.112882 -1.97799e-08
0.112972 -1.97428e-08
0.113062 -1.97254e-08
0.113152 -1.96527e-08
0.113241 -1.96713e-08
0.113331 -1.96723e-08
0.113421 -1.96525e-08
0.113511 -1.95883e-08
0.113601 -1.95172e-08
0.113691 -1.94236e-08
0.113781 -1.93257e-08
0.113871 -1.9292e-08
0.11396 -1.931e-08
0.11405 -1.93404e-08
0.11414 -1.93479e-08
0.11423 -1.94206e-08
0.11432 -1.94747e-08
0.11441 -1.9603e-08
0.1145 -1.95763e-08
0.11459 -1.96509e-08
0.114679 -1.97425e-08
0.114769 -1.98857e-08
0.114859 -2.00902e-08
0.114949 -2.02377e-08
0.115039 -2.03204e-08
0.115129 -2.04022e-08
0.115219 -2.05241e-08
0.115309 -2.06476e-08
0.115398 -2.069e-08
0.115488 -2.07575e-08
0.115578 -2.089e-08
0.115668 -2.09176e-08
0.115758 -2.10096e-08
0.115848 -2.10759e-08
0.115938 -2.10997e-08
0.116028 -2.10909e-08
0.116117 -2.11076e-08
0.116207 -2.11102e-08
0.116297 -2.11418e-08
0.116387 -2.11749e-08
0.116477 -2.11254e-08
0.116567 -2.09708e-08
0.116657 -2.09469e-08
0.116747 -2.0914e-08
0.116836 -2.08968e-08
0.116926 -2.09345e-08
0.117016 -2.09733e-08
0.117106 -2.09914e-08
0.117196 -2.09283e-08
0.117286 -2.08671e-08
0.117376 -2.08819e-08
0.117466 -2.09098e-08
0.117555 -2.09617e-08
0.117645 -2.10317e-08
0.117735 -2.1086e-08
0.117825 -2.11801e-08
0.117915 -2.11314e-08
0.118005 -2.10986e-08
0.118095 -2.12322e-08
0.118185 -2.13811e-08
0.118274 -2.15501e-08
0.118364 -2.17214e-08
0.118454 -2.18451e-08
0.118544 -2.19588e-08
0.118634 -2.21393e-08
0.118724 -2.2423e-08
0.118814 -2.26134e-08
0.118904 -2.2797e-08
0.118993 -2.29759e-08
0.119083 -2.3143e-08
0.119173 -2.34104e-08
0.119263 -2.36238e-08
0.119353 -2.37448e-08
0.119443 -2.38959e-08
0.119533 -2.40919e-08
0.119623 -2.43044e-08
0.119712 -2.44294e-08
0.119802 -2.45117e-08
0.119892 -2.45382e-08
0.119982 -2.45352e-08
0.120072 -2.45801e-08
0.120162 -2.4645e-08
0.120252 -2.47007e-08
0.120341 -2.4699e-08
0.120431 -2.46341e-08
0.120521 -2.45551e-08
0.120611 -2.44005e-08
0.120701 -2.41483e-08
0.120791 -2.39148e-08
0.120881 -2.36989e-08
0.120971 -2.3553e-08
0.12106 -2.33722e-08
0.12115 -2.31493e-08
0.12124 -2.28153e-08
0.12133 -2.25578e-08
0.12142 -2.22926e-08
0.12151 -2.21031e-08
0.1216 -2.17683e-08
0.12169 -2.14174e-08
0.121779 -2.10362e-08
0.121869 -2.06883e-08
0.121959 -2.04056e-08
0.122049 -2.02796e-08
0.122139 -2.02482e-08
0.122229 -2.02671e-08
0.122319 -2.02676e-08
0.122409 -2.02218e-08
0.122498 -2.03775e-08
0.122588 -2.05838e-08
0.122678 -2.0798e-08
0.122768 -2.09744e-08
0.122858 -2.12487e-08
0.122948 -2.15668e-08
0.123038 -2.19583e-08
0.123128 -2.22641e-08
0.123217 -2.262e-08
0.123307 -2.29068e-08
0.123397 -2.32756e-08
0.123487 -2.35044e-08
0.123577 -2.38145e-08
0.123667 -2.40978e-08
0.123757 -2.42824e-08
0.123847 -2.44724e-08
0.123936 -2.45962e-08
0.124026 -2.47388e-08
0.124116 -2.47495e-08
0.124206 -2.47162e-08
0.124296 -2.46571e-08
0.124386 -2.47033e-08
0.124476 -2.47405e-08
0.124566 -2.48422e-08
0.124655 -2.47367e-08
0.124745 -2.48416e-08
0.124835 -2.48577e-08
0.124925 -2.48773e-08
0.125015 -2.47406e-08
0.125105 -2.46092e-08
0.125195 -2.44501e-08
0.125285 -2.43388e-08
0.125374 -2.42105e-08
0.125464 -2.40286e-08
0.125554 -2.38276e-08
0.125644 -2.37724e-08
0.125734 -2.35742e-08
0.125824 -2.33049e-08
0.125914 -2.32425e-08
0.126004 -2.30096e-08
0.126093 -2.27874e-08
0.126183 -2.24727e-08
0.126273 -2.21776e-08
0.126363 -2.19345e-08
0.126453 -2.1806e-08
0.126543 -2.16031e-08
0.126633 -2.15271e-08
0.126723 -2.14261e-08
0.126812 -2.14554e-08
0.126902 -2.11076e-08
0.126992 -2.08285e-08
0.127082 -2.07167e-08
0.127172 -2.04909e-08
0.127262 -2.03011e-08
0.127352 -2.0112e-08
0.127442 -1.9968e-08
0.127531 -1.97216e-08
0.127621 -1.93915e-08
0.127711 -1.90994e-08
0.127801 -1.89469e-08
0.127891 -1.89069e-08
0.127981 -1.91092e-08
0.128071 -1.90832e-08
0.128161 -1.93318e-08
0.12825 -1.9509e-08
0.12834 -1.95442e-08
0.12843 -1.96398e-08
0.12852 -1.98037e-08
0.12861 -1.99821e-08
0.1287 -2.01466e-08
0.12879 -2.02902e-08
0.12888 -2.03522e-08
0.128969 -2.02932e-08
0.129059 -2.04456e-08
0.129149 -2.04524e-08
0.129239 -2.04688e-08
0.129329 -2.0682e-08
0.129419 -2.05735e-08
0.129509 -2.04086e-08
0.129599 -2.01308e-08
0.129688 -1.98955e-08
0.129778 -1.97313e-08
0.129868 -1.96867e-08
0.129958 -1.96759e-08
0.130048 -1.96861e-08
0.130138 -1.97943e-08
0.130228 -2.01354e-08
0.130318 -2.01645e-08
0.130407 -2.01804e-08
0.130497 -2.03672e-08
0.130587 -2.04073e-08
0.130677 -2.04837e-08
0.130767 -2.06722e-08
0.130857 -2.09514e-08
0.130947 -2.1175e-08
0.131037 -2.12462e-08
0.131126 -2.12387e-08
0.131216 -2.1233e-08
0.131306 -2.12308e-08
0.131396 -2.14304e-08
0.131486 -2.12474e-08
0.131576 -2.12856e-08
0.131666 -2.11863e-08
0.131756 -2.10453e-08
0.131845 -2.10714e-08
0.131935 -2.11458e-08
0.132025 -2.12319e-08
0.132115 -2.12711e-08
0.132205 -2.11466e-08
0.132295 -2.10649e-08
0.132385 -2.08042e-08
0.132475 -2.06649e-08
0.132564 -2.03676e-08
0.132654 -2.02058e-08
0.132744 -2.04045e-08
0.132834 -2.02723e-08
0.132924 -2.01158e-08
0.133014 -1.97587e-08
0.133104 -1.93187e-08
0.133194 -1.89184e-08
0.133283 -1.86056e-08
0.133373 -1.83214e-08
0.133463 -1.78109e-08
0.133553 -1.74525e-08
0.133643 -1.73169e-08
0.133733 -1.69871e-08
0.133823 -1.67659e-08
0.133912 -1.66765e-08
0.134002 -1.64139e-08
0.134092 -1.62215e-08
0.134182 -1.62001e-08
0.134272 -1.61334e-08
0.134362 -1.5985e-08
0.134452 -1.58166e-08
0.134542 -1.56287e-08
0.134631 -1.5406e-08
0.134721 -1.5374e-08
0.134811 -1.55021e-08
