-0.134811 0
-0.134721 0
-0.134631 0
-0.134542 0
-0.134452 0
-0.134362 0
-0.134272 0
-0.134182 0
-0.134092 0
-0.134002 0
-0.133912 0
-0.133823 0
-0.133733 0
-0.133643 0
-0.133553 0
-0.133463 0
-0.133373 0
-0.133283 0
-0.133194 0
-0.133104 0
-0.133014 0
-0.132924 0
-0.132834 0
-0.132744 0
-0.132654 0
-0.132564 0
-0.132475 0
-0.132385 0
-0.132295 0
-0.132205 0
-0.132115 0
-0.132025 0
-0.131935 0
-0.131845 0
-0.131756 0
-0.131666 0
-0.131576 0
-0.131486 0
-0.131396 0
-0.131306 0
-0.131216 0
-0.131126 0
-0.131037 0
-0.130947 0
-0.130857 0
-0.130767 0
-0.130677 0
-0.130587 0
-0.130497 0
-0.130407 0
-0.130318 0
-0.130228 0
-0.130138 0
-0.130048 0
-0.129958 0
-0.129868 0
-0.129778 0
-0.129688 0
-0.129599 0
-0.129509 0
-0.129419 0
-0.129329 0
-0.129239 0
-0.129149 0
-0.129059 0
-0.128969 0
-0.12888 0
-0.12879 0
-0.1287 0
-0.12861 0
-0.12852 0
-0.12843 0
-0.12834 0
-0.12825 0
-0.128161 0
-0.128071 0
-0.127981 0
-0.127891 0
-0.127801 0
-0.127711 0
-0.127621 0
-0.127531 0
-0.127442 0
-0.127352 0
-0.127262 0
-0.127172 0
-0.127082 0
-0.126992 0
-0.126902 0
-0.126812 0
-0.126723 0
-0.126633 0
-0.126543 0
-0.126453 0
-0.126363 0
-0.126273 0
-0.126183 0
-0.126093 0
-0.126004 0
-0.125914 0
-0.125824 0
-0.125734 0
-0.125644 0
-0.125554 0
-0.125464 0
-0.125374 0
-0.125285 0
-0.125195 0
-0.125105 0
-0.125015 0
-0.124925 0
-0.124835 0
-0.124745 0
-0.124655 0
-0.124566 0
-0.124476 0
-0.124386 0
-0.124296 0
-0.124206 0
-0.124116 0
-0.124026 0
-0.123936 0
-0.123847 0
-0.123757 0
-0.123667 0
-0.123577 0
-0.123487 0
-0.123397 0
-0.123307 0
-0.123217 0
-0.123128 0
-0.123038 0
-0.122948 0
-0.122858 0
-0.122768 0
-0.122678 0
-0.122588 0
-0.122498 0
-0.122409 0
-0.122319 0
-0.122229 0
-0.122139 0
-0.122049 0
-0.121959 0
-0.121869 0
-0.121779 0
-0.12169 0
-0.1216 0
-0.12151 0
-0.12142 0
-0.12133 0
-0.12124 0
-0.12115 0
-0.12106 0
-0.120971 0
-0.120881 0
-0.120791 0
-0.120701 0
-0.120611 0
-0.120521 0
-0.120431 0
-0.120341 0
-0.120252 0
-0.120162 0
-0.120072 0
-0.119982 0
-0.119892 0
-0.119802 0
-0.119712 0
-0.119623 0
-0.119533 0
-0.119443 0
-0.119353 0
-0.119263 0
-0.119173 0
-0.119083 0
-0.118993 0
-0.118904 0
-0.118814 0
-0.118724 0
-0.118634 0
-0.118544 0
-0.118454 0
-0.118364 0
-0.118274 0
-0.118185 0
-0.118095 0
-0.118005 0
-0.117915 0
-0.117825 0
-0.117735 0
-0.117645 0
-0.117555 0
-0.117466 0
-0.117376 0
-0.117286 0
-0.117196 0
-0.117106 0
-0.117016 0
-0.116926 0
-0.116836 0
-0.116747 0
-0.116657 0
-0.116567 0
-0.116477 0
-0.116387 0
-0.116297 0
-0.116207 0
-0.116117 0
-0.116028 0
-0.115938 0
-0.115848 0
-0.115758 0
-0.115668 0
-0.115578 0
-0.115488 0
-0.115398 0
-0.115309 0
-0.115219 0
-0.115129 0
-0.115039 0
-0.114949 0
-0.114859 0
-0.114769 0
-0.114679 0
-0.11459 0
-0.1145 0
-0.11441 0
-0.11432 0
-0.11423 0
-0.11414 0
-0.11405 0
-0.11396 0
-0.113871 0
-0.113781 0
-0.113691 0
-0.113601 0
-0.113511 0
-0.113421 0
-0.113331 0
-0.113241 0
-0.113152 0
-0.113062 0
-0.112972 0
-0.112882 0
-0.112792 0
-0.112702 0
-0.112612 0
-0.112522 0
-0.112433 0
-0.112343 0
-0.112253 0
-0.112163 0
-0.112073 0
-0.111983 0
-0.111893 0
-0.111803 0
-0.111714 0
-0.111624 0
-0.111534 0
-0.111444 0
-0.111354 0
-0.111264 0
-0.111174 0
-0.111084 0
-0.110995 0
-0.110905 0
-0.110815 0
-0.110725 0
-0.110635 0
-0.110545 0
-0.110455 0
-0.110365 0
-0.110276 0
-0.110186 0
-0.110096 0
-0.110006 0
-0.109916 0
-0.109826 0
-0.109736 0
-0.109646 0
-0.109557 0
-0.109467 0
-0.109377 0
-0.109287 0
-0.109197 0
-0.109107 0
-0.109017 0
-0.108927 0
-0.108838 0
-0.108748 0
-0.108658 0
-0.108568 0
-0.108478 0
-0.108388 0
-0.108298 0
-0.108208 0
-0.108119 0
-0.108029 0
-0.107939 0
-0.107849 0
-0.107759 0
-0.107669 0
-0.107579 0
-0.107489 0
-0.1074 0
-0.10731 0
-0.10722 0
-0.10713 0
-0.10704 0
-0.10695 0
-0.10686 0
-0.106771 0
-0.106681 0
-0.106591 0
-0.106501 0
-0.106411 0
-0.106321 0
-0.106231 0
-0.106141 0
-0.106052 0
-0.105962 0
-0.105872 0
-0.105782 0
-0.105692 0
-0.105602 0
-0.105512 0
-0.105422 0
-0.105333 0
-0.105243 0
-0.105153 0
-0.105063 0
-0.104973 0
-0.104883 0
-0.104793 0
-0.104703 0
-0.104614 0
-0.104524 0
-0.104434 0
-0.104344 0
-0.104254 0
-0.104164 0
-0.104074 0
-0.103984 0
-0.103895 0
-0.103805 0
-0.103715 0
-0.103625 0
-0.103535 0
-0.103445 0
-0.103355 0
-0.103265 0
-0.103176 0
-0.103086 0
-0.102996 0
-0.102906 0
-0.102816 0
-0.102726 0
-0.102636 0
-0.102546 0
-0.102457 0
-0.102367 0
-0.102277 0
-0.102187 0
-0.102097 0
-0.102007 0
-0.101917 0
-0.101827 0
-0.101738 0
-0.101648 0
-0.101558 0
-0.101468 0
-0.101378 0
-0.101288 0
-0.101198 0
-0.101108 0
-0.101019 0
-0.100929 0
-0.100839 0
-0.100749 0
-0.100659 0
-0.100569 0
-0.100479 0
-0.100389 0
-0.1003 0
-0.10021 0
-0.10012 0
-0.10003 0
-0.0999401 0
-0.0998502 0
-0.0997603 0
-0.0996704 0
-0.0995806 0
-0.0994907 0
-0.0994008 0
-0.0993109 0
-0.0992211 0
-0.0991312 0
-0.0990413 0
-0.0989514 0
-0.0988616 0
-0.0987717 0
-0.0986818 0
-0.098592 0
-0.0985021 0
-0.0984122 0
-0.0983223 0
-0.0982325 0
-0.0981426 0
-0.0980527 0
-0.0979628 0
-0.097873 0
-0.0977831 0
-0.0976932 0
-0.0976033 0
-0.0975135 0
-0.0974236 0
-0.0973337 0
-0.0972438 0
-0.097154 0
-0.0970641 0
-0.0969742 0
-0.0968843 0
-0.0967945 0
-0.0967046 0
-0.0966147 0
-0.0965248 0
-0.096435 0
-0.0963451 0
-0.0962552 0
-0.0961653 0
-0.0960755 0
-0.0959856 0
-0.0958957 0
-0.0958059 0
-0.095716 0
-0.0956261 0
-0.0955362 0
-0.0954464 0
-0.0953565 0
-0.0952666 0
-0.0951767 0
-0.0950869 0
-0.094997 0
-0.0949071 0
-0.0948172 0
-0.0947274 0
-0.0946375 0
-0.0945476 0
-0.0944577 0
-0.0943679 0
-0.094278 0
-0.0941881 0
-0.0940982 0
-0.0940084 0
-0.0939185 0
-0.0938286 0
-0.0937387 0
-0.0936489 0
-0.093559 0
-0.0934691 0
-0.0933793 0
-0.0932894 0
-0.0931995 0
-0.0931096 0
-0.0930198 0
-0.0929299 0
-0.09284 0
-0.0927501 0
-0.0926603 0
-0.0925704 0
-0.0924805 0
-0.0923906 0
-0.0923008 0
-0.0922109 0
-0.092121 0
-0.0920311 0
-0.0919413 0
-0.0918514 0
-0.0917615 0
-0.0916716 0
-0.0915818 0
-0.0914919 0
-0.091402 0
-0.0913121 0
-0.0912223 0
-0.0911324 0
-0.0910425 0
-0.0909526 0
-0.0908628 0
-0.0907729 0
-0.090683 0
-0.0905932 0
-0.0905033 0
-0.0904134 0
-0.0903235 0
-0.0902337 0
-0.0901438 0
-0.0900539 0
-0.089964 0
-0.0898742 0
-0.0897843 0
-0.0896944 0
-0.0896045 0
-0.0895147 0
-0.0894248 0
-0.0893349 0
-0.089245 0
-0.0891552 0
-0.0890653 0
-0.0889754 0
-0.0888855 0
-0.0887957 0
-0.0887058 0
-0.0886159 0
-0.088526 0
-0.0884362 0
-0.0883463 0
-0.0882564 0
-0.0881665 0
-0.0880767 0
-0.0879868 0
-0.0878969 0
-0.0878071 0
-0.0877172 0
-0.0876273 0
-0.0875374 0
-0.0874476 0
-0.0873577 0
-0.0872678 0
-0.0871779 0
-0.0870881 0
-0.0869982 0
-0.0869083 0
-0.0868184 0
-0.0867286 0
-0.0866387 0
-0.0865488 0
-0.0864589 0
-0.0863691 0
-0.0862792 0
-0.0861893 0
-0.0860994 0
-0.0860096 0
-0.0859197 0
-0.0858298 0
-0.0857399 0
-0.0856501 0
-0.0855602 0
-0.0854703 0
-0.0853805 0
-0.0852906 0
-0.0852007 0
-0.0851108 0
-0.085021 0
-0.0849311 0
-0.0848412 0
-0.0847513 0
-0.0846615 0
-0.0845716 0
-0.0844817 0
-0.0843918 0
-0.084302 0
-0.0842121 0
-0.0841222 0
-0.0840323 0
-0.0839425 0
-0.0838526 0
-0.0837627 0
-0.0836728 0
-0.083583 0
-0.0834931 0
-0.0834032 0
-0.0833133 0
-0.0832235 0
-0.0831336 0
-0.0830437 0
-0.0829538 0
-0.082864 0
-0.0827741 0
-0.0826842 0
-0.0825944 0
-0.0825045 0
-0.0824146 0
-0.0823247 0
-0.0822349 0
-0.082145 0
-0.0820551 0
-0.0819652 0
-0.0818754 0
-0.0817855 0
-0.0816956 0
-0.0816057 0
-0.0815159 0
-0.081426 0
-0.0813361 0
-0.0812462 0
-0.0811564 0
-0.0810665 0
-0.0809766 0
-0.0808867 0
-0.0807969 0
-0.080707 0
-0.0806171 0
-0.0805272 0
-0.0804374 0
-0.0803475 0
-0.0802576 0
-0.0801677 0
-0.0800779 0
-0.079988 0
-0.0798981 0
-0.0798083 0
-0.0797184 0
-0.0796285 0
-0.0795386 0
-0.0794488 0
-0.0793589 0
-0.079269 0
-0.0791791 0
-0.0790893 0
-0.0789994 0
-0.0789095 0
-0.0788196 0
-0.0787298 0
-0.0786399 0
-0.07855 0
-0.0784601 0
-0.0783703 0
-0.0782804 0
-0.0781905 0
-0.0781006 0
-0.0780108 0
-0.0779209 0
-0.077831 0
-0.0777411 0
-0.0776513 0
-0.0775614 0
-0.0774715 0
-0.0773817 0
-0.0772918 0
-0.0772019 0
-0.077112 0
-0.0770222 0
-0.0769323 0
-0.0768424 0
-0.0767525 0
-0.0766627 0
-0.0765728 0
-0.0764829 0
-0.076393 0
-0.0763032 0
-0.0762133 0
-0.0761234 0
-0.0760335 0
-0.0759437 0
-0.0758538 0
-0.0757639 0
-0.075674 0
-0.0755842 0
-0.0754943 0
-0.0754044 0
-0.0753145 0
-0.0752247 0
-0.0751348 0
-0.0750449 0
-0.074955 0
-0.0748652 0
-0.0747753 0
-0.0746854 0
-0.0745956 0
-0.0745057 0
-0.0744158 0
-0.0743259 0
-0.0742361 0
-0.0741462 0
-0.0740563 0
-0.0739664 0
-0.0738766 0
-0.0737867 0
-0.0736968 0
-0.0736069 0
-0.0735171 0
-0.0734272 0
-0.0733373 0
-0.0732474 0
-0.0731576 0
-0.0730677 0
-0.0729778 0
-0.0728879 0
-0.0727981 0
-0.0727082 0
-0.0726183 0
-0.0725284 0
-0.0724386 0
-0.0723487 0
-0.0722588 0
-0.0721689 0
-0.0720791 0
-0.0719892 0
-0.0718993 0
-0.0718095 0
-0.0717196 0
-0.0716297 0
-0.0715398 0
-0.07145 0
-0.0713601 0
-0.0712702 0
-0.0711803 0
-0.0710905 0
-0.0710006 0
-0.0709107 0
-0.0708208 0
-0.070731 0
-0.0706411 0
-0.0705512 0
-0.0704613 0
-0.0703715 0
-0.0702816 0
-0.0701917 0
-0.0701018 0
-0.070012 0
-0.0699221 0
-0.0698322 1.53478e-07
-0.0697423 1.53131e-07
-0.0696525 1.52784e-07
-0.0695626 1.52437e-07
-0.0694727 1.5209e-07
-0.0693829 1.51741e-07
-0.069293 1.51393e-07
-0.0692031 1.51044e-07
-0.0691132 1.50694e-07
-0.0690234 1.50344e-07
-0.0689335 1.49993e-07
-0.0688436 1.49642e-07
-0.0687537 1.4929e-07
-0.0686639 1.48938e-07
-0.068574 1.48584e-07
-0.0684841 1.48231e-07
-0.0683942 1.47876e-07
-0.0683044 1.47521e-07
-0.0682145 1.47166e-07
-0.0681246 1.4681e-07
-0.0680347 1.46455e-07
-0.0679449 1.46098e-07
-0.067855 1.45742e-07
-0.0677651 1.45386e-07
-0.0676752 1.45029e-07
-0.0675854 1.44674e-07
-0.0674955 1.44318e-07
-0.0674056 1.43962e-07
-0.0673157 1.43608e-07
-0.0672259 1.43253e-07
-0.067136 1.429e-07
-0.0670461 1.42547e-07
-0.0669562 1.42195e-07
-0.0668664 1.41844e-07
-0.0667765 1.41493e-07
-0.0666866 1.41144e-07
-0.0665968 1.40796e-07
-0.0665069 1.40448e-07
-0.066417 1.40102e-07
-0.0663271 1.39756e-07
-0.0662373 1.39411e-07
-0.0661474 1.39067e-07
-0.0660575 1.38723e-07
-0.0659676 1.3838e-07
-0.0658778 1.38038e-07
-0.0657879 1.37697e-07
-0.065698 1.37356e-07
-0.0656081 1.37015e-07
-0.0655183 1.36675e-07
-0.0654284 1.36335e-07
-0.0653385 1.35995e-07
-0.0652486 1.35656e-07
-0.0651588 1.35316e-07
-0.0650689 1.34977e-07
-0.064979 1.34637e-07
-0.0648891 1.34298e-07
-0.0647993 1.33959e-07
-0.0647094 1.3362e-07
-0.0646195 1.33281e-07
-0.0645296 1.32942e-07
-0.0644398 1.32604e-07
-0.0643499 1.32265e-07
-0.06426 1.31927e-07
-0.0641701 1.31589e-07
-0.0640803 1.31252e-07
-0.0639904 1.30916e-07
-0.0639005 1.30579e-07
-0.0638107 1.30244e-07
-0.0637208 1.29909e-07
-0.0636309 1.29575e-07
-0.063541 1.29243e-07
-0.0634512 1.2891e-07
-0.0633613 1.28579e-07
-0.0632714 1.28249e-07
-0.0631815 1.2792e-07
-0.0630917 1.27591e-07
-0.0630018 1.27264e-07
-0.0629119 1.26938e-07
-0.062822 1.26613e-07
-0.0627322 1.26288e-07
-0.0626423 1.25965e-07
-0.0625524 1.25642e-07
-0.0624625 1.2532e-07
-0.0623727 1.24999e-07
-0.0622828 1.24678e-07
-0.0621929 1.24359e-07
-0.062103 1.24039e-07
-0.0620132 1.23721e-07
-0.0619233 1.23402e-07
-0.0618334 1.23085e-07
-0.0617435 1.22767e-07
-0.0616537 1.2245e-07
-0.0615638 1.22133e-07
-0.0614739 1.21816e-07
-0.0613841 1.215e-07
-0.0612942 1.21183e-07
-0.0612043 1.20867e-07
-0.0611144 1.20551e-07
-0.0610246 1.20234e-07
-0.0609347 1.19917e-07
-0.0608448 1.19601e-07
-0.0607549 1.19284e-07
-0.0606651 1.18967e-07
-0.0605752 1.1865e-07
-0.0604853 1.18333e-07
-0.0603954 1.18015e-07
-0.0603056 1.17698e-07
-0.0602157 1.1738e-07
-0.0601258 1.17061e-07
-0.0600359 1.16743e-07
-0.0599461 1.16424e-07
-0.0598562 1.16105e-07
-0.0597663 1.15786e-07
-0.0596764 1.15467e-07
-0.0595866 1.15147e-07
-0.0594967 1.14827e-07
-0.0594068 1.14507e-07
-0.0593169 1.14187e-07
-0.0592271 1.13867e-07
-0.0591372 1.13546e-07
-0.0590473 1.13226e-07
-0.0589574 1.12905e-07
-0.0588676 1.12585e-07
-0.0587777 1.12264e-07
-0.0586878 1.11944e-07
-0.058598 1.11624e-07
-0.0585081 1.11304e-07
-0.0584182 1.10985e-07
-0.0583283 1.10666e-07
-0.0582385 1.10348e-07
-0.0581486 1.1003e-07
-0.0580587 1.09712e-07
-0.0579688 1.09396e-07
-0.057879 1.0908e-07
-0.0577891 1.08764e-07
-0.0576992 1.0845e-07
-0.0576093 1.08136e-07
-0.0575195 1.07823e-07
-0.0574296 1.07511e-07
-0.0573397 1.072e-07
-0.0572498 1.0689e-07
-0.05716 1.0658e-07
-0.0570701 1.06271e-07
-0.0569802 1.05963e-07
-0.0568903 1.05656e-07
-0.0568005 1.05349e-07
-0.0567106 1.05042e-07
-0.0566207 1.04736e-07
-0.0565308 1.0443e-07
-0.056441 1.04125e-07
-0.0563511 1.0382e-07
-0.0562612 1.03516e-07
-0.0561713 1.03212e-07
-0.0560815 1.02907e-07
-0.0559916 1.02604e-07
-0.0559017 1.023e-07
-0.0558119 1.01997e-07
-0.055722 1.01694e-07
-0.0556321 1.01391e-07
-0.0555422 1.01089e-07
-0.0554524 1.00787e-07
-0.0553625 1.00486e-07
-0.0552726 1.00185e-07
-0.0551827 9.98852e-08
-0.0550929 9.95859e-08
-0.055003 9.92873e-08
-0.0549131 9.89893e-08
-0.0548232 9.86923e-08
-0.0547334 9.83963e-08
-0.0546435 9.8101e-08
-0.0545536 9.78069e-08
-0.0544637 9.75138e-08
-0.0543739 9.72217e-08
-0.054284 9.69305e-08
-0.0541941 9.66408e-08
-0.0541042 9.63518e-08
-0.0540144 9.60638e-08
-0.0539245 9.57772e-08
-0.0538346 9.54915e-08
-0.0537447 9.52065e-08
-0.0536549 9.49228e-08
-0.053565 9.464e-08
-0.0534751 9.43579e-08
-0.0533853 9.40768e-08
-0.0532954 9.37966e-08
-0.0532055 9.3517e-08
-0.0531156 9.32381e-08
-0.0530258 9.296e-08
-0.0529359 9.26824e-08
-0.052846 9.24052e-08
-0.0527561 9.21288e-08
-0.0526663 9.18527e-08
-0.0525764 9.1577e-08
-0.0524865 9.13017e-08
-0.0523966 9.10267e-08
-0.0523068 9.07519e-08
-0.0522169 9.04774e-08
-0.052127 9.02031e-08
-0.0520371 8.99289e-08
-0.0519473 8.96548e-08
-0.0518574 8.93807e-08
-0.0517675 8.91067e-08
-0.0516776 8.88326e-08
-0.0515878 8.85585e-08
-0.0514979 8.82844e-08
-0.051408 8.80101e-08
-0.0513181 8.77358e-08
-0.0512283 8.74613e-08
-0.0511384 8.71867e-08
-0.0510485 8.69119e-08
-0.0509586 8.6637e-08
-0.0508688 8.6362e-08
-0.0507789 8.60869e-08
-0.050689 8.58116e-08
-0.0505992 8.55363e-08
-0.0505093 8.52609e-08
-0.0504194 8.49855e-08
-0.0503295 8.47101e-08
-0.0502397 8.44348e-08
-0.0501498 8.41596e-08
-0.0500599 8.38846e-08
-0.04997 8.36097e-08
-0.0498802 8.33352e-08
-0.0497903 8.3061e-08
-0.0497004 8.27871e-08
-0.0496105 8.25137e-08
-0.0495207 8.22409e-08
-0.0494308 8.19685e-08
-0.0493409 8.16966e-08
-0.049251 8.14256e-08
-0.0491612 8.11551e-08
-0.0490713 8.08852e-08
-0.0489814 8.06163e-08
-0.0488915 8.03481e-08
-0.0488017 8.00805e-08
-0.0487118 7.98138e-08
-0.0486219 7.9548e-08
-0.048532 7.92828e-08
-0.0484422 7.90185e-08
-0.0483523 7.87551e-08
-0.0482624 7.84923e-08
-0.0481725 7.82302e-08
-0.0480827 7.7969e-08
-0.0479928 7.77084e-08
-0.0479029 7.74484e-08
-0.0478131 7.71893e-08
-0.0477232 7.69307e-08
-0.0476333 7.66726e-08
-0.0475434 7.64151e-08
-0.0474536 7.61581e-08
-0.0473637 7.59015e-08
-0.0472738 7.56454e-08
-0.0471839 7.53898e-08
-0.0470941 7.51344e-08
-0.0470042 7.48793e-08
-0.0469143 7.46246e-08
-0.0468244 7.43701e-08
-0.0467346 7.41158e-08
-0.0466447 7.38618e-08
-0.0465548 7.36079e-08
-0.0464649 7.33542e-08
-0.0463751 7.31006e-08
-0.0462852 7.28472e-08
-0.0461953 7.25938e-08
-0.0461054 7.23406e-08
-0.0460156 7.20875e-08
-0.0459257 7.18345e-08
-0.0458358 7.15816e-08
-0.0457459 7.13288e-08
-0.0456561 7.10761e-08
-0.0455662 7.08235e-08
-0.0454763 7.05711e-08
-0.0453865 7.03188e-08
-0.0452966 7.00667e-08
-0.0452067 6.98147e-08
-0.0451168 6.9563e-08
-0.045027 6.93114e-08
-0.0449371 6.906e-08
-0.0448472 6.88088e-08
-0.0447573 6.85579e-08
-0.0446675 6.83072e-08
-0.0445776 6.80567e-08
-0.0444877 6.78065e-08
-0.0443978 6.75565e-08
-0.044308 6.73068e-08
-0.0442181 6.70574e-08
-0.0441282 6.68081e-08
-0.0440383 6.65593e-08
-0.0439485 6.63106e-08
-0.0438586 6.60622e-08
-0.0437687 6.58141e-08
-0.0436788 6.55664e-08
-0.043589 6.53188e-08
-0.0434991 6.50716e-08
-0.0434092 6.48248e-08
-0.0433193 6.45783e-08
-0.0432295 6.4332e-08
-0.0431396 6.40863e-08
-0.0430497 6.38409e-08
-0.0429598 6.35958e-08
-0.04287 6.33513e-08
-0.0427801 6.31072e-08
-0.0426902 6.28635e-08
-0.0426004 6.26204e-08
-0.0425105 6.23778e-08
-0.0424206 6.21357e-08
-0.0423307 6.18942e-08
-0.0422409 6.16534e-08
-0.042151 6.14131e-08
-0.0420611 6.11734e-08
-0.0419712 6.09346e-08
-0.0418814 6.06963e-08
-0.0417915 6.04586e-08
-0.0417016 6.02219e-08
-0.0416117 5.99858e-08
-0.0415219 5.97504e-08
-0.041432 5.95158e-08
-0.0413421 5.92821e-08
-0.0412522 5.90489e-08
-0.0411624 5.88166e-08
-0.0410725 5.85852e-08
-0.0409826 5.83545e-08
-0.0408927 5.81244e-08
-0.0408029 5.78954e-08
-0.040713 5.76669e-08
-0.0406231 5.74391e-08
-0.0405332 5.72123e-08
-0.0404434 5.69861e-08
-0.0403535 5.67605e-08
-0.0402636 5.65357e-08
-0.0401737 5.63116e-08
-0.0400839 5.6088e-08
-0.039994 5.58651e-08
-0.0399041 5.56429e-08
-0.0398143 5.54212e-08
-0.0397244 5.52e-08
-0.0396345 5.49796e-08
-0.0395446 5.47595e-08
-0.0394548 5.45399e-08
-0.0393649 5.4321e-08
-0.039275 5.41026e-08
-0.0391851 5.38845e-08
-0.0390953 5.3667e-08
-0.0390054 5.34499e-08
-0.0389155 5.32332e-08
-0.0388256 5.3017e-08
-0.0387358 5.28013e-08
-0.0386459 5.2586e-08
-0.038556 5.2371e-08
-0.0384661 5.21566e-08
-0.0383763 5.19425e-08
-0.0382864 5.17287e-08
-0.0381965 5.15155e-08
-0.0381066 5.13026e-08
-0.0380168 5.10899e-08
-0.0379269 5.08778e-08
-0.037837 5.0666e-08
-0.0377471 5.04545e-08
-0.0376573 5.02433e-08
-0.0375674 5.00325e-08
-0.0374775 4.98219e-08
-0.0373876 4.96116e-08
-0.0372978 4.94017e-08
-0.0372079 4.9192e-08
-0.037118 4.89825e-08
-0.0370282 4.87733e-08
-0.0369383 4.85643e-08
-0.0368484 4.83556e-08
-0.0367585 4.81471e-08
-0.0366687 4.79388e-08
-0.0365788 4.77306e-08
-0.0364889 4.75227e-08
-0.036399 4.73151e-08
-0.0363092 4.71076e-08
-0.0362193 4.69003e-08
-0.0361294 4.66932e-08
-0.0360395 4.64863e-08
-0.0359497 4.62797e-08
-0.0358598 4.60733e-08
-0.0357699 4.58671e-08
-0.03568 4.56612e-08
-0.0355902 4.54556e-08
-0.0355003 4.52503e-08
-0.0354104 4.50452e-08
-0.0353205 4.48406e-08
-0.0352307 4.46363e-08
-0.0351408 4.44324e-08
-0.0350509 4.42289e-08
-0.034961 4.4026e-08
-0.0348712 4.38235e-08
-0.0347813 4.36214e-08
-0.0346914 4.34202e-08
-0.0346016 4.32194e-08
-0.0345117 4.30192e-08
-0.0344218 4.28199e-08
-0.0343319 4.26212e-08
-0.0342421 4.24231e-08
-0.0341522 4.22261e-08
-0.0340623 4.20298e-08
-0.0339724 4.18342e-08
-0.0338826 4.16396e-08
-0.0337927 4.14461e-08
-0.0337028 4.12532e-08
-0.0336129 4.10612e-08
-0.0335231 4.08705e-08
-0.0334332 4.06804e-08
-0.0333433 4.04911e-08
-0.0332534 4.03031e-08
-0.0331636 4.01159e-08
-0.0330737 3.99293e-08
-0.0329838 3.97438e-08
-0.0328939 3.9559e-08
-0.0328041 3.93749e-08
-0.0327142 3.91915e-08
-0.0326243 3.90089e-08
-0.0325344 3.88268e-08
-0.0324446 3.86452e-08
-0.0323547 3.84642e-08
-0.0322648 3.82835e-08
-0.0321749 3.81032e-08
-0.0320851 3.79232e-08
-0.0319952 3.77434e-08
-0.0319053 3.75638e-08
-0.0318155 3.73844e-08
-0.0317256 3.7205e-08
-0.0316357 3.70256e-08
-0.0315458 3.68463e-08
-0.031456 3.66669e-08
-0.0313661 3.64875e-08
-0.0312762 3.6308e-08
-0.0311863 3.61284e-08
-0.0310965 3.59488e-08
-0.0310066 3.57692e-08
-0.0309167 3.55895e-08
-0.0308268 3.54098e-08
-0.030737 3.52302e-08
-0.0306471 3.50507e-08
-0.0305572 3.48714e-08
-0.0304673 3.46922e-08
-0.0303775 3.45133e-08
-0.0302876 3.43347e-08
-0.0301977 3.41564e-08
-0.0301078 3.39785e-08
-0.030018 3.38012e-08
-0.0299281 3.36243e-08
-0.0298382 3.34479e-08
-0.0297483 3.32723e-08
-0.0296585 3.30972e-08
-0.0295686 3.29226e-08
-0.0294787 3.27489e-08
-0.0293888 3.25758e-08
-0.029299 3.24033e-08
-0.0292091 3.22316e-08
-0.0291192 3.20607e-08
-0.0290294 3.18903e-08
-0.0289395 3.17206e-08
-0.0288496 3.15517e-08
-0.0287597 3.13834e-08
-0.0286699 3.12156e-08
-0.02858 3.10487e-08
-0.0284901 3.08823e-08
-0.0284002 3.07163e-08
-0.0283104 3.05512e-08
-0.0282205 3.03865e-08
-0.0281306 3.02222e-08
-0.0280407 3.00586e-08
-0.0279509 2.98955e-08
-0.027861 2.97327e-08
-0.0277711 2.95706e-08
-0.0276812 2.9409e-08
-0.0275914 2.92478e-08
-0.0275015 2.90869e-08
-0.0274116 2.89268e-08
-0.0273217 2.8767e-08
-0.0272319 2.86075e-08
-0.027142 2.84487e-08
-0.0270521 2.82903e-08
-0.0269622 2.81322e-08
-0.0268724 2.79746e-08
-0.0267825 2.78175e-08
-0.0266926 2.76606e-08
-0.0266028 2.75042e-08
-0.0265129 2.73482e-08
-0.026423 2.71926e-08
-0.0263331 2.70372e-08
-0.0262433 2.68822e-08
-0.0261534 2.67275e-08
-0.0260635 2.65731e-08
-0.0259736 2.6419e-08
-0.0258838 2.62651e-08
-0.0257939 2.61115e-08
-0.025704 2.59582e-08
-0.0256141 2.58051e-08
-0.0255243 2.56522e-08
-0.0254344 2.54995e-08
-0.0253445 2.53471e-08
-0.0252546 2.51949e-08
-0.0251648 2.50429e-08
-0.0250749 2.48913e-08
-0.024985 2.47398e-08
-0.0248951 2.45885e-08
-0.0248053 2.44376e-08
-0.0247154 2.4287e-08
-0.0246255 2.41365e-08
-0.0245356 2.39865e-08
-0.0244458 2.38367e-08
-0.0243559 2.36871e-08
-0.024266 2.35379e-08
-0.0241761 2.3389e-08
-0.0240863 2.32404e-08
-0.0239964 2.3092e-08
-0.0239065 2.29441e-08
-0.0238167 2.27964e-08
-0.0237268 2.26489e-08
-0.0236369 2.25019e-08
-0.023547 2.2355e-08
-0.0234572 2.22084e-08
-0.0233673 2.20622e-08
-0.0232774 2.19162e-08
-0.0231875 2.17704e-08
-0.0230977 2.16249e-08
-0.0230078 2.14797e-08
-0.0229179 2.13347e-08
-0.022828 2.11899e-08
-0.0227382 2.10455e-08
-0.0226483 2.09012e-08
-0.0225584 2.07571e-08
-0.0224685 2.06134e-08
-0.0223787 2.04699e-08
-0.0222888 2.03266e-08
-0.0221989 2.01837e-08
-0.022109 2.00409e-08
-0.0220192 1.98984e-08
-0.0219293 1.97563e-08
-0.0218394 1.96144e-08
-0.0217495 1.94727e-08
-0.0216597 1.93314e-08
-0.0215698 1.91904e-08
-0.0214799 1.90497e-08
-0.02139 1.89092e-08
-0.0213002 1.87691e-08
-0.0212103 1.86293e-08
-0.0211204 1.84897e-08
-0.0210306 1.83506e-08
-0.0209407 1.82117e-08
-0.0208508 1.8073e-08
-0.0207609 1.79348e-08
-0.0206711 1.77969e-08
-0.0205812 1.76592e-08
-0.0204913 1.75218e-08
-0.0204014 1.73848e-08
-0.0203116 1.72481e-08
-0.0202217 1.71117e-08
-0.0201318 1.69756e-08
-0.0200419 1.68399e-08
-0.0199521 1.67044e-08
-0.0198622 1.65694e-08
-0.0197723 1.64346e-08
-0.0196824 1.63002e-08
-0.0195926 1.61662e-08
-0.0195027 1.60325e-08
-0.0194128 1.58992e-08
-0.0193229 1.57662e-08
-0.0192331 1.56337e-08
-0.0191432 1.55015e-08
-0.0190533 1.53697e-08
-0.0189634 1.52384e-08
-0.0188736 1.51074e-08
-0.0187837 1.49768e-08
-0.0186938 1.48468e-08
-0.018604 1.47172e-08
-0.0185141 1.45879e-08
-0.0184242 1.44591e-08
-0.0183343 1.43308e-08
-0.0182445 1.42029e-08
-0.0181546 1.40755e-08
-0.0180647 1.39486e-08
-0.0179748 1.3822e-08
-0.017885 1.36959e-08
-0.0177951 1.35703e-08
-0.0177052 1.34452e-08
-0.0176153 1.33203e-08
-0.0175255 1.31961e-08
-0.0174356 1.30723e-08
-0.0173457 1.29488e-08
-0.0172558 1.28259e-08
-0.017166 1.27033e-08
-0.0170761 1.25811e-08
-0.0169862 1.24593e-08
-0.0168963 1.2338e-08
-0.0168065 1.22169e-08
-0.0167166 1.20962e-08
-0.0166267 1.1976e-08
-0.0165368 1.1856e-08
-0.016447 1.17363e-08
-0.0163571 1.16171e-08
-0.0162672 1.14982e-08
-0.0161773 1.13794e-08
-0.0160875 1.12612e-08
-0.0159976 1.11431e-08
-0.0159077 1.10254e-08
-0.0158179 1.0908e-08
-0.015728 1.07909e-08
-0.0156381 1.06741e-08
-0.0155482 1.05576e-08
-0.0154584 1.04415e-08
-0.0153685 1.03257e-08
-0.0152786 1.02101e-08
-0.0151887 1.00951e-08
-0.0150989 9.98035e-09
-0.015009 9.86587e-09
-0.0149191 9.75193e-09
-0.0148292 9.63833e-09
-0.0147394 9.52507e-09
-0.0146495 9.41235e-09
-0.0145596 9.3001e-09
-0.0144697 9.18822e-09
-0.0143799 9.07683e-09
-0.01429 8.96608e-09
-0.0142001 8.85575e-09
-0.0141102 8.74589e-09
-0.0140204 8.63684e-09
-0.0139305 8.52826e-09
-0.0138406 8.42016e-09
-0.0137507 8.31298e-09
-0.0136609 8.20638e-09
-0.013571 8.10033e-09
-0.0134811 7.99513e-09
-0.0133912 7.8907e-09
-0.0133014 7.78687e-09
-0.0132115 7.68385e-09
-0.0131216 7.58177e-09
-0.0130318 7.48035e-09
-0.0129419 7.37967e-09
-0.012852 7.28009e-09
-0.0127621 7.18119e-09
-0.0126723 7.08298e-09
-0.0125824 6.98595e-09
-0.0124925 6.88966e-09
-0.0124026 6.79407e-09
-0.0123128 6.69953e-09
-0.0122229 6.60587e-09
-0.012133 6.51289e-09
-0.0120431 6.42085e-09
-0.0119533 6.32973e-09
-0.0118634 6.23926e-09
-0.0117735 6.14957e-09
-0.0116836 6.06086e-09
-0.0115938 5.97276e-09
-0.0115039 5.88528e-09
-0.011414 5.79875e-09
-0.0113241 5.71277e-09
-0.0112343 5.62732e-09
-0.0111444 5.54265e-09
-0.0110545 5.45852e-09
-0.0109646 5.37482e-09
-0.0108748 5.29172e-09
-0.0107849 5.20914e-09
-0.010695 5.12693e-09
-0.0106052 5.04515e-09
-0.0105153 4.96386e-09
-0.0104254 4.88288e-09
-0.0103355 4.80221e-09
-0.0102457 4.72203e-09
-0.0101558 4.64209e-09
-0.0100659 4.56239e-09
-0.00997603 4.48309e-09
-0.00988616 4.40406e-09
-0.00979628 4.32525e-09
-0.00970641 4.24676e-09
-0.00961653 4.16857e-09
-0.00952666 4.0906e-09
-0.00943679 4.01293e-09
-0.00934691 3.93563e-09
-0.00925704 3.85856e-09
-0.00916716 3.78174e-09
-0.00907729 3.70545e-09
-0.00898742 3.62946e-09
-0.00889754 3.55376e-09
-0.00880767 3.47868e-09
-0.00871779 3.40402e-09
-0.00862792 3.32977e-09
-0.00853805 3.2562e-09
-0.00844817 3.18329e-09
-0.0083583 3.11088e-09
-0.00826842 3.03916e-09
-0.00817855 2.96837e-09
-0.00808867 2.89822e-09
-0.0079988 2.82874e-09
-0.00790893 2.76048e-09
-0.00781905 2.69294e-09
-0.00772918 2.62613e-09
-0.0076393 2.56061e-09
-0.00754943 2.49598e-09
-0.00745956 2.43215e-09
-0.00736968 2.36948e-09
-0.00727981 2.3079e-09
-0.00718993 2.24714e-09
-0.00710006 2.18741e-09
-0.00701018 2.12892e-09
-0.00692031 2.07124e-09
-0.00683044 2.01443e-09
-0.00674056 1.95898e-09
-0.00665069 1.90431e-09
-0.00656081 1.85043e-09
-0.00647094 1.79781e-09
-0.00638107 1.74603e-09
-0.00629119 1.69501e-09
-0.00620132 1.64508e-09
-0.00611144 1.5961e-09
-0.00602157 1.54784e-09
-0.00593169 1.50056e-09
-0.00584182 1.45429e-09
-0.00575195 1.40876e-09
-0.00566207 1.36406e-09
-0.0055722 1.32054e-09
-0.00548232 1.27776e-09
-0.00539245 1.23571e-09
-0.00530258 1.19494e-09
-0.0052127 1.15496e-09
-0.00512283 1.11573e-09
-0.00503295 1.07766e-09
-0.00494308 1.04049e-09
-0.0048532 1.00407e-09
-0.00476333 9.6867e-10
-0.00467346 9.34297e-10
-0.00458358 9.00651e-10
-0.00449371 8.6787e-10
-0.00440383 8.36174e-10
-0.00431396 8.05159e-10
-0.00422409 7.74824e-10
-0.00413421 7.45626e-10
-0.00404434 7.17032e-10
-0.00395446 6.89029e-10
-0.00386459 6.61957e-10
-0.00377471 6.35527e-10
-0.00368484 6.09626e-10
-0.00359497 5.84465e-10
-0.00350509 5.59987e-10
-0.00341522 5.35995e-10
-0.00332534 5.1259e-10
-0.00323547 4.89924e-10
-0.0031456 4.67702e-10
-0.00305572 4.45926e-10
-0.00296585 4.24989e-10
-0.00287597 4.04484e-10
-0.0027861 3.84417e-10
-0.00269622 3.65107e-10
-0.00260635 3.46328e-10
-0.00251648 3.28012e-10
-0.0024266 3.10382e-10
-0.00233673 2.93416e-10
-0.00224685 2.76928e-10
-0.00215698 2.61029e-10
-0.00206711 2.45949e-10
-0.00197723 2.31377e-10
-0.00188736 2.17332e-10
-0.00179748 2.04221e-10
-0.00170761 1.91641e-10
-0.00161773 1.79596e-10
-0.00152786 1.68482e-10
-0.00143799 1.58034e-10
-0.00134811 1.48155e-10
-0.00125824 1.39068e-10
-0.00116836 1.30791e-10
-0.00107849 1.23105e-10
-0.000988616 1.16161e-10
-0.000898742 1.10173e-10
-0.000808867 1.04779e-10
-0.000718993 1.00014e-10
-0.000629119 9.63473e-11
-0.000539245 9.33024e-11
-0.000449371 9.08757e-11
-0.000359497 8.94656e-11
-0.000269622 8.87642e-11
-0.000179748 8.86856e-11
-8.98742e-05 8.94947e-11
0 9.10917e-11
8.98742e-05 9.32961e-11
0.000179748 9.63001e-11
0.000269622 1.00121e-10
0.000359497 1.04479e-10
0.000449371 1.09433e-10
0.000539245 1.1533e-10
0.000629119 1.21704e-10
0.000718993 1.28546e-10
0.000808867 1.36191e-10
0.000898742 1.4432e-10
0.000988616 1.52897e-10
0.00107849 1.62157e-10
0.00116836 1.71904e-10
0.00125824 1.82036e-10
0.00134811 1.92687e-10
0.00143799 2.03942e-10
0.00152786 2.15575e-10
0.00161773 2.27617e-10
0.00170761 2.403e-10
0.00179748 2.53375e-10
0.00188736 2.66846e-10
0.00197723 2.81078e-10
0.00206711 2.95732e-10
0.00215698 3.10797e-10
0.00224685 3.26537e-10
0.00233673 3.42881e-10
0.0024266 3.59693e-10
0.00251648 3.77112e-10
0.00260635 3.95233e-10
0.00269622 4.13857e-10
0.0027861 4.33084e-10
0.00287597 4.53186e-10
0.00296585 4.7379e-10
0.00305572 4.94889e-10
0.0031456 5.16956e-10
0.00323547 5.39588e-10
0.00332534 5.62768e-10
0.00341522 5.86785e-10
0.00350509 6.11452e-10
0.00359497 6.36669e-10
0.00368484 6.62682e-10
0.00377471 6.8941e-10
0.00386459 7.1667e-10
0.00395446 7.44592e-10
0.00404434 7.7337e-10
0.00413421 8.02703e-10
0.00422409 8.32605e-10
0.00431396 8.63415e-10
0.00440383 8.94764e-10
0.00449371 9.26655e-10
0.00458358 9.59456e-10
0.00467346 9.92861e-10
0.00476333 1.02679e-09
0.0048532 1.0615e-09
0.00494308 1.09696e-09
0.00503295 1.13299e-09
0.00512283 1.16976e-09
0.0052127 1.20738e-09
0.00530258 1.24557e-09
0.00539245 1.28437e-09
0.00548232 1.32428e-09
0.0055722 1.36479e-09
0.00566207 1.40589e-09
0.00575195 1.44805e-09
0.00584182 1.49096e-09
0.00593169 1.53453e-09
0.00602157 1.57913e-09
0.00611144 1.62461e-09
0.00620132 1.67077e-09
0.00629119 1.71783e-09
0.00638107 1.76603e-09
0.00647094 1.81494e-09
0.00656081 1.86462e-09
0.00665069 1.91557e-09
0.00674056 1.96726e-09
0.00683044 2.01969e-09
0.00692031 2.07345e-09
0.00701018 2.12801e-09
0.00710006 2.18331e-09
0.00718993 2.23973e-09
0.00727981 2.29716e-09
0.00736968 2.35534e-09
0.00745956 2.41447e-09
0.00754943 2.47471e-09
0.0076393 2.53569e-09
0.00772918 2.59749e-09
0.00781905 2.66055e-09
0.00790893 2.72431e-09
0.0079988 2.78877e-09
0.00808867 2.85445e-09
0.00817855 2.9209e-09
0.00826842 2.98804e-09
0.0083583 3.05616e-09
0.00844817 3.12512e-09
0.00853805 3.19473e-09
0.00862792 3.26519e-09
0.00871779 3.33658e-09
0.00880767 3.40856e-09
0.00889754 3.48118e-09
0.00898742 3.55473e-09
0.00907729 3.62885e-09
0.00916716 3.70354e-09
0.00925704 3.77911e-09
0.00934691 3.85519e-09
0.00943679 3.93176e-09
0.00952666 4.00909e-09
0.00961653 4.08703e-09
0.00970641 4.16543e-09
0.00979628 4.24441e-09
0.00988616 4.32401e-09
0.00997603 4.40407e-09
0.0100659 4.48466e-09
0.0101558 4.56592e-09
0.0102457 4.64759e-09
0.0103355 4.72968e-09
0.0104254 4.81258e-09
0.0105153 4.89594e-09
0.0106052 4.97976e-09
0.010695 5.06425e-09
0.0107849 5.1493e-09
0.0108748 5.23484e-09
0.0109646 5.32108e-09
0.0110545 5.40798e-09
0.0111444 5.49538e-09
0.0112343 5.58339e-09
0.0113241 5.67225e-09
0.011414 5.76167e-09
0.0115039 5.85168e-09
0.0115938 5.94266e-09
0.0116836 6.03421e-09
0.0117735 6.12635e-09
0.0118634 6.21952e-09
0.0119533 6.31336e-09
0.0120431 6.4078e-09
0.012133 6.50315e-09
0.0122229 6.59934e-09
0.0123128 6.69617e-09
0.0124026 6.79382e-09
0.0124925 6.8924e-09
0.0125824 6.9916e-09
0.0126723 7.09146e-09
0.0127621 7.19244e-09
0.012852 7.29399e-09
0.0129419 7.39611e-09
0.0130318 7.49917e-09
0.0131216 7.60287e-09
0.0132115 7.70711e-09
0.0133014 7.81214e-09
0.0133912 7.91778e-09
0.0134811 8.02387e-09
0.013571 8.13052e-09
0.0136609 8.23784e-09
0.0137507 8.34551e-09
0.0138406 8.45355e-09
0.0139305 8.56214e-09
0.0140204 8.67103e-09
0.0141102 8.78019e-09
0.0142001 8.88985e-09
0.01429 8.99971e-09
0.0143799 9.10977e-09
0.0144697 9.22013e-09
0.0145596 9.33077e-09
0.0146495 9.44159e-09
0.0147394 9.55261e-09
0.0148292 9.66389e-09
0.0149191 9.77535e-09
0.015009 9.887e-09
0.0150989 9.99903e-09
0.0151887 1.01113e-08
0.0152786 1.02237e-08
0.0153685 1.03365e-08
0.0154584 1.04497e-08
0.0155482 1.05632e-08
0.0156381 1.0677e-08
0.015728 1.07914e-08
0.0158179 1.0906e-08
0.0159077 1.10212e-08
0.0159976 1.1137e-08
0.0160875 1.12533e-08
0.0161773 1.137e-08
0.0162672 1.14875e-08
0.0163571 1.16055e-08
0.016447 1.1724e-08
0.0165368 1.18434e-08
0.0166267 1.19633e-08
0.0167166 1.20837e-08
0.0168065 1.2205e-08
0.0168963 1.23269e-08
0.0169862 1.24493e-08
0.0170761 1.25725e-08
0.017166 1.26963e-08
0.0172558 1.28206e-08
0.0173457 1.29456e-08
0.0174356 1.30712e-08
0.0175255 1.31973e-08
0.0176153 1.33238e-08
0.0177052 1.3451e-08
0.0177951 1.35786e-08
0.017885 1.37065e-08
0.0179748 1.3835e-08
0.0180647 1.39637e-08
0.0181546 1.40928e-08
0.0182445 1.42223e-08
0.0183343 1.43521e-08
0.0184242 1.4482e-08
0.0185141 1.46122e-08
0.018604 1.47427e-08
0.0186938 1.48734e-08
0.0187837 1.50041e-08
0.0188736 1.51351e-08
0.0189634 1.52663e-08
0.0190533 1.53975e-08
0.0191432 1.5529e-08
0.0192331 1.56606e-08
0.0193229 1.57923e-08
0.0194128 1.59241e-08
0.0195027 1.60562e-08
0.0195926 1.61883e-08
0.0196824 1.63206e-08
0.0197723 1.64531e-08
0.0198622 1.65857e-08
0.0199521 1.67185e-08
0.0200419 1.68517e-08
0.0201318 1.6985e-08
0.0202217 1.71185e-08
0.0203116 1.72524e-08
0.0204014 1.73865e-08
0.0204913 1.75209e-08
0.0205812 1.76557e-08
0.0206711 1.77909e-08
0.0207609 1.79264e-08
0.0208508 1.80623e-08
0.0209407 1.81987e-08
0.0210306 1.83356e-08
0.0211204 1.84728e-08
0.0212103 1.86107e-08
0.0213002 1.87491e-08
0.02139 1.88879e-08
0.0214799 1.90274e-08
0.0215698 1.91675e-08
0.0216597 1.93081e-08
0.0217495 1.94495e-08
0.0218394 1.95915e-08
0.0219293 1.97341e-08
0.0220192 1.98774e-08
0.022109 2.00215e-08
0.0221989 2.01661e-08
0.0222888 2.03114e-08
0.0223787 2.04577e-08
0.0224685 2.06044e-08
0.0225584 2.07517e-08
0.0226483 2.09e-08
0.0227382 2.10488e-08
0.022828 2.11981e-08
0.0229179 2.13481e-08
0.0230078 2.14986e-08
0.0230977 2.16496e-08
0.0231875 2.1801e-08
0.0232774 2.19529e-08
0.0233673 2.2105e-08
0.0234572 2.22573e-08
0.023547 2.24098e-08
0.0236369 2.25625e-08
0.0237268 2.27152e-08
0.0238167 2.28679e-08
0.0239065 2.30204e-08
0.0239964 2.31729e-08
0.0240863 2.33252e-08
0.0241761 2.34773e-08
0.024266 2.36292e-08
0.0243559 2.37808e-08
0.0244458 2.39321e-08
0.0245356 2.40833e-08
0.0246255 2.42342e-08
0.0247154 2.43848e-08
0.0248053 2.45352e-08
0.0248951 2.46855e-08
0.024985 2.48355e-08
0.0250749 2.49854e-08
0.0251648 2.51351e-08
0.0252546 2.52847e-08
0.0253445 2.54343e-08
0.0254344 2.55838e-08
0.0255243 2.57332e-08
0.0256141 2.58827e-08
0.025704 2.60321e-08
0.0257939 2.61816e-08
0.0258838 2.63312e-08
0.0259736 2.64808e-08
0.0260635 2.66306e-08
0.0261534 2.67805e-08
0.0262433 2.69306e-08
0.0263331 2.70809e-08
0.026423 2.72315e-08
0.0265129 2.73824e-08
0.0266028 2.75335e-08
0.0266926 2.7685e-08
0.0267825 2.78369e-08
0.0268724 2.79891e-08
0.0269622 2.81417e-08
0.0270521 2.82949e-08
0.027142 2.84484e-08
0.0272319 2.86024e-08
0.0273217 2.87572e-08
0.0274116 2.89124e-08
0.0275015 2.9068e-08
0.0275914 2.92243e-08
0.0276812 2.93812e-08
0.0277711 2.95386e-08
0.027861 2.96967e-08
0.0279509 2.98554e-08
0.0280407 3.00145e-08
0.0281306 3.01743e-08
0.0282205 3.03348e-08
0.0283104 3.04958e-08
0.0284002 3.06573e-08
0.0284901 3.08195e-08
0.02858 3.09822e-08
0.0286699 3.11454e-08
0.0287597 3.13093e-08
0.0288496 3.14738e-08
0.0289395 3.16387e-08
0.0290294 3.18044e-08
0.0291192 3.19707e-08
0.0292091 3.21376e-08
0.029299 3.23051e-08
0.0293888 3.24735e-08
0.0294787 3.26426e-08
0.0295686 3.28123e-08
0.0296585 3.29831e-08
0.0297483 3.31545e-08
0.0298382 3.33267e-08
0.0299281 3.35001e-08
0.030018 3.36744e-08
0.0301078 3.38494e-08
0.0301977 3.40255e-08
0.0302876 3.42027e-08
0.0303775 3.43806e-08
0.0304673 3.45595e-08
0.0305572 3.47395e-08
0.0306471 3.49202e-08
0.030737 3.51017e-08
0.0308268 3.52843e-08
0.0309167 3.54675e-08
0.0310066 3.56512e-08
0.0310965 3.58358e-08
0.0311863 3.60208e-08
0.0312762 3.62062e-08
0.0313661 3.63921e-08
0.031456 3.65783e-08
0.0315458 3.67648e-08
0.0316357 3.69514e-08
0.0317256 3.71383e-08
0.0318155 3.73252e-08
0.0319053 3.75121e-08
0.0319952 3.76991e-08
0.0320851 3.78861e-08
0.0321749 3.80731e-08
0.0322648 3.82602e-08
0.0323547 3.84472e-08
0.0324446 3.86342e-08
0.0325344 3.88213e-08
0.0326243 3.90084e-08
0.0327142 3.91956e-08
0.0328041 3.9383e-08
0.0328939 3.95705e-08
0.0329838 3.97581e-08
0.0330737 3.9946e-08
0.0331636 4.01343e-08
0.0332534 4.03229e-08
0.0333433 4.05117e-08
0.0334332 4.0701e-08
0.0335231 4.08908e-08
0.0336129 4.10808e-08
0.0337028 4.12715e-08
0.0337927 4.14626e-08
0.0338826 4.16541e-08
0.0339724 4.18463e-08
0.0340623 4.20391e-08
0.0341522 4.22323e-08
0.0342421 4.24261e-08
0.0343319 4.26206e-08
0.0344218 4.28157e-08
0.0345117 4.30113e-08
0.0346016 4.32078e-08
0.0346914 4.34048e-08
0.0347813 4.36024e-08
0.0348712 4.3801e-08
0.034961 4.40002e-08
0.0350509 4.42e-08
0.0351408 4.44007e-08
0.0352307 4.46022e-08
0.0353205 4.48044e-08
0.0354104 4.50074e-08
0.0355003 4.52114e-08
0.0355902 4.5416e-08
0.03568 4.56213e-08
0.0357699 4.58277e-08
0.0358598 4.60348e-08
0.0359497 4.62426e-08
0.0360395 4.64513e-08
0.0361294 4.66607e-08
0.0362193 4.68707e-08
0.0363092 4.70816e-08
0.036399 4.72931e-08
0.0364889 4.7505e-08
0.0365788 4.77175e-08
0.0366687 4.79307e-08
0.0367585 4.81442e-08
0.0368484 4.83581e-08
0.0369383 4.85724e-08
0.0370282 4.8787e-08
0.037118 4.90018e-08
0.0372079 4.92169e-08
0.0372978 4.94321e-08
0.0373876 4.96475e-08
0.0374775 4.98629e-08
0.0375674 5.00785e-08
0.0376573 5.02941e-08
0.0377471 5.05098e-08
0.037837 5.07255e-08
0.0379269 5.09412e-08
0.0380168 5.11569e-08
0.0381066 5.13728e-08
0.0381965 5.15887e-08
0.0382864 5.18046e-08
0.0383763 5.20207e-08
0.0384661 5.22369e-08
0.038556 5.24533e-08
0.0386459 5.26699e-08
0.0387358 5.28868e-08
0.0388256 5.31039e-08
0.0389155 5.33213e-08
0.0390054 5.35391e-08
0.0390953 5.37573e-08
0.0391851 5.39758e-08
0.039275 5.4195e-08
0.0393649 5.44145e-08
0.0394548 5.46345e-08
0.0395446 5.48553e-08
0.0396345 5.50766e-08
0.0397244 5.52984e-08
0.0398143 5.5521e-08
0.0399041 5.57442e-08
0.039994 5.5968e-08
0.0400839 5.61925e-08
0.0401737 5.64178e-08
0.0402636 5.66437e-08
0.0403535 5.68702e-08
0.0404434 5.70976e-08
0.0405332 5.73256e-08
0.0406231 5.75541e-08
0.040713 5.77835e-08
0.0408029 5.80135e-08
0.0408927 5.82439e-08
0.0409826 5.84752e-08
0.0410725 5.8707e-08
0.0411624 5.89392e-08
0.0412522 5.91721e-08
0.0413421 5.94055e-08
0.041432 5.96393e-08
0.0415219 5.98736e-08
0.0416117 6.01085e-08
0.0417016 6.03437e-08
0.0417915 6.05792e-08
0.0418814 6.08153e-08
0.0419712 6.10516e-08
0.0420611 6.12882e-08
0.042151 6.15252e-08
0.0422409 6.17624e-08
0.0423307 6.2e-08
0.0424206 6.22377e-08
0.0425105 6.24758e-08
0.0426004 6.27139e-08
0.0426902 6.29524e-08
0.0427801 6.3191e-08
0.04287 6.34297e-08
0.0429598 6.36685e-08
0.0430497 6.39075e-08
0.0431396 6.41467e-08
0.0432295 6.43859e-08
0.0433193 6.46252e-08
0.0434092 6.48647e-08
0.0434991 6.51042e-08
0.043589 6.53439e-08
0.0436788 6.55837e-08
0.0437687 6.58236e-08
0.0438586 6.60637e-08
0.0439485 6.63039e-08
0.0440383 6.65443e-08
0.0441282 6.67849e-08
0.0442181 6.70257e-08
0.044308 6.72667e-08
0.0443978 6.75079e-08
0.0444877 6.77496e-08
0.0445776 6.79914e-08
0.0446675 6.82336e-08
0.0447573 6.84761e-08
0.0448472 6.8719e-08
0.0449371 6.89623e-08
0.045027 6.9206e-08
0.0451168 6.94501e-08
0.0452067 6.96946e-08
0.0452966 6.99395e-08
0.0453865 7.01852e-08
0.0454763 7.04312e-08
0.0455662 7.06776e-08
0.0456561 7.09249e-08
0.0457459 7.11726e-08
0.0458358 7.14208e-08
0.0459257 7.16698e-08
0.0460156 7.19195e-08
0.0461054 7.21697e-08
0.0461953 7.24207e-08
0.0462852 7.26726e-08
0.0463751 7.29251e-08
0.0464649 7.31784e-08
0.0465548 7.34327e-08
0.0466447 7.36878e-08
0.0467346 7.39435e-08
0.0468244 7.42005e-08
0.0469143 7.44582e-08
0.0470042 7.47167e-08
0.0470941 7.49763e-08
0.0471839 7.52367e-08
0.0472738 7.54979e-08
0.0473637 7.57601e-08
0.0474536 7.60232e-08
0.0475434 7.6287e-08
0.0476333 7.65516e-08
0.0477232 7.68172e-08
0.0478131 7.70833e-08
0.0479029 7.735e-08
0.0479928 7.76176e-08
0.0480827 7.78857e-08
0.0481725 7.81543e-08
0.0482624 7.84236e-08
0.0483523 7.86932e-08
0.0484422 7.89632e-08
0.048532 7.92338e-08
0.0486219 7.95047e-08
0.0487118 7.97758e-08
0.0488017 8.00472e-08
0.0488915 8.0319e-08
0.0489814 8.05909e-08
0.0490713 8.08631e-08
0.0491612 8.11355e-08
0.049251 8.14081e-08
0.0493409 8.16808e-08
0.0494308 8.19538e-08
0.0495207 8.22269e-08
0.0496105 8.25001e-08
0.0497004 8.27735e-08
0.0497903 8.3047e-08
0.0498802 8.33207e-08
0.04997 8.35945e-08
0.0500599 8.38684e-08
0.0501498 8.41424e-08
0.0502397 8.44165e-08
0.0503295 8.46909e-08
0.0504194 8.49653e-08
0.0505093 8.52398e-08
0.0505992 8.55145e-08
0.050689 8.57894e-08
0.0507789 8.60644e-08
0.0508688 8.63396e-08
0.0509586 8.6615e-08
0.0510485 8.68905e-08
0.0511384 8.71662e-08
0.0512283 8.74422e-08
0.0513181 8.77184e-08
0.051408 8.79948e-08
0.0514979 8.82716e-08
0.0515878 8.85486e-08
0.0516776 8.88258e-08
0.0517675 8.91035e-08
0.0518574 8.93815e-08
0.0519473 8.96597e-08
0.0520371 8.99383e-08
0.052127 9.02174e-08
0.0522169 9.04968e-08
0.0523068 9.07765e-08
0.0523966 9.10567e-08
0.0524865 9.13373e-08
0.0525764 9.16182e-08
0.0526663 9.18998e-08
0.0527561 9.21817e-08
0.052846 9.24639e-08
0.0529359 9.27468e-08
0.0530258 9.30301e-08
0.0531156 9.33138e-08
0.0532055 9.3598e-08
0.0532954 9.38828e-08
0.0533853 9.41681e-08
0.0534751 9.44539e-08
0.053565 9.47404e-08
0.0536549 9.50273e-08
0.0537447 9.53148e-08
0.0538346 9.56031e-08
0.0539245 9.58919e-08
0.0540144 9.61813e-08
0.0541042 9.64716e-08
0.0541941 9.67624e-08
0.054284 9.70538e-08
0.0543739 9.73461e-08
0.0544637 9.76391e-08
0.0545536 9.79328e-08
0.0546435 9.82272e-08
0.0547334 9.85224e-08
0.0548232 9.88182e-08
0.0549131 9.91148e-08
0.055003 9.94121e-08
0.0550929 9.971e-08
0.0551827 1.00008e-07
0.0552726 1.00308e-07
0.0553625 1.00608e-07
0.0554524 1.00908e-07
0.0555422 1.01209e-07
0.0556321 1.0151e-07
0.055722 1.01812e-07
0.0558119 1.02114e-07
0.0559017 1.02416e-07
0.0559916 1.02719e-07
0.0560815 1.03021e-07
0.0561713 1.03324e-07
0.0562612 1.03627e-07
0.0563511 1.0393e-07
0.056441 1.04234e-07
0.0565308 1.04537e-07
0.0566207 1.0484e-07
0.0567106 1.05143e-07
0.0568005 1.05446e-07
0.0568903 1.05749e-07
0.0569802 1.06053e-07
0.0570701 1.06356e-07
0.05716 1.06659e-07
0.0572498 1.06962e-07
0.0573397 1.07265e-07
0.0574296 1.07569e-07
0.0575195 1.07872e-07
0.0576093 1.08176e-07
0.0576992 1.0848e-07
0.0577891 1.08784e-07
0.057879 1.09089e-07
0.0579688 1.09394e-07
0.0580587 1.097e-07
0.0581486 1.10005e-07
0.0582385 1.10312e-07
0.0583283 1.10619e-07
0.0584182 1.10926e-07
0.0585081 1.11234e-07
0.058598 1.11542e-07
0.0586878 1.11851e-07
0.0587777 1.12161e-07
0.0588676 1.12471e-07
0.0589574 1.12781e-07
0.0590473 1.13093e-07
0.0591372 1.13405e-07
0.0592271 1.13717e-07
0.0593169 1.1403e-07
0.0594068 1.14343e-07
0.0594967 1.14657e-07
0.0595866 1.14972e-07
0.0596764 1.15287e-07
0.0597663 1.15603e-07
0.0598562 1.15919e-07
0.0599461 1.16236e-07
0.0600359 1.16554e-07
0.0601258 1.16872e-07
0.0602157 1.1719e-07
0.0603056 1.1751e-07
0.0603954 1.1783e-07
0.0604853 1.1815e-07
0.0605752 1.18472e-07
0.0606651 1.18793e-07
0.0607549 1.19116e-07
0.0608448 1.19439e-07
0.0609347 1.19763e-07
0.0610246 1.20088e-07
0.0611144 1.20413e-07
0.0612043 1.20739e-07
0.0612942 1.21066e-07
0.0613841 1.21393e-07
0.0614739 1.21721e-07
0.0615638 1.2205e-07
0.0616537 1.22379e-07
0.0617435 1.22709e-07
0.0618334 1.23039e-07
0.0619233 1.2337e-07
0.0620132 1.23701e-07
0.062103 1.24033e-07
0.0621929 1.24365e-07
0.0622828 1.24697e-07
0.0623727 1.2503e-07
0.0624625 1.25362e-07
0.0625524 1.25695e-07
0.0626423 1.26028e-07
0.0627322 1.26361e-07
0.062822 1.26695e-07
0.0629119 1.27028e-07
0.0630018 1.27361e-07
0.0630917 1.27694e-07
0.0631815 1.28027e-07
0.0632714 1.2836e-07
0.0633613 1.28693e-07
0.0634512 1.29025e-07
0.063541 1.29358e-07
0.0636309 1.29691e-07
0.0637208 1.30023e-07
0.0638107 1.30355e-07
0.0639005 1.30688e-07
0.0639904 1.3102e-07
0.0640803 1.31353e-07
0.0641701 1.31685e-07
0.06426 1.32018e-07
0.0643499 1.32351e-07
0.0644398 1.32684e-07
0.0645296 1.33017e-07
0.0646195 1.3335e-07
0.0647094 1.33684e-07
0.0647993 1.34018e-07
0.0648891 1.34352e-07
0.064979 1.34687e-07
0.0650689 1.35023e-07
0.0651588 1.35359e-07
0.0652486 1.35695e-07
0.0653385 1.36032e-07
0.0654284 1.36369e-07
0.0655183 1.36708e-07
0.0656081 1.37046e-07
0.065698 1.37386e-07
0.0657879 1.37726e-07
0.0658778 1.38066e-07
0.0659676 1.38407e-07
0.0660575 1.3875e-07
0.0661474 1.39092e-07
0.0662373 1.39435e-07
0.0663271 1.39779e-07
0.066417 1.40124e-07
0.0665069 1.40469e-07
0.0665968 1.40815e-07
0.0666866 1.41161e-07
0.0667765 1.41508e-07
0.0668664 1.41856e-07
0.0669562 1.42204e-07
0.0670461 1.42552e-07
0.067136 1.42901e-07
0.0672259 1.43251e-07
0.0673157 1.43601e-07
0.0674056 1.43951e-07
0.0674955 1.44302e-07
0.0675854 1.44653e-07
0.0676752 1.45004e-07
0.0677651 1.45355e-07
0.067855 1.45707e-07
0.0679449 1.46059e-07
0.0680347 1.46412e-07
0.0681246 1.46764e-07
0.0682145 1.47117e-07
0.0683044 1.4747e-07
0.0683942 1.47823e-07
0.0684841 1.48177e-07
0.068574 1.4853e-07
0.0686639 1.48884e-07
0.0687537 1.49238e-07
0.0688436 1.49593e-07
0.0689335 1.49947e-07
0.0690234 1.50302e-07
0.0691132 1.50658e-07
0.0692031 1.51013e-07
0.069293 1.51369e-07
0.0693829 1.51725e-07
0.0694727 1.52082e-07
0.0695626 1.52438e-07
0.0696525 1.52796e-07
0.0697423 1.53153e-07
0.0698322 1.53511e-07
0.0699221 0
0.070012 0
0.0701018 0
0.0701917 0
0.0702816 0
0.0703715 0
0.0704613 0
0.0705512 0
0.0706411 0
0.070731 0
0.0708208 0
0.0709107 0
0.0710006 0
0.0710905 0
0.0711803 0
0.0712702 0
0.0713601 0
0.07145 0
0.0715398 0
0.0716297 0
0.0717196 0
0.0718095 0
0.0718993 0
0.0719892 0
0.0720791 0
0.0721689 0
0.0722588 0
0.0723487 0
0.0724386 0
0.0725284 0
0.0726183 0
0.0727082 0
0.0727981 0
0.0728879 0
0.0729778 0
0.0730677 0
0.0731576 0
0.0732474 0
0.0733373 0
0.0734272 0
0.0735171 0
0.0736069 0
0.0736968 0
0.0737867 0
0.0738766 0
0.0739664 0
0.0740563 0
0.0741462 0
0.0742361 0
0.0743259 0
0.0744158 0
0.0745057 0
0.0745956 0
0.0746854 0
0.0747753 0
0.0748652 0
0.074955 0
0.0750449 0
0.0751348 0
0.0752247 0
0.0753145 0
0.0754044 0
0.0754943 0
0.0755842 0
0.075674 0
0.0757639 0
0.0758538 0
0.0759437 0
0.0760335 0
0.0761234 0
0.0762133 0
0.0763032 0
0.076393 0
0.0764829 0
0.0765728 0
0.0766627 0
0.0767525 0
0.0768424 0
0.0769323 0
0.0770222 0
0.077112 0
0.0772019 0
0.0772918 0
0.0773817 0
0.0774715 0
0.0775614 0
0.0776513 0
0.0777411 0
0.077831 0
0.0779209 0
0.0780108 0
0.0781006 0
0.0781905 0
0.0782804 0
0.0783703 0
0.0784601 0
0.07855 0
0.0786399 0
0.0787298 0
0.0788196 0
0.0789095 0
0.0789994 0
0.0790893 0
0.0791791 0
0.079269 0
0.0793589 0
0.0794488 0
0.0795386 0
0.0796285 0
0.0797184 0
0.0798083 0
0.0798981 0
0.079988 0
0.0800779 0
0.0801677 0
0.0802576 0
0.0803475 0
0.0804374 0
0.0805272 0
0.0806171 0
0.080707 0
0.0807969 0
0.0808867 0
0.0809766 0
0.0810665 0
0.0811564 0
0.0812462 0
0.0813361 0
0.081426 0
0.0815159 0
0.0816057 0
0.0816956 0
0.0817855 0
0.0818754 0
0.0819652 0
0.0820551 0
0.082145 0
0.0822349 0
0.0823247 0
0.0824146 0
0.0825045 0
0.0825944 0
0.0826842 0
0.0827741 0
0.082864 0
0.0829538 0
0.0830437 0
0.0831336 0
0.0832235 0
0.0833133 0
0.0834032 0
0.0834931 0
0.083583 0
0.0836728 0
0.0837627 0
0.0838526 0
0.0839425 0
0.0840323 0
0.0841222 0
0.0842121 0
0.084302 0
0.0843918 0
0.0844817 0
0.0845716 0
0.0846615 0
0.0847513 0
0.0848412 0
0.0849311 0
0.085021 0
0.0851108 0
0.0852007 0
0.0852906 0
0.0853805 0
0.0854703 0
0.0855602 0
0.0856501 0
0.0857399 0
0.0858298 0
0.0859197 0
0.0860096 0
0.0860994 0
0.0861893 0
0.0862792 0
0.0863691 0
0.0864589 0
0.0865488 0
0.0866387 0
0.0867286 0
0.0868184 0
0.0869083 0
0.0869982 0
0.0870881 0
0.0871779 0
0.0872678 0
0.0873577 0
0.0874476 0
0.0875374 0
0.0876273 0
0.0877172 0
0.0878071 0
0.0878969 0
0.0879868 0
0.0880767 0
0.0881665 0
0.0882564 0
0.0883463 0
0.0884362 0
0.088526 0
0.0886159 0
0.0887058 0
0.0887957 0
0.0888855 0
0.0889754 0
0.0890653 0
0.0891552 0
0.089245 0
0.0893349 0
0.0894248 0
0.0895147 0
0.0896045 0
0.0896944 0
0.0897843 0
0.0898742 0
0.089964 0
0.0900539 0
0.0901438 0
0.0902337 0
0.0903235 0
0.0904134 0
0.0905033 0
0.0905932 0
0.090683 0
0.0907729 0
0.0908628 0
0.0909526 0
0.0910425 0
0.0911324 0
0.0912223 0
0.0913121 0
0.091402 0
0.0914919 0
0.0915818 0
0.0916716 0
0.0917615 0
0.0918514 0
0.0919413 0
0.0920311 0
0.092121 0
0.0922109 0
0.0923008 0
0.0923906 0
0.0924805 0
0.0925704 0
0.0926603 0
0.0927501 0
0.09284 0
0.0929299 0
0.0930198 0
0.0931096 0
0.0931995 0
0.0932894 0
0.0933793 0
0.0934691 0
0.093559 0
0.0936489 0
0.0937387 0
0.0938286 0
0.0939185 0
0.0940084 0
0.0940982 0
0.0941881 0
0.094278 0
0.0943679 0
0.0944577 0
0.0945476 0
0.0946375 0
0.0947274 0
0.0948172 0
0.0949071 0
0.094997 0
0.0950869 0
0.0951767 0
0.0952666 0
0.0953565 0
0.0954464 0
0.0955362 0
0.0956261 0
0.095716 0
0.0958059 0
0.0958957 0
0.0959856 0
0.0960755 0
0.0961653 0
0.0962552 0
0.0963451 0
0.096435 0
0.0965248 0
0.0966147 0
0.0967046 0
0.0967945 0
0.0968843 0
0.0969742 0
0.0970641 0
0.097154 0
0.0972438 0
0.0973337 0
0.0974236 0
0.0975135 0
0.0976033 0
0.0976932 0
0.0977831 0
0.097873 0
0.0979628 0
0.0980527 0
0.0981426 0
0.0982325 0
0.0983223 0
0.0984122 0
0.0985021 0
0.098592 0
0.0986818 0
0.0987717 0
0.0988616 0
0.0989514 0
0.0990413 0
0.0991312 0
0.0992211 0
0.0993109 0
0.0994008 0
0.0994907 0
0.0995806 0
0.0996704 0
0.0997603 0
0.0998502 0
0.0999401 0
0.10003 0
0.10012 0
0.10021 0
0.1003 0
0.100389 0
0.100479 0
0.100569 0
0.100659 0
0.100749 0
0.100839 0
0.100929 0
0.101019 0
0.101108 0
0.101198 0
0.101288 0
0.101378 0
0.101468 0
0.101558 0
0.101648 0
0.101738 0
0.101827 0
0.101917 0
0.102007 0
0.102097 0
0.102187 0
0.102277 0
0.102367 0
0.102457 0
0.102546 0
0.102636 0
0.102726 0
0.102816 0
0.102906 0
0.102996 0
0.103086 0
0.103176 0
0.103265 0
0.103355 0
0.103445 0
0.103535 0
0.103625 0
0.103715 0
0.103805 0
0.103895 0
0.103984 0
0.104074 0
0.104164 0
0.104254 0
0.104344 0
0.104434 0
0.104524 0
0.104614 0
0.104703 0
0.104793 0
0.104883 0
0.104973 0
0.105063 0
0.105153 0
0.105243 0
0.105333 0
0.105422 0
0.105512 0
0.105602 0
0.105692 0
0.105782 0
0.105872 0
0.105962 0
0.106052 0
0.106141 0
0.106231 0
0.106321 0
0.106411 0
0.106501 0
0.106591 0
0.106681 0
0.106771 0
0.10686 0
0.10695 0
0.10704 0
0.10713 0
0.10722 0
0.10731 0
0.1074 0
0.107489 0
0.107579 0
0.107669 0
0.107759 0
0.107849 0
0.107939 0
0.108029 0
0.108119 0
0.108208 0
0.108298 0
0.108388 0
0.108478 0
0.108568 0
0.108658 0
0.108748 0
0.108838 0
0.108927 0
0.109017 0
0.109107 0
0.109197 0
0.109287 0
0.109377 0
0.109467 0
0.109557 0
0.109646 0
0.109736 0
0.109826 0
0.109916 0
0.110006 0
0.110096 0
0.110186 0
0.110276 0
0.110365 0
0.110455 0
0.110545 0
0.110635 0
0.110725 0
0.110815 0
0.110905 0
0.110995 0
0.111084 0
0.111174 0
0.111264 0
0.111354 0
0.111444 0
0.111534 0
0.111624 0
0.111714 0
0.111803 0
0.111893 0
0.111983 0
0.112073 0
0.112163 0
0.112253 0
0.112343 0
0.112433 0
0.112522 0
0.112612 0
0.112702 0
0.112792 0
0.112882 0
0.112972 0
0.113062 0
0.113152 0
0.113241 0
0.113331 0
0.113421 0
0.113511 0
0.113601 0
0.113691 0
0.113781 0
0.113871 0
0.11396 0
0.11405 0
0.11414 0
0.11423 0
0.11432 0
0.11441 0
0.1145 0
0.11459 0
0.114679 0
0.114769 0
0.114859 0
0.114949 0
0.115039 0
0.115129 0
0.115219 0
0.115309 0
0.115398 0
0.115488 0
0.115578 0
0.115668 0
0.115758 0
0.115848 0
0.115938 0
0.116028 0
0.116117 0
0.116207 0
0.116297 0
0.116387 0
0.116477 0
0.116567 0
0.116657 0
0.116747 0
0.116836 0
0.116926 0
0.117016 0
0.117106 0
0.117196 0
0.117286 0
0.117376 0
0.117466 0
0.117555 0
0.117645 0
0.117735 0
0.117825 0
0.117915 0
0.118005 0
0.118095 0
0.118185 0
0.118274 0
0.118364 0
0.118454 0
0.118544 0
0.118634 0
0.118724 0
0.118814 0
0.118904 0
0.118993 0
0.119083 0
0.119173 0
0.119263 0
0.119353 0
0.119443 0
0.119533 0
0.119623 0
0.119712 0
0.119802 0
0.119892 0
0.119982 0
0.120072 0
0.120162 0
0.120252 0
0.120341 0
0.120431 0
0.120521 0
0.120611 0
0.120701 0
0.120791 0
0.120881 0
0.120971 0
0.12106 0
0.12115 0
0.12124 0
0.12133 0
0.12142 0
0.12151 0
0.1216 0
0.12169 0
0.121779 0
0.121869 0
0.121959 0
0.122049 0
0.122139 0
0.122229 0
0.122319 0
0.122409 0
0.122498 0
0.122588 0
0.122678 0
0.122768 0
0.122858 0
0.122948 0
0.123038 0
0.123128 0
0.123217 0
0.123307 0
0.123397 0
0.123487 0
0.123577 0
0.123667 0
0.123757 0
0.123847 0
0.123936 0
0.124026 0
0.124116 0
0.124206 0
0.124296 0
0.124386 0
0.124476 0
0.124566 0
0.124655 0
0.124745 0
0.124835 0
0.124925 0
0.125015 0
0.125105 0
0.125195 0
0.125285 0
0.125374 0
0.125464 0
0.125554 0
0.125644 0
0.125734 0
0.125824 0
0.125914 0
0.126004 0
0.126093 0
0.126183 0
0.126273 0
0.126363 0
0.126453 0
0.126543 0
0.126633 0
0.126723 0
0.126812 0
0.126902 0
0.126992 0
0.127082 0
0.127172 0
0.127262 0
0.127352 0
0.127442 0
0.127531 0
0.127621 0
0.127711 0
0.127801 0
0.127891 0
0.127981 0
0.128071 0
0.128161 0
0.12825 0
0.12834 0
0.12843 0
0.12852 0
0.12861 0
0.1287 0
0.12879 0
0.12888 0
0.128969 0
0.129059 0
0.129149 0
0.129239 0
0.129329 0
0.129419 0
0.129509 0
0.129599 0
0.129688 0
0.129778 0
0.129868 0
0.129958 0
0.130048 0
0.130138 0
0.130228 0
0.130318 0
0.130407 0
0.130497 0
0.130587 0
0.130677 0
0.130767 0
0.130857 0
0.130947 0
0.131037 0
0.131126 0
0.131216 0
0.131306 0
0.131396 0
0.131486 0
0.131576 0
0.131666 0
0.131756 0
0.131845 0
0.131935 0
0.132025 0
0.132115 0
0.132205 0
0.132295 0
0.132385 0
0.132475 0
0.132564 0
0.132654 0
0.132744 0
0.132834 0
0.132924 0
0.133014 0
0.133104 0
0.133194 0
0.133283 0
0.133373 0
0.133463 0
0.133553 0
0.133643 0
0.133733 0
0.133823 0
0.133912 0
0.134002 0
0.134092 0
0.134182 0
0.134272 0
0.134362 0
0.134452 0
0.134542 0
0.134631 0
0.134721 0
0.134811 0
