-0.134811 3.42189e-07
-0.134721 3.42177e-07
-0.134631 3.42194e-07
-0.134542 3.42213e-07
-0.134452 3.42213e-07
-0.134362 3.42189e-07
-0.134272 3.42158e-07
-0.134182 3.42093e-07
-0.134092 3.41975e-07
-0.134002 3.41835e-07
-0.133912 3.41687e-07
-0.133823 3.41551e-07
-0.133733 3.41411e-07
-0.133643 3.41274e-07
-0.133553 3.41154e-07
-0.133463 3.41025e-07
-0.133373 3.40921e-07
-0.133283 3.40866e-07
-0.133194 3.40818e-07
-0.133104 3.40712e-07
-0.133014 3.40589e-07
-0.132924 3.40477e-07
-0.132834 3.40341e-07
-0.132744 3.40157e-07
-0.132654 3.39967e-07
-0.132564 3.39698e-07
-0.132475 3.39249e-07
-0.132385 3.38611e-07
-0.132295 3.37857e-07
-0.132205 3.36758e-07
-0.132115 3.3494e-07
-0.132025 3.32047e-07
-0.131935 3.27457e-07
-0.131845 3.20287e-07
-0.131756 3.11603e-07
-0.131666 3.0418e-07
-0.131576 2.99208e-07
-0.131486 2.95917e-07
-0.131396 2.93643e-07
-0.131306 2.91991e-07
-0.131216 2.90716e-07
-0.131126 2.89766e-07
-0.131037 2.88974e-07
-0.130947 2.88308e-07
-0.130857 2.87796e-07
-0.130767 2.87412e-07
-0.130677 2.87084e-07
-0.130587 2.86849e-07
-0.130497 2.86672e-07
-0.130407 2.86509e-07
-0.130318 2.86318e-07
-0.130228 2.8617e-07
-0.130138 2.86061e-07
-0.130048 2.85931e-07
-0.129958 2.85788e-07
-0.129868 2.85697e-07
-0.129778 2.85646e-07
-0.129688 2.85615e-07
-0.129599 2.85606e-07
-0.129509 2.85631e-07
-0.129419 2.85654e-07
-0.129329 2.85655e-07
-0.129239 2.85652e-07
-0.129149 2.85679e-07
-0.129059 2.857e-07
-0.128969 2.85694e-07
-0.12888 2.85667e-07
-0.12879 2.85618e-07
-0.1287 2.85547e-07
-0.12861 2.85483e-07
-0.12852 2.85405e-07
-0.12843 2.85302e-07
-0.12834 2.85174e-07
-0.12825 2.85055e-07
-0.128161 2.8494e-07
-0.128071 2.84776e-07
-0.127981 2.8459e-07
-0.127891 2.84423e-07
-0.127801 2.84246e-07
-0.127711 2.84044e-07
-0.127621 2.83838e-07
-0.127531 2.83666e-07
-0.127442 2.83491e-07
-0.127352 2.8333e-07
-0.127262 2.8319e-07
-0.127172 2.83053e-07
-0.127082 2.82839e-07
-0.126992 2.82552e-07
-0.126902 2.82189e-07
-0.126812 2.8176e-07
-0.126723 2.81264e-07
-0.126633 2.80635e-07
-0.126543 2.7982e-07
-0.126453 2.78846e-07
-0.126363 2.77708e-07
-0.126273 2.76366e-07
-0.126183 2.74749e-07
-0.126093 2.72873e-07
-0.126004 2.70607e-07
-0.125914 2.67936e-07
-0.125824 2.64957e-07
-0.125734 2.61824e-07
-0.125644 2.58583e-07
-0.125554 2.55523e-07
-0.125464 2.52787e-07
-0.125374 2.50421e-07
-0.125285 2.48399e-07
-0.125195 2.46756e-07
-0.125105 2.45394e-07
-0.125015 2.44219e-07
-0.124925 2.43214e-07
-0.124835 2.42406e-07
-0.124745 2.41776e-07
-0.124655 2.41246e-07
-0.124566 2.40758e-07
-0.124476 2.4031e-07
-0.124386 2.3994e-07
-0.124296 2.39588e-07
-0.124206 2.39257e-07
-0.124116 2.38934e-07
-0.124026 2.38628e-07
-0.123936 2.38351e-07
-0.123847 2.38089e-07
-0.123757 2.37863e-07
-0.123667 2.37677e-07
-0.123577 2.37509e-07
-0.123487 2.37381e-07
-0.123397 2.37287e-07
-0.123307 2.37232e-07
-0.123217 2.37213e-07
-0.123128 2.37237e-07
-0.123038 2.3727e-07
-0.122948 2.37296e-07
-0.122858 2.37316e-07
-0.122768 2.37325e-07
-0.122678 2.373e-07
-0.122588 2.37244e-07
-0.122498 2.3721e-07
-0.122409 2.37184e-07
-0.122319 2.37128e-07
-0.122229 2.37027e-07
-0.122139 2.36895e-07
-0.122049 2.36748e-07
-0.121959 2.36573e-07
-0.121869 2.36364e-07
-0.121779 2.36132e-07
-0.12169 2.35873e-07
-0.1216 2.35588e-07
-0.12151 2.35293e-07
-0.12142 2.34998e-07
-0.12133 2.34683e-07
-0.12124 2.34332e-07
-0.12115 2.33943e-07
-0.12106 2.33553e-07
-0.120971 2.33126e-07
-0.120881 2.32662e-07
-0.120791 2.32155e-07
-0.120701 2.31577e-07
-0.120611 2.30908e-07
-0.120521 2.30149e-07
-0.120431 2.29263e-07
-0.120341 2.28212e-07
-0.120252 2.27049e-07
-0.120162 2.25761e-07
-0.120072 2.2431e-07
-0.119982 2.22766e-07
-0.119892 2.21109e-07
-0.119802 2.19386e-07
-0.119712 2.17653e-07
-0.119623 2.15958e-07
-0.119533 2.1434e-07
-0.119443 2.12841e-07
-0.119353 2.11437e-07
-0.119263 2.10138e-07
-0.119173 2.08961e-07
-0.119083 2.07877e-07
-0.118993 2.06844e-07
-0.118904 2.0587e-07
-0.118814 2.04976e-07
-0.118724 2.04131e-07
-0.118634 2.0334e-07
-0.118544 2.0261e-07
-0.118454 2.01986e-07
-0.118364 2.01443e-07
-0.118274 2.0098e-07
-0.118185 2.00597e-07
-0.118095 2.00287e-07
-0.118005 2.00003e-07
-0.117915 1.99729e-07
-0.117825 1.99495e-07
-0.117735 1.9931e-07
-0.117645 1.99132e-07
-0.117555 1.98973e-07
-0.117466 1.98853e-07
-0.117376 1.98739e-07
-0.117286 1.98611e-07
-0.117196 1.98494e-07
-0.117106 1.98395e-07
-0.117016 1.98302e-07
-0.116926 1.982e-07
-0.116836 1.98097e-07
-0.116747 1.97997e-07
-0.116657 1.97908e-07
-0.116567 1.97817e-07
-0.116477 1.97728e-07
-0.116387 1.97629e-07
-0.116297 1.97501e-07
-0.116207 1.97359e-07
-0.116117 1.97208e-07
-0.116028 1.97046e-07
-0.115938 1.96865e-07
-0.115848 1.96652e-07
-0.115758 1.96407e-07
-0.115668 1.96114e-07
-0.115578 1.95796e-07
-0.115488 1.95444e-07
-0.115398 1.95038e-07
-0.115309 1.94596e-07
-0.115219 1.94128e-07
-0.115129 1.93611e-07
-0.115039 1.93028e-07
-0.114949 1.92392e-07
-0.114859 1.91708e-07
-0.114769 1.90965e-07
-0.114679 1.90143e-07
-0.11459 1.89248e-07
-0.1145 1.88324e-07
-0.11441 1.87376e-07
-0.11432 1.86366e-07
-0.11423 1.85333e-07
-0.11414 1.84308e-07
-0.11405 1.83283e-07
-0.11396 1.82237e-07
-0.113871 1.81182e-07
-0.113781 1.80112e-07
-0.113691 1.79019e-07
-0.113601 1.77952e-07
-0.113511 1.76934e-07
-0.113421 1.75955e-07
-0.113331 1.75029e-07
-0.113241 1.7418e-07
-0.113152 1.73402e-07
-0.113062 1.72663e-07
-0.112972 1.7197e-07
-0.112882 1.71339e-07
-0.112792 1.70765e-07
-0.112702 1.70241e-07
-0.112612 1.69776e-07
-0.112522 1.6936e-07
-0.112433 1.69007e-07
-0.112343 1.68719e-07
-0.112253 1.68467e-07
-0.112163 1.68251e-07
-0.112073 1.68073e-07
-0.111983 1.67917e-07
-0.111893 1.67762e-07
-0.111803 1.67616e-07
-0.111714 1.67507e-07
-0.111624 1.6741e-07
-0.111534 1.67315e-07
-0.111444 1.67216e-07
-0.111354 1.67115e-07
-0.111264 1.67001e-07
-0.111174 1.6688e-07
-0.111084 1.66762e-07
-0.110995 1.66634e-07
-0.110905 1.66497e-07
-0.110815 1.66358e-07
-0.110725 1.66207e-07
-0.110635 1.66043e-07
-0.110545 1.6587e-07
-0.110455 1.657e-07
-0.110365 1.6551e-07
-0.110276 1.65304e-07
-0.110186 1.65097e-07
-0.110096 1.64876e-07
-0.110006 1.64629e-07
-0.109916 1.64345e-07
-0.109826 1.64013e-07
-0.109736 1.63657e-07
-0.109646 1.6326e-07
-0.109557 1.6281e-07
-0.109467 1.62306e-07
-0.109377 1.61767e-07
-0.109287 1.61214e-07
-0.109197 1.6065e-07
-0.109107 1.60072e-07
-0.109017 1.59478e-07
-0.108927 1.58841e-07
-0.108838 1.58141e-07
-0.108748 1.57383e-07
-0.108658 1.56601e-07
-0.108568 1.55789e-07
-0.108478 1.5494e-07
-0.108388 1.54064e-07
-0.108298 1.53168e-07
-0.108208 1.52263e-07
-0.108119 1.51375e-07
-0.108029 1.50497e-07
-0.107939 1.49636e-07
-0.107849 1.48808e-07
-0.107759 1.48038e-07
-0.107669 1.47327e-07
-0.107579 1.46661e-07
-0.107489 1.46049e-07
-0.1074 1.45513e-07
-0.10731 1.45044e-07
-0.10722 1.44607e-07
-0.10713 1.44214e-07
-0.10704 1.43859e-07
-0.10695 1.43515e-07
-0.10686 1.43192e-07
-0.106771 1.42905e-07
-0.106681 1.42644e-07
-0.106591 1.42399e-07
-0.106501 1.42174e-07
-0.106411 1.41977e-07
-0.106321 1.4178e-07
-0.106231 1.41603e-07
-0.106141 1.41468e-07
-0.106052 1.41349e-07
-0.105962 1.41235e-07
-0.105872 1.41125e-07
-0.105782 1.41037e-07
-0.105692 1.40945e-07
-0.105602 1.40836e-07
-0.105512 1.40728e-07
-0.105422 1.40623e-07
-0.105333 1.40513e-07
-0.105243 1.40386e-07
-0.105153 1.40242e-07
-0.105063 1.4008e-07
-0.104973 1.39909e-07
-0.104883 1.39733e-07
-0.104793 1.39531e-07
-0.104703 1.39296e-07
-0.104614 1.39036e-07
-0.104524 1.38743e-07
-0.104434 1.38431e-07
-0.104344 1.38113e-07
-0.104254 1.3779e-07
-0.104164 1.37437e-07
-0.104074 1.37058e-07
-0.103984 1.36671e-07
-0.103895 1.36256e-07
-0.103805 1.35801e-07
-0.103715 1.35326e-07
-0.103625 1.34809e-07
-0.103535 1.34241e-07
-0.103445 1.33643e-07
-0.103355 1.33047e-07
-0.103265 1.32422e-07
-0.103176 1.31771e-07
-0.103086 1.31113e-07
-0.102996 1.30447e-07
-0.102906 1.29788e-07
-0.102816 1.29132e-07
-0.102726 1.28494e-07
-0.102636 1.27877e-07
-0.102546 1.27273e-07
-0.102457 1.26723e-07
-0.102367 1.26241e-07
-0.102277 1.25781e-07
-0.102187 1.25331e-07
-0.102097 1.24917e-07
-0.102007 1.24514e-07
-0.101917 1.24121e-07
-0.101827 1.23747e-07
-0.101738 1.23389e-07
-0.101648 1.23038e-07
-0.101558 1.22699e-07
-0.101468 1.22382e-07
-0.101378 1.22093e-07
-0.101288 1.21826e-07
-0.101198 1.21592e-07
-0.101108 1.21385e-07
-0.101019 1.21201e-07
-0.100929 1.21035e-07
-0.100839 1.20881e-07
-0.100749 1.20758e-07
-0.100659 1.20659e-07
-0.100569 1.20562e-07
-0.100479 1.20471e-07
-0.100389 1.20381e-07
-0.1003 1.20285e-07
-0.10021 1.20183e-07
-0.10012 1.20067e-07
-0.10003 1.19942e-07
-0.0999401 1.19817e-07
-0.0998502 1.19668e-07
-0.0997603 1.19504e-07
-0.0996704 1.1933e-07
-0.0995806 1.19135e-07
-0.0994907 1.18903e-07
-0.0994008 1.18643e-07
-0.0993109 1.18362e-07
-0.0992211 1.18061e-07
-0.0991312 1.17738e-07
-0.0990413 1.17398e-07
-0.0989514 1.17027e-07
-0.0988616 1.16615e-07
-0.0987717 1.16186e-07
-0.0986818 1.15746e-07
-0.098592 1.15287e-07
-0.0985021 1.14827e-07
-0.0984122 1.14368e-07
-0.0983223 1.13876e-07
-0.0982325 1.1337e-07
-0.0981426 1.12868e-07
-0.0980527 1.12367e-07
-0.0979628 1.11839e-07
-0.097873 1.11287e-07
-0.0977831 1.10734e-07
-0.0976932 1.10184e-07
-0.0976033 1.09642e-07
-0.0975135 1.09139e-07
-0.0974236 1.08673e-07
-0.0973337 1.08245e-07
-0.0972438 1.07846e-07
-0.097154 1.07494e-07
-0.0970641 1.07177e-07
-0.0969742 1.0689e-07
-0.0968843 1.06632e-07
-0.0967945 1.064e-07
-0.0967046 1.06186e-07
-0.0966147 1.05989e-07
-0.0965248 1.05811e-07
-0.096435 1.05643e-07
-0.0963451 1.05479e-07
-0.0962552 1.05317e-07
-0.0961653 1.05144e-07
-0.0960755 1.04981e-07
-0.0959856 1.04828e-07
-0.0958957 1.04671e-07
-0.0958059 1.04518e-07
-0.095716 1.04382e-07
-0.0956261 1.04262e-07
-0.0955362 1.04156e-07
-0.0954464 1.04055e-07
-0.0953565 1.0397e-07
-0.0952666 1.03891e-07
-0.0951767 1.038e-07
-0.0950869 1.03694e-07
-0.094997 1.03578e-07
-0.0949071 1.03457e-07
-0.0948172 1.03317e-07
-0.0947274 1.03149e-07
-0.0946375 1.02961e-07
-0.0945476 1.02745e-07
-0.0944577 1.02499e-07
-0.0943679 1.02239e-07
-0.094278 1.01968e-07
-0.0941881 1.01669e-07
-0.0940982 1.01337e-07
-0.0940084 1.00978e-07
-0.0939185 1.00601e-07
-0.0938286 1.00207e-07
-0.0937387 9.98104e-08
-0.0936489 9.94127e-08
-0.093559 9.89923e-08
-0.0934691 9.85515e-08
-0.0933793 9.81067e-08
-0.0932894 9.76571e-08
-0.0931995 9.72045e-08
-0.0931096 9.67407e-08
-0.0930198 9.62704e-08
-0.0929299 9.58081e-08
-0.09284 9.53568e-08
-0.0927501 9.49264e-08
-0.0926603 9.45117e-08
-0.0925704 9.41164e-08
-0.0924805 9.37512e-08
-0.0923906 9.34097e-08
-0.0923008 9.30931e-08
-0.0922109 9.28025e-08
-0.092121 9.25304e-08
-0.0920311 9.22812e-08
-0.0919413 9.20535e-08
-0.0918514 9.1849e-08
-0.0917615 9.16592e-08
-0.0916716 9.14857e-08
-0.0915818 9.13404e-08
-0.0914919 9.12147e-08
-0.091402 9.10909e-08
-0.0913121 9.09846e-08
-0.0912223 9.08871e-08
-0.0911324 9.07939e-08
-0.0910425 9.07012e-08
-0.0909526 9.06135e-08
-0.0908628 9.05159e-08
-0.0907729 9.04102e-08
-0.090683 9.03062e-08
-0.0905932 9.02122e-08
-0.0905033 9.01168e-08
-0.0904134 9.00138e-08
-0.0903235 8.99044e-08
-0.0902337 8.9784e-08
-0.0901438 8.96566e-08
-0.0900539 8.95298e-08
-0.089964 8.93997e-08
-0.0898742 8.9256e-08
-0.0897843 8.90926e-08
-0.0896944 8.8909e-08
-0.0896045 8.8711e-08
-0.0895147 8.84991e-08
-0.0894248 8.82584e-08
-0.0893349 8.79899e-08
-0.089245 8.76834e-08
-0.0891552 8.73453e-08
-0.0890653 8.69837e-08
-0.0889754 8.66047e-08
-0.0888855 8.6206e-08
-0.0887957 8.57986e-08
-0.0887058 8.53913e-08
-0.0886159 8.49872e-08
-0.088526 8.4586e-08
-0.0884362 8.41954e-08
-0.0883463 8.38145e-08
-0.0882564 8.34369e-08
-0.0881665 8.3069e-08
-0.0880767 8.27218e-08
-0.0879868 8.23942e-08
-0.0878969 8.20783e-08
-0.0878071 8.17695e-08
-0.0877172 8.14828e-08
-0.0876273 8.12109e-08
-0.0875374 8.09606e-08
-0.0874476 8.07352e-08
-0.0873577 8.05295e-08
-0.0872678 8.03299e-08
-0.0871779 8.01472e-08
-0.0870881 7.99852e-08
-0.0869982 7.98405e-08
-0.0869083 7.97108e-08
-0.0868184 7.96016e-08
-0.0867286 7.95032e-08
-0.0866387 7.94113e-08
-0.0865488 7.93255e-08
-0.0864589 7.9248e-08
-0.0863691 7.91682e-08
-0.0862792 7.90938e-08
-0.0861893 7.90162e-08
-0.0860994 7.89366e-08
-0.0860096 7.88588e-08
-0.0859197 7.87809e-08
-0.0858298 7.86865e-08
-0.0857399 7.85834e-08
-0.0856501 7.84719e-08
-0.0855602 7.83602e-08
-0.0854703 7.82353e-08
-0.0853805 7.80887e-08
-0.0852906 7.79172e-08
-0.0852007 7.77291e-08
-0.0851108 7.7526e-08
-0.085021 7.73088e-08
-0.0849311 7.70827e-08
-0.0848412 7.68395e-08
-0.0847513 7.65751e-08
-0.0846615 7.62918e-08
-0.0845716 7.59962e-08
-0.0844817 7.56973e-08
-0.0843918 7.53888e-08
-0.084302 7.5074e-08
-0.0842121 7.47477e-08
-0.0841222 7.4421e-08
-0.0840323 7.40913e-08
-0.0839425 7.37723e-08
-0.0838526 7.34652e-08
-0.0837627 7.31569e-08
-0.0836728 7.28469e-08
-0.083583 7.25582e-08
-0.0834931 7.22941e-08
-0.0834032 7.20345e-08
-0.0833133 7.17792e-08
-0.0832235 7.15399e-08
-0.0831336 7.13203e-08
-0.0830437 7.11128e-08
-0.0829538 7.09277e-08
-0.082864 7.07603e-08
-0.0827741 7.061e-08
-0.0826842 7.04706e-08
-0.0825944 7.03437e-08
-0.0825045 7.02312e-08
-0.0824146 7.01295e-08
-0.0823247 7.0042e-08
-0.0822349 6.99626e-08
-0.082145 6.98882e-08
-0.0820551 6.98108e-08
-0.0819652 6.97427e-08
-0.0818754 6.96801e-08
-0.0817855 6.96074e-08
-0.0816956 6.95292e-08
-0.0816057 6.94411e-08
-0.0815159 6.93386e-08
-0.081426 6.9229e-08
-0.0813361 6.91169e-08
-0.0812462 6.89893e-08
-0.0811564 6.88485e-08
-0.0810665 6.86984e-08
-0.0809766 6.85376e-08
-0.0808867 6.83564e-08
-0.0807969 6.81585e-08
-0.080707 6.79442e-08
-0.0806171 6.77142e-08
-0.0805272 6.74597e-08
-0.0804374 6.71916e-08
-0.0803475 6.69219e-08
-0.0802576 6.66528e-08
-0.0801677 6.63702e-08
-0.0800779 6.60799e-08
-0.079988 6.57868e-08
-0.0798981 6.54908e-08
-0.0798083 6.51988e-08
-0.0797184 6.49205e-08
-0.0796285 6.46463e-08
-0.0795386 6.438e-08
-0.0794488 6.41214e-08
-0.0793589 6.38817e-08
-0.079269 6.36609e-08
-0.0791791 6.34567e-08
-0.0790893 6.32581e-08
-0.0789994 6.3076e-08
-0.0789095 6.29102e-08
-0.0788196 6.27582e-08
-0.0787298 6.26217e-08
-0.0786399 6.25036e-08
-0.07855 6.24011e-08
-0.0784601 6.23186e-08
-0.0783703 6.22468e-08
-0.0782804 6.21899e-08
-0.0781905 6.21414e-08
-0.0781006 6.20911e-08
-0.0780108 6.20389e-08
-0.0779209 6.1989e-08
-0.077831 6.19403e-08
-0.0777411 6.18875e-08
-0.0776513 6.1828e-08
-0.0775614 6.17612e-08
-0.0774715 6.16789e-08
-0.0773817 6.15914e-08
-0.0772918 6.15009e-08
-0.0772019 6.14021e-08
-0.077112 6.12877e-08
-0.0770222 6.11515e-08
-0.0769323 6.09955e-08
-0.0768424 6.08293e-08
-0.0767525 6.06492e-08
-0.0766627 6.04525e-08
-0.0765728 6.0241e-08
-0.0764829 6.00129e-08
-0.076393 5.97732e-08
-0.0763032 5.95219e-08
-0.0762133 5.92548e-08
-0.0761234 5.89802e-08
-0.0760335 5.86942e-08
-0.0759437 5.83985e-08
-0.0758538 5.81024e-08
-0.0757639 5.78182e-08
-0.075674 5.75437e-08
-0.0755842 5.72801e-08
-0.0754943 5.70261e-08
-0.0754044 5.67905e-08
-0.0753145 5.65684e-08
-0.0752247 5.63663e-08
-0.0751348 5.61827e-08
-0.0750449 5.60124e-08
-0.074955 5.58539e-08
-0.0748652 5.57074e-08
-0.0747753 5.55861e-08
-0.0746854 5.54858e-08
-0.0745956 5.5397e-08
-0.0745057 5.53193e-08
-0.0744158 5.52508e-08
-0.0743259 5.51877e-08
-0.0742361 5.5132e-08
-0.0741462 5.50895e-08
-0.0740563 5.50544e-08
-0.0739664 5.50256e-08
-0.0738766 5.49996e-08
-0.0737867 5.49756e-08
-0.0736968 5.49532e-08
-0.0736069 5.49316e-08
-0.0735171 5.48992e-08
-0.0734272 5.48583e-08
-0.0733373 5.48019e-08
-0.0732474 5.47316e-08
-0.0731576 5.46489e-08
-0.0730677 5.45447e-08
-0.0729778 5.44221e-08
-0.0728879 5.42823e-08
-0.0727981 5.41214e-08
-0.0727082 5.39419e-08
-0.0726183 5.37504e-08
-0.0725284 5.35417e-08
-0.0724386 5.33084e-08
-0.0723487 5.30559e-08
-0.0722588 5.27931e-08
-0.0721689 5.25183e-08
-0.0720791 5.22361e-08
-0.0719892 5.19574e-08
-0.0718993 5.16725e-08
-0.0718095 5.13853e-08
-0.0717196 5.11045e-08
-0.0716297 5.08346e-08
-0.0715398 5.05774e-08
-0.07145 5.03343e-08
-0.0713601 5.01077e-08
-0.0712702 4.99027e-08
-0.0711803 4.97176e-08
-0.0710905 4.95561e-08
-0.0710006 4.94179e-08
-0.0709107 4.93014e-08
-0.0708208 4.92071e-08
-0.070731 4.91311e-08
-0.0706411 4.90701e-08
-0.0705512 4.90214e-08
-0.0704613 4.89829e-08
-0.0703715 4.89531e-08
-0.0702816 4.89291e-08
-0.0701917 4.89177e-08
-0.0701018 4.89157e-08
-0.070012 4.89144e-08
-0.0699221 4.89159e-08
-0.0698322 4.89172e-08
-0.0697423 4.89118e-08
-0.0696525 4.89021e-08
-0.0695626 4.88857e-08
-0.0694727 4.88556e-08
-0.0693829 4.88083e-08
-0.069293 4.87474e-08
-0.0692031 4.86713e-08
-0.0691132 4.85777e-08
-0.0690234 4.84646e-08
-0.0689335 4.83264e-08
-0.0688436 4.81684e-08
-0.0687537 4.79929e-08
-0.0686639 4.78012e-08
-0.068574 4.75916e-08
-0.0684841 4.73607e-08
-0.0683942 4.71118e-08
-0.0683044 4.68539e-08
-0.0682145 4.65871e-08
-0.0681246 4.63181e-08
-0.0680347 4.60453e-08
-0.0679449 4.57727e-08
-0.067855 4.54998e-08
-0.0677651 4.52337e-08
-0.0676752 4.49829e-08
-0.0675854 4.47453e-08
-0.0674955 4.45317e-08
-0.0674056 4.43416e-08
-0.0673157 4.41674e-08
-0.0672259 4.40153e-08
-0.067136 4.38902e-08
-0.0670461 4.37863e-08
-0.0669562 4.37015e-08
-0.0668664 4.36345e-08
-0.0667765 4.35826e-08
-0.0666866 4.35451e-08
-0.0665968 4.35201e-08
-0.0665069 4.35078e-08
-0.066417 4.35007e-08
-0.0663271 4.34979e-08
-0.0662373 4.35038e-08
-0.0661474 4.35181e-08
-0.0660575 4.35314e-08
-0.0659676 4.35386e-08
-0.0658778 4.35422e-08
-0.0657879 4.35367e-08
-0.065698 4.35188e-08
-0.0656081 4.34908e-08
-0.0655183 4.34504e-08
-0.0654284 4.33908e-08
-0.0653385 4.33125e-08
-0.0652486 4.32082e-08
-0.0651588 4.30812e-08
-0.0650689 4.29362e-08
-0.064979 4.27766e-08
-0.0648891 4.26018e-08
-0.0647993 4.24085e-08
-0.0647094 4.21988e-08
-0.0646195 4.19776e-08
-0.0645296 4.17483e-08
-0.0644398 4.15126e-08
-0.0643499 4.12674e-08
-0.06426 4.10178e-08
-0.0641701 4.07683e-08
-0.0640803 4.05201e-08
-0.0639904 4.02817e-08
-0.0639005 4.00497e-08
-0.0638107 3.98338e-08
-0.0637208 3.96334e-08
-0.0636309 3.94508e-08
-0.063541 3.92889e-08
-0.0634512 3.91477e-08
-0.0633613 3.90295e-08
-0.0632714 3.89348e-08
-0.0631815 3.88595e-08
-0.0630917 3.88022e-08
-0.0630018 3.87644e-08
-0.0629119 3.87463e-08
-0.062822 3.8739e-08
-0.0627322 3.87386e-08
-0.0626423 3.87441e-08
-0.0625524 3.8752e-08
-0.0624625 3.87607e-08
-0.0623727 3.87707e-08
-0.0622828 3.87751e-08
-0.0621929 3.87722e-08
-0.062103 3.87603e-08
-0.0620132 3.87417e-08
-0.0619233 3.87115e-08
-0.0618334 3.86699e-08
-0.0617435 3.8616e-08
-0.0616537 3.85511e-08
-0.0615638 3.84714e-08
-0.0614739 3.8374e-08
-0.0613841 3.82607e-08
-0.0612942 3.81299e-08
-0.0612043 3.79807e-08
-0.0611144 3.78116e-08
-0.0610246 3.76267e-08
-0.0609347 3.74248e-08
-0.0608448 3.72097e-08
-0.0607549 3.69883e-08
-0.0606651 3.67627e-08
-0.0605752 3.65342e-08
-0.0604853 3.63089e-08
-0.0603954 3.60927e-08
-0.0603056 3.58926e-08
-0.0602157 3.57084e-08
-0.0601258 3.55421e-08
-0.0600359 3.53906e-08
-0.0599461 3.52555e-08
-0.0598562 3.51339e-08
-0.0597663 3.50299e-08
-0.0596764 3.49422e-08
-0.0595866 3.48661e-08
-0.0594967 3.47999e-08
-0.0594068 3.47456e-08
-0.0593169 3.46963e-08
-0.0592271 3.46608e-08
-0.0591372 3.46362e-08
-0.0590473 3.46216e-08
-0.0589574 3.46084e-08
-0.0588676 3.45982e-08
-0.0587777 3.45911e-08
-0.0586878 3.45853e-08
-0.058598 3.4578e-08
-0.0585081 3.45707e-08
-0.0584182 3.4551e-08
-0.0583283 3.45234e-08
-0.0582385 3.44811e-08
-0.0581486 3.44255e-08
-0.0580587 3.43522e-08
-0.0579688 3.42568e-08
-0.057879 3.41436e-08
-0.0577891 3.40164e-08
-0.0576992 3.38755e-08
-0.0576093 3.37264e-08
-0.0575195 3.35651e-08
-0.0574296 3.33912e-08
-0.0573397 3.32109e-08
-0.0572498 3.30276e-08
-0.05716 3.28422e-08
-0.0570701 3.26566e-08
-0.0569802 3.24733e-08
-0.0568903 3.2294e-08
-0.0568005 3.21201e-08
-0.0567106 3.19618e-08
-0.0566207 3.18151e-08
-0.0565308 3.16791e-08
-0.056441 3.15535e-08
-0.0563511 3.14372e-08
-0.0562612 3.13361e-08
-0.0561713 3.12489e-08
-0.0560815 3.11745e-08
-0.0559916 3.11166e-08
-0.0559017 3.10702e-08
-0.0558119 3.10319e-08
-0.055722 3.10013e-08
-0.0556321 3.09763e-08
-0.0555422 3.09571e-08
-0.0554524 3.09335e-08
-0.0553625 3.09091e-08
-0.0552726 3.08862e-08
-0.0551827 3.08622e-08
-0.0550929 3.08352e-08
-0.055003 3.08018e-08
-0.0549131 3.07653e-08
-0.0548232 3.07219e-08
-0.0547334 3.0671e-08
-0.0546435 3.06157e-08
-0.0545536 3.05465e-08
-0.0544637 3.04592e-08
-0.0543739 3.03568e-08
-0.054284 3.02402e-08
-0.0541941 3.01172e-08
-0.0541042 2.99877e-08
-0.0540144 2.9849e-08
-0.0539245 2.97013e-08
-0.0538346 2.95443e-08
-0.0537447 2.93854e-08
-0.0536549 2.92281e-08
-0.053565 2.90771e-08
-0.0534751 2.89318e-08
-0.0533853 2.87897e-08
-0.0532954 2.865e-08
-0.0532055 2.85202e-08
-0.0531156 2.84039e-08
-0.0530258 2.82962e-08
-0.0529359 2.81952e-08
-0.052846 2.81017e-08
-0.0527561 2.80165e-08
-0.0526663 2.7938e-08
-0.0525764 2.78653e-08
-0.0524865 2.77997e-08
-0.0523966 2.77407e-08
-0.0523068 2.76868e-08
-0.0522169 2.7641e-08
-0.052127 2.76007e-08
-0.0520371 2.75659e-08
-0.0519473 2.75322e-08
-0.0518574 2.74954e-08
-0.0517675 2.74567e-08
-0.0516776 2.74131e-08
-0.0515878 2.73704e-08
-0.0514979 2.73272e-08
-0.051408 2.72755e-08
-0.0513181 2.72137e-08
-0.0512283 2.71404e-08
-0.0511384 2.70574e-08
-0.0510485 2.6968e-08
-0.0509586 2.68679e-08
-0.0508688 2.67573e-08
-0.0507789 2.66405e-08
-0.050689 2.65185e-08
-0.0505992 2.63943e-08
-0.0505093 2.62707e-08
-0.0504194 2.61482e-08
-0.0503295 2.60292e-08
-0.0502397 2.59133e-08
-0.0501498 2.58002e-08
-0.0500599 2.56897e-08
-0.04997 2.55847e-08
-0.0498802 2.54854e-08
-0.0497903 2.53907e-08
-0.0497004 2.52983e-08
-0.0496105 2.52101e-08
-0.0495207 2.51239e-08
-0.0494308 2.50453e-08
-0.0493409 2.49728e-08
-0.049251 2.49028e-08
-0.0491612 2.48355e-08
-0.0490713 2.47717e-08
-0.0489814 2.47151e-08
-0.0488915 2.4662e-08
-0.0488017 2.46126e-08
-0.0487118 2.45687e-08
-0.0486219 2.45254e-08
-0.048532 2.4479e-08
-0.0484422 2.443e-08
-0.0483523 2.43792e-08
-0.0482624 2.43232e-08
-0.0481725 2.42627e-08
-0.0480827 2.41982e-08
-0.0479928 2.41288e-08
-0.0479029 2.40539e-08
-0.0478131 2.39751e-08
-0.0477232 2.38919e-08
-0.0476333 2.38045e-08
-0.0475434 2.37155e-08
-0.0474536 2.36263e-08
-0.0473637 2.35379e-08
-0.0472738 2.34488e-08
-0.0471839 2.3357e-08
-0.0470941 2.32633e-08
-0.0470042 2.3168e-08
-0.0469143 2.3075e-08
-0.0468244 2.29848e-08
-0.0467346 2.28975e-08
-0.0466447 2.28115e-08
-0.0465548 2.27254e-08
-0.0464649 2.26391e-08
-0.0463751 2.25586e-08
-0.0462852 2.24821e-08
-0.0461953 2.24105e-08
-0.0461054 2.23381e-08
-0.0460156 2.22699e-08
-0.0459257 2.22072e-08
-0.0458358 2.21451e-08
-0.0457459 2.20833e-08
-0.0456561 2.20224e-08
-0.0455662 2.19624e-08
-0.0454763 2.19063e-08
-0.0453865 2.18509e-08
-0.0452966 2.17963e-08
-0.0452067 2.17386e-08
-0.0451168 2.16778e-08
-0.045027 2.16146e-08
-0.0449371 2.15498e-08
-0.0448472 2.14834e-08
-0.0447573 2.14161e-08
-0.0446675 2.13475e-08
-0.0445776 2.12771e-08
-0.0444877 2.12031e-08
-0.0443978 2.11274e-08
-0.044308 2.10531e-08
-0.0442181 2.0979e-08
-0.0441282 2.09009e-08
-0.0440383 2.08196e-08
-0.0439485 2.07382e-08
-0.0438586 2.06588e-08
-0.0437687 2.05801e-08
-0.0436788 2.04989e-08
-0.043589 2.04172e-08
-0.0434991 2.03377e-08
-0.0434092 2.02604e-08
-0.0433193 2.0186e-08
-0.0432295 2.0114e-08
-0.0431396 2.0042e-08
-0.0430497 1.99725e-08
-0.0429598 1.99038e-08
-0.04287 1.98381e-08
-0.0427801 1.97736e-08
-0.0426902 1.9709e-08
-0.0426004 1.96448e-08
-0.0425105 1.95795e-08
-0.0424206 1.95134e-08
-0.0423307 1.94477e-08
-0.0422409 1.93834e-08
-0.042151 1.93215e-08
-0.0420611 1.92601e-08
-0.0419712 1.92006e-08
-0.0418814 1.91408e-08
-0.0417915 1.90804e-08
-0.0417016 1.90171e-08
-0.0416117 1.89517e-08
-0.0415219 1.88886e-08
-0.041432 1.88261e-08
-0.0413421 1.87629e-08
-0.0412522 1.87014e-08
-0.0411624 1.86399e-08
-0.0410725 1.85772e-08
-0.0409826 1.85122e-08
-0.0408927 1.84456e-08
-0.0408029 1.83789e-08
-0.040713 1.83109e-08
-0.0406231 1.82439e-08
-0.0405332 1.8176e-08
-0.0404434 1.81086e-08
-0.0403535 1.80396e-08
-0.0402636 1.79711e-08
-0.0401737 1.79016e-08
-0.0400839 1.78308e-08
-0.039994 1.77599e-08
-0.0399041 1.76912e-08
-0.0398143 1.76223e-08
-0.0397244 1.75551e-08
-0.0396345 1.74888e-08
-0.0395446 1.74262e-08
-0.0394548 1.73658e-08
-0.0393649 1.73077e-08
-0.039275 1.72466e-08
-0.0391851 1.71857e-08
-0.0390953 1.71277e-08
-0.0390054 1.70708e-08
-0.0389155 1.7015e-08
-0.0388256 1.69596e-08
-0.0387358 1.69052e-08
-0.0386459 1.68503e-08
-0.038556 1.67956e-08
-0.0384661 1.67408e-08
-0.0383763 1.66872e-08
-0.0382864 1.66322e-08
-0.0381965 1.65774e-08
-0.0381066 1.65222e-08
-0.0380168 1.6466e-08
-0.0379269 1.64121e-08
-0.037837 1.63614e-08
-0.0377471 1.6311e-08
-0.0376573 1.62598e-08
-0.0375674 1.62064e-08
-0.0374775 1.61509e-08
-0.0373876 1.60917e-08
-0.0372978 1.60307e-08
-0.0372079 1.59671e-08
-0.037118 1.59026e-08
-0.0370282 1.58362e-08
-0.0369383 1.57658e-08
-0.0368484 1.56944e-08
-0.0367585 1.56229e-08
-0.0366687 1.55522e-08
-0.0365788 1.54841e-08
-0.0364889 1.54173e-08
-0.036399 1.53533e-08
-0.0363092 1.52945e-08
-0.0362193 1.52379e-08
-0.0361294 1.51859e-08
-0.0360395 1.51362e-08
-0.0359497 1.50869e-08
-0.0358598 1.50379e-08
-0.0357699 1.49881e-08
-0.03568 1.49368e-08
-0.0355902 1.4884e-08
-0.0355003 1.48314e-08
-0.0354104 1.47786e-08
-0.0353205 1.47243e-08
-0.0352307 1.46723e-08
-0.0351408 1.46212e-08
-0.0350509 1.45692e-08
-0.034961 1.45154e-08
-0.0348712 1.44588e-08
-0.0347813 1.44032e-08
-0.0346914 1.43477e-08
-0.0346016 1.42895e-08
-0.0345117 1.4229e-08
-0.0344218 1.41656e-08
-0.0343319 1.41022e-08
-0.0342421 1.40372e-08
-0.0341522 1.39702e-08
-0.0340623 1.39042e-08
-0.0339724 1.38368e-08
-0.0338826 1.37685e-08
-0.0337927 1.37011e-08
-0.0337028 1.36351e-08
-0.0336129 1.35717e-08
-0.0335231 1.35097e-08
-0.0334332 1.3451e-08
-0.0333433 1.33912e-08
-0.0332534 1.33292e-08
-0.0331636 1.32687e-08
-0.0330737 1.32111e-08
-0.0329838 1.31566e-08
-0.0328939 1.31056e-08
-0.0328041 1.30575e-08
-0.0327142 1.30127e-08
-0.0326243 1.2968e-08
-0.0325344 1.29228e-08
-0.0324446 1.28793e-08
-0.0323547 1.28371e-08
-0.0322648 1.27951e-08
-0.0321749 1.27535e-08
-0.0320851 1.27085e-08
-0.0319952 1.2662e-08
-0.0319053 1.2613e-08
-0.0318155 1.25601e-08
-0.0317256 1.25045e-08
-0.0316357 1.24466e-08
-0.0315458 1.23858e-08
-0.031456 1.23236e-08
-0.0313661 1.22617e-08
-0.0312762 1.22005e-08
-0.0311863 1.21394e-08
-0.0310965 1.20788e-08
-0.0310066 1.20184e-08
-0.0309167 1.19594e-08
-0.0308268 1.1903e-08
-0.030737 1.18502e-08
-0.0306471 1.17993e-08
-0.0305572 1.17506e-08
-0.0304673 1.17044e-08
-0.0303775 1.16596e-08
-0.0302876 1.16154e-08
-0.0301977 1.15712e-08
-0.0301078 1.15264e-08
-0.030018 1.14833e-08
-0.0299281 1.14417e-08
-0.0298382 1.13988e-08
-0.0297483 1.13548e-08
-0.0296585 1.13107e-08
-0.0295686 1.12681e-08
-0.0294787 1.12238e-08
-0.0293888 1.11804e-08
-0.029299 1.11373e-08
-0.0292091 1.10945e-08
-0.0291192 1.1053e-08
-0.0290294 1.10116e-08
-0.0289395 1.0968e-08
-0.0288496 1.09218e-08
-0.0287597 1.08736e-08
-0.0286699 1.0827e-08
-0.02858 1.07785e-08
-0.0284901 1.07276e-08
-0.0284002 1.06751e-08
-0.0283104 1.06195e-08
-0.0282205 1.05643e-08
-0.0281306 1.05111e-08
-0.0280407 1.04607e-08
-0.0279509 1.04137e-08
-0.027861 1.0366e-08
-0.0277711 1.032e-08
-0.0276812 1.02741e-08
-0.0275914 1.02293e-08
-0.0275015 1.01877e-08
-0.0274116 1.01469e-08
-0.0273217 1.01071e-08
-0.0272319 1.00685e-08
-0.027142 1.00299e-08
-0.0270521 9.99305e-09
-0.0269622 9.9559e-09
-0.0268724 9.91849e-09
-0.0267825 9.8813e-09
-0.0266926 9.84267e-09
-0.0266028 9.80419e-09
-0.0265129 9.76641e-09
-0.026423 9.72951e-09
-0.0263331 9.69025e-09
-0.0262433 9.64734e-09
-0.0261534 9.60128e-09
-0.0260635 9.55464e-09
-0.0259736 9.50592e-09
-0.0258838 9.45773e-09
-0.0257939 9.40932e-09
-0.025704 9.36098e-09
-0.0256141 9.31328e-09
-0.0255243 9.26526e-09
-0.0254344 9.21735e-09
-0.0253445 9.17085e-09
-0.0252546 9.12503e-09
-0.0251648 9.08251e-09
-0.0250749 9.0398e-09
-0.024985 8.99831e-09
-0.0248951 8.95767e-09
-0.0248053 8.91796e-09
-0.0247154 8.88031e-09
-0.0246255 8.84272e-09
-0.0245356 8.80468e-09
-0.0244458 8.76642e-09
-0.0243559 8.72776e-09
-0.024266 8.69187e-09
-0.0241761 8.65589e-09
-0.0240863 8.6187e-09
-0.0239964 8.58116e-09
-0.0239065 8.54218e-09
-0.0238167 8.5045e-09
-0.0237268 8.46676e-09
-0.0236369 8.42746e-09
-0.023547 8.38715e-09
-0.0234572 8.34223e-09
-0.0233673 8.29687e-09
-0.0232774 8.25154e-09
-0.0231875 8.20524e-09
-0.0230977 8.16208e-09
-0.0230078 8.12112e-09
-0.0229179 8.08146e-09
-0.022828 8.04178e-09
-0.0227382 8.00128e-09
-0.0226483 7.96097e-09
-0.0225584 7.92081e-09
-0.0224685 7.88205e-09
-0.0223787 7.84445e-09
-0.0222888 7.80575e-09
-0.0221989 7.7655e-09
-0.022109 7.7231e-09
-0.0220192 7.67949e-09
-0.0219293 7.63518e-09
-0.0218394 7.58973e-09
-0.0217495 7.54622e-09
-0.0216597 7.50442e-09
-0.0215698 7.4634e-09
-0.0214799 7.42436e-09
-0.02139 7.38558e-09
-0.0213002 7.34757e-09
-0.0212103 7.30991e-09
-0.0211204 7.27154e-09
-0.0210306 7.23484e-09
-0.0209407 7.19529e-09
-0.0208508 7.15546e-09
-0.0207609 7.11676e-09
-0.0206711 7.07822e-09
-0.0205812 7.0387e-09
-0.0204913 6.99773e-09
-0.0204014 6.95305e-09
-0.0203116 6.90718e-09
-0.0202217 6.86048e-09
-0.0201318 6.81404e-09
-0.0200419 6.76892e-09
-0.0199521 6.72364e-09
-0.0198622 6.67698e-09
-0.0197723 6.63056e-09
-0.0196824 6.58317e-09
-0.0195926 6.53757e-09
-0.0195027 6.49278e-09
-0.0194128 6.44892e-09
-0.0193229 6.40419e-09
-0.0192331 6.35967e-09
-0.0191432 6.31594e-09
-0.0190533 6.27381e-09
-0.0189634 6.23152e-09
-0.0188736 6.18777e-09
-0.0187837 6.14339e-09
-0.0186938 6.09985e-09
-0.018604 6.05648e-09
-0.0185141 6.01355e-09
-0.0184242 5.97083e-09
-0.0183343 5.92692e-09
-0.0182445 5.88141e-09
-0.0181546 5.83635e-09
-0.0180647 5.7897e-09
-0.0179748 5.74284e-09
-0.017885 5.69385e-09
-0.0177951 5.644e-09
-0.0177052 5.59323e-09
-0.0176153 5.54319e-09
-0.0175255 5.49271e-09
-0.0174356 5.44261e-09
-0.0173457 5.3915e-09
-0.0172558 5.34057e-09
-0.017166 5.28923e-09
-0.0170761 5.2383e-09
-0.0169862 5.18887e-09
-0.0168963 5.14021e-09
-0.0168065 5.09217e-09
-0.0167166 5.04449e-09
-0.0166267 4.99667e-09
-0.0165368 4.94854e-09
-0.016447 4.9019e-09
-0.0163571 4.8583e-09
-0.0162672 4.81719e-09
-0.0161773 4.77448e-09
-0.0160875 4.73118e-09
-0.0159976 4.68734e-09
-0.0159077 4.64471e-09
-0.0158179 4.60219e-09
-0.015728 4.55871e-09
-0.0156381 4.51215e-09
-0.0155482 4.46214e-09
-0.0154584 4.41062e-09
-0.0153685 4.36202e-09
-0.0152786 4.31505e-09
-0.0151887 4.26879e-09
-0.0150989 4.22281e-09
-0.015009 4.17575e-09
-0.0149191 4.12996e-09
-0.0148292 4.08479e-09
-0.0147394 4.04192e-09
-0.0146495 3.99943e-09
-0.0145596 3.95528e-09
-0.0144697 3.90805e-09
-0.0143799 3.85934e-09
-0.01429 3.81032e-09
-0.0142001 3.76272e-09
-0.0141102 3.716e-09
-0.0140204 3.6697e-09
-0.0139305 3.62172e-09
-0.0138406 3.57409e-09
-0.0137507 3.52629e-09
-0.0136609 3.48101e-09
-0.013571 3.4381e-09
-0.0134811 3.3967e-09
-0.0133912 3.35645e-09
-0.0133014 3.31443e-09
-0.0132115 3.27222e-09
-0.0131216 3.23088e-09
-0.0130318 3.1904e-09
-0.0129419 3.14854e-09
-0.012852 3.10686e-09
-0.0127621 3.06669e-09
-0.0126723 3.02688e-09
-0.0125824 2.98573e-09
-0.0124925 2.94351e-09
-0.0124026 2.89847e-09
-0.0123128 2.85203e-09
-0.0122229 2.80363e-09
-0.012133 2.75545e-09
-0.0120431 2.70832e-09
-0.0119533 2.66305e-09
-0.0118634 2.62013e-09
-0.0117735 2.57974e-09
-0.0116836 2.53937e-09
-0.0115938 2.49997e-09
-0.0115039 2.45994e-09
-0.011414 2.42111e-09
-0.0113241 2.38407e-09
-0.0112343 2.34761e-09
-0.0111444 2.31405e-09
-0.0110545 2.2796e-09
-0.0109646 2.24335e-09
-0.0108748 2.20606e-09
-0.0107849 2.16825e-09
-0.010695 2.13229e-09
-0.0106052 2.09625e-09
-0.0105153 2.06294e-09
-0.0104254 2.03139e-09
-0.0103355 1.99859e-09
-0.0102457 1.96574e-09
-0.0101558 1.9309e-09
-0.0100659 1.89337e-09
-0.00997603 1.8541e-09
-0.00988616 1.81289e-09
-0.00979628 1.77264e-09
-0.00970641 1.73213e-09
-0.00961653 1.69267e-09
-0.00952666 1.65481e-09
-0.00943679 1.61591e-09
-0.00934691 1.57725e-09
-0.00925704 1.54091e-09
-0.00916716 1.50641e-09
-0.00907729 1.47663e-09
-0.00898742 1.44879e-09
-0.00889754 1.42351e-09
-0.00880767 1.3996e-09
-0.00871779 1.37594e-09
-0.00862792 1.35267e-09
-0.00853805 1.32931e-09
-0.00844817 1.30644e-09
-0.0083583 1.28324e-09
-0.00826842 1.25912e-09
-0.00817855 1.2354e-09
-0.00808867 1.21044e-09
-0.0079988 1.1843e-09
-0.00790893 1.15713e-09
-0.00781905 1.12718e-09
-0.00772918 1.09635e-09
-0.0076393 1.06353e-09
-0.00754943 1.03372e-09
-0.00745956 1.00654e-09
-0.00736968 9.80256e-10
-0.00727981 9.53607e-10
-0.00718993 9.25995e-10
-0.00710006 8.98197e-10
-0.00701018 8.72945e-10
-0.00692031 8.51906e-10
-0.00683044 8.34345e-10
-0.00674056 8.16999e-10
-0.00665069 8.0011e-10
-0.00656081 7.82714e-10
-0.00647094 7.64681e-10
-0.00638107 7.47727e-10
-0.00629119 7.31435e-10
-0.00620132 7.14509e-10
-0.00611144 6.97293e-10
-0.00602157 6.80854e-10
-0.00593169 6.66164e-10
-0.00584182 6.51136e-10
-0.00575195 6.3527e-10
-0.00566207 6.18073e-10
-0.0055722 5.97253e-10
-0.00548232 5.75815e-10
-0.00539245 5.53325e-10
-0.00530258 5.31706e-10
-0.0052127 5.11642e-10
-0.00512283 4.90939e-10
-0.00503295 4.70546e-10
-0.00494308 4.48307e-10
-0.0048532 4.26206e-10
-0.00476333 4.06501e-10
-0.00467346 3.9092e-10
-0.00458358 3.78785e-10
-0.00449371 3.67778e-10
-0.00440383 3.56868e-10
-0.00431396 3.47168e-10
-0.00422409 3.3805e-10
-0.00413421 3.29457e-10
-0.00404434 3.19203e-10
-0.00395446 3.09349e-10
-0.00386459 2.99389e-10
-0.00377471 2.8975e-10
-0.00368484 2.80448e-10
-0.00359497 2.71526e-10
-0.00350509 2.61641e-10
-0.00341522 2.50708e-10
-0.00332534 2.3718e-10
-0.00323547 2.23735e-10
-0.0031456 2.09671e-10
-0.00305572 1.95638e-10
-0.00296585 1.81899e-10
-0.00287597 1.68702e-10
-0.0027861 1.55816e-10
-0.00269622 1.43268e-10
-0.00260635 1.31563e-10
-0.00251648 1.21584e-10
-0.0024266 1.13577e-10
-0.00233673 1.07687e-10
-0.00224685 1.0142e-10
-0.00215698 9.53517e-11
-0.00206711 9.07035e-11
-0.00197723 8.69784e-11
-0.00188736 8.4763e-11
-0.00179748 8.1631e-11
-0.00170761 7.80622e-11
-0.00161773 7.29418e-11
-0.00152786 6.84439e-11
-0.00143799 6.56751e-11
-0.00134811 6.25395e-11
-0.00125824 5.91616e-11
-0.00116836 5.53338e-11
-0.00107849 5.07554e-11
-0.000988616 4.64e-11
-0.000898742 4.18186e-11
-0.000808867 3.73339e-11
-0.000718993 3.22626e-11
-0.000629119 2.71414e-11
-0.000539245 2.08146e-11
-0.000449371 1.38521e-11
-0.000359497 7.85824e-12
-0.000269622 3.23423e-12
-0.000179748 7.52345e-13
-8.98742e-05 1.31238e-13
0 0
8.98742e-05 1.32089e-13
0.000179748 7.54462e-13
0.000269622 3.23859e-12
0.000359497 7.86432e-12
0.000449371 1.38589e-11
0.000539245 2.08223e-11
0.000629119 2.71498e-11
0.000718993 3.22717e-11
0.000808867 3.7343e-11
0.000898742 4.18272e-11
0.000988616 4.64074e-11
0.00107849 5.07614e-11
0.00116836 5.53382e-11
0.00125824 5.91651e-11
0.00134811 6.25419e-11
0.00143799 6.56769e-11
0.00152786 6.84463e-11
0.00161773 7.29457e-11
0.00170761 7.80671e-11
0.00179748 8.16362e-11
0.00188736 8.47681e-11
0.00197723 8.69831e-11
0.00206711 9.07086e-11
0.00215698 9.53572e-11
0.00224685 1.01426e-10
0.00233673 1.07693e-10
0.0024266 1.13583e-10
0.00251648 1.21591e-10
0.00260635 1.31571e-10
0.00269622 1.43276e-10
0.0027861 1.55825e-10
0.00287597 1.68711e-10
0.00296585 1.81908e-10
0.00305572 1.95648e-10
0.0031456 2.09679e-10
0.00323547 2.2374e-10
0.00332534 2.37183e-10
0.00341522 2.50709e-10
0.00350509 2.61642e-10
0.00359497 2.71526e-10
0.00368484 2.80446e-10
0.00377471 2.89747e-10
0.00386459 2.99386e-10
0.00395446 3.09347e-10
0.00404434 3.19202e-10
0.00413421 3.29458e-10
0.00422409 3.3805e-10
0.00431396 3.47169e-10
0.00440383 3.56869e-10
0.00449371 3.6778e-10
0.00458358 3.78788e-10
0.00467346 3.90923e-10
0.00476333 4.06506e-10
0.0048532 4.2621e-10
0.00494308 4.4831e-10
0.00503295 4.70546e-10
0.00512283 4.90938e-10
0.0052127 5.1164e-10
0.00530258 5.31704e-10
0.00539245 5.53323e-10
0.00548232 5.75811e-10
0.0055722 5.97247e-10
0.00566207 6.18067e-10
0.00575195 6.35263e-10
0.00584182 6.5113e-10
0.00593169 6.66158e-10
0.00602157 6.80847e-10
0.00611144 6.97287e-10
0.00620132 7.14502e-10
0.00629119 7.31428e-10
0.00638107 7.4772e-10
0.00647094 7.64674e-10
0.00656081 7.82708e-10
0.00665069 8.00106e-10
0.00674056 8.16998e-10
0.00683044 8.34346e-10
0.00692031 8.51909e-10
0.00701018 8.7295e-10
0.00710006 8.98205e-10
0.00718993 9.26004e-10
0.00727981 9.53615e-10
0.00736968 9.80264e-10
0.00745956 1.00654e-09
0.00754943 1.03373e-09
0.0076393 1.06354e-09
0.00772918 1.09635e-09
0.00781905 1.12719e-09
0.00790893 1.15714e-09
0.0079988 1.18431e-09
0.00808867 1.21045e-09
0.00817855 1.2354e-09
0.00826842 1.25913e-09
0.0083583 1.28325e-09
0.00844817 1.30645e-09
0.00853805 1.32931e-09
0.00862792 1.35268e-09
0.00871779 1.37594e-09
0.00880767 1.39961e-09
0.00889754 1.42352e-09
0.00898742 1.44879e-09
0.00907729 1.47664e-09
0.00916716 1.50642e-09
0.00925704 1.54092e-09
0.00934691 1.57726e-09
0.00943679 1.61593e-09
0.00952666 1.65482e-09
0.00961653 1.69268e-09
0.00970641 1.73214e-09
0.00979628 1.77265e-09
0.00988616 1.8129e-09
0.00997603 1.85411e-09
0.0100659 1.89339e-09
0.0101558 1.93091e-09
0.0102457 1.96576e-09
0.0103355 1.9986e-09
0.0104254 2.03141e-09
0.0105153 2.06295e-09
0.0106052 2.09627e-09
0.010695 2.13231e-09
0.0107849 2.16827e-09
0.0108748 2.20608e-09
0.0109646 2.24337e-09
0.0110545 2.27962e-09
0.0111444 2.31407e-09
0.0112343 2.34763e-09
0.0113241 2.38409e-09
0.011414 2.42114e-09
0.0115039 2.45997e-09
0.0115938 2.5e-09
0.0116836 2.5394e-09
0.0117735 2.57977e-09
0.0118634 2.62016e-09
0.0119533 2.66308e-09
0.0120431 2.70835e-09
0.012133 2.75548e-09
0.0122229 2.80366e-09
0.0123128 2.85206e-09
0.0124026 2.89851e-09
0.0124925 2.94354e-09
0.0125824 2.98576e-09
0.0126723 3.02691e-09
0.0127621 3.06672e-09
0.012852 3.10688e-09
0.0129419 3.14857e-09
0.0130318 3.19043e-09
0.0131216 3.2309e-09
0.0132115 3.27224e-09
0.0133014 3.31445e-09
0.0133912 3.35647e-09
0.0134811 3.39671e-09
0.013571 3.43812e-09
0.0136609 3.48103e-09
0.0137507 3.52631e-09
0.0138406 3.57411e-09
0.0139305 3.62174e-09
0.0140204 3.66971e-09
0.0141102 3.71601e-09
0.0142001 3.76273e-09
0.01429 3.81033e-09
0.0143799 3.85935e-09
0.0144697 3.90805e-09
0.0145596 3.95529e-09
0.0146495 3.99944e-09
0.0147394 4.04193e-09
0.0148292 4.08479e-09
0.0149191 4.12997e-09
0.015009 4.17576e-09
0.0150989 4.22282e-09
0.0151887 4.2688e-09
0.0152786 4.31506e-09
0.0153685 4.36203e-09
0.0154584 4.41063e-09
0.0155482 4.46215e-09
0.0156381 4.51216e-09
0.015728 4.55872e-09
0.0158179 4.60219e-09
0.0159077 4.64472e-09
0.0159976 4.68735e-09
0.0160875 4.73119e-09
0.0161773 4.77449e-09
0.0162672 4.8172e-09
0.0163571 4.85831e-09
0.016447 4.90191e-09
0.0165368 4.94855e-09
0.0166267 4.99669e-09
0.0167166 5.04451e-09
0.0168065 5.09218e-09
0.0168963 5.14023e-09
0.0169862 5.18888e-09
0.0170761 5.23832e-09
0.017166 5.28925e-09
0.0172558 5.34059e-09
0.0173457 5.39152e-09
0.0174356 5.44263e-09
0.0175255 5.49273e-09
0.0176153 5.54321e-09
0.0177052 5.59325e-09
0.0177951 5.64402e-09
0.017885 5.69387e-09
0.0179748 5.74285e-09
0.0180647 5.78971e-09
0.0181546 5.83636e-09
0.0182445 5.88141e-09
0.0183343 5.92692e-09
0.0184242 5.97083e-09
0.0185141 6.01355e-09
0.018604 6.05648e-09
0.0186938 6.09985e-09
0.0187837 6.14338e-09
0.0188736 6.18777e-09
0.0189634 6.23151e-09
0.0190533 6.2738e-09
0.0191432 6.31594e-09
0.0192331 6.35967e-09
0.0193229 6.40419e-09
0.0194128 6.44891e-09
0.0195027 6.49277e-09
0.0195926 6.53756e-09
0.0196824 6.58316e-09
0.0197723 6.63055e-09
0.0198622 6.67697e-09
0.0199521 6.72363e-09
0.0200419 6.7689e-09
0.0201318 6.81402e-09
0.0202217 6.86047e-09
0.0203116 6.90717e-09
0.0204014 6.95303e-09
0.0204913 6.99771e-09
0.0205812 7.03868e-09
0.0206711 7.0782e-09
0.0207609 7.11674e-09
0.0208508 7.15543e-09
0.0209407 7.19526e-09
0.0210306 7.23482e-09
0.0211204 7.27151e-09
0.0212103 7.30988e-09
0.0213002 7.34754e-09
0.02139 7.38555e-09
0.0214799 7.42434e-09
0.0215698 7.46338e-09
0.0216597 7.5044e-09
0.0217495 7.5462e-09
0.0218394 7.58971e-09
0.0219293 7.63516e-09
0.0220192 7.67948e-09
0.022109 7.72308e-09
0.0221989 7.76548e-09
0.0222888 7.80574e-09
0.0223787 7.84443e-09
0.0224685 7.88204e-09
0.0225584 7.9208e-09
0.0226483 7.96096e-09
0.0227382 8.00127e-09
0.022828 8.04177e-09
0.0229179 8.08145e-09
0.0230078 8.12112e-09
0.0230977 8.16208e-09
0.0231875 8.20524e-09
0.0232774 8.25154e-09
0.0233673 8.29687e-09
0.0234572 8.34223e-09
0.023547 8.38715e-09
0.0236369 8.42746e-09
0.0237268 8.46676e-09
0.0238167 8.5045e-09
0.0239065 8.54219e-09
0.0239964 8.58117e-09
0.0240863 8.6187e-09
0.0241761 8.65589e-09
0.024266 8.69188e-09
0.0243559 8.72777e-09
0.0244458 8.76643e-09
0.0245356 8.80469e-09
0.0246255 8.84273e-09
0.0247154 8.88032e-09
0.0248053 8.91797e-09
0.0248951 8.95768e-09
0.024985 8.99832e-09
0.0250749 9.03981e-09
0.0251648 9.08252e-09
0.0252546 9.12505e-09
0.0253445 9.17086e-09
0.0254344 9.21736e-09
0.0255243 9.26528e-09
0.0256141 9.31329e-09
0.025704 9.361e-09
0.0257939 9.40933e-09
0.0258838 9.45774e-09
0.0259736 9.50593e-09
0.0260635 9.55464e-09
0.0261534 9.60128e-09
0.0262433 9.64734e-09
0.0263331 9.69025e-09
0.026423 9.7295e-09
0.0265129 9.7664e-09
0.0266028 9.80418e-09
0.0266926 9.84266e-09
0.0267825 9.88129e-09
0.0268724 9.91848e-09
0.0269622 9.95588e-09
0.0270521 9.99303e-09
0.027142 1.00299e-08
0.0272319 1.00684e-08
0.0273217 1.0107e-08
0.0274116 1.01469e-08
0.0275015 1.01876e-08
0.0275914 1.02293e-08
0.0276812 1.02741e-08
0.0277711 1.032e-08
0.027861 1.0366e-08
0.0279509 1.04137e-08
0.0280407 1.04607e-08
0.0281306 1.0511e-08
0.0282205 1.05643e-08
0.0283104 1.06194e-08
0.0284002 1.06751e-08
0.0284901 1.07276e-08
0.02858 1.07785e-08
0.0286699 1.0827e-08
0.0287597 1.08735e-08
0.0288496 1.09218e-08
0.0289395 1.0968e-08
0.0290294 1.10116e-08
0.0291192 1.1053e-08
0.0292091 1.10945e-08
0.029299 1.11373e-08
0.0293888 1.11804e-08
0.0294787 1.12238e-08
0.0295686 1.12681e-08
0.0296585 1.13107e-08
0.0297483 1.13548e-08
0.0298382 1.13988e-08
0.0299281 1.14416e-08
0.030018 1.14833e-08
0.0301078 1.15264e-08
0.0301977 1.15712e-08
0.0302876 1.16153e-08
0.0303775 1.16596e-08
0.0304673 1.17044e-08
0.0305572 1.17506e-08
0.0306471 1.17993e-08
0.030737 1.18502e-08
0.0308268 1.1903e-08
0.0309167 1.19594e-08
0.0310066 1.20184e-08
0.0310965 1.20789e-08
0.0311863 1.21394e-08
0.0312762 1.22005e-08
0.0313661 1.22616e-08
0.031456 1.23236e-08
0.0315458 1.23858e-08
0.0316357 1.24466e-08
0.0317256 1.25044e-08
0.0318155 1.25601e-08
0.0319053 1.2613e-08
0.0319952 1.2662e-08
0.0320851 1.27085e-08
0.0321749 1.27535e-08
0.0322648 1.27951e-08
0.0323547 1.28371e-08
0.0324446 1.28793e-08
0.0325344 1.29228e-08
0.0326243 1.2968e-08
0.0327142 1.30127e-08
0.0328041 1.30575e-08
0.0328939 1.31056e-08
0.0329838 1.31566e-08
0.0330737 1.32111e-08
0.0331636 1.32687e-08
0.0332534 1.33292e-08
0.0333433 1.33912e-08
0.0334332 1.3451e-08
0.0335231 1.35097e-08
0.0336129 1.35717e-08
0.0337028 1.36351e-08
0.0337927 1.37012e-08
0.0338826 1.37685e-08
0.0339724 1.38368e-08
0.0340623 1.39042e-08
0.0341522 1.39702e-08
0.0342421 1.40373e-08
0.0343319 1.41022e-08
0.0344218 1.41656e-08
0.0345117 1.4229e-08
0.0346016 1.42895e-08
0.0346914 1.43477e-08
0.0347813 1.44032e-08
0.0348712 1.44588e-08
0.034961 1.45154e-08
0.0350509 1.45692e-08
0.0351408 1.46212e-08
0.0352307 1.46723e-08
0.0353205 1.47243e-08
0.0354104 1.47786e-08
0.0355003 1.48314e-08
0.0355902 1.4884e-08
0.03568 1.49368e-08
0.0357699 1.49881e-08
0.0358598 1.50378e-08
0.0359497 1.50868e-08
0.0360395 1.51362e-08
0.0361294 1.51859e-08
0.0362193 1.52379e-08
0.0363092 1.52944e-08
0.036399 1.53533e-08
0.0364889 1.54173e-08
0.0365788 1.54841e-08
0.0366687 1.55522e-08
0.0367585 1.56229e-08
0.0368484 1.56944e-08
0.0369383 1.57658e-08
0.0370282 1.58361e-08
0.037118 1.59026e-08
0.0372079 1.59671e-08
0.0372978 1.60307e-08
0.0373876 1.60917e-08
0.0374775 1.61509e-08
0.0375674 1.62064e-08
0.0376573 1.62598e-08
0.0377471 1.63109e-08
0.037837 1.63614e-08
0.0379269 1.64121e-08
0.0380168 1.6466e-08
0.0381066 1.65222e-08
0.0381965 1.65774e-08
0.0382864 1.66321e-08
0.0383763 1.66871e-08
0.0384661 1.67408e-08
0.038556 1.67956e-08
0.0386459 1.68503e-08
0.0387358 1.69052e-08
0.0388256 1.69596e-08
0.0389155 1.7015e-08
0.0390054 1.70708e-08
0.0390953 1.71277e-08
0.0391851 1.71857e-08
0.039275 1.72466e-08
0.0393649 1.73077e-08
0.0394548 1.73657e-08
0.0395446 1.74262e-08
0.0396345 1.74888e-08
0.0397244 1.75551e-08
0.0398143 1.76223e-08
0.0399041 1.76912e-08
0.039994 1.77599e-08
0.0400839 1.78308e-08
0.0401737 1.79016e-08
0.0402636 1.79711e-08
0.0403535 1.80395e-08
0.0404434 1.81086e-08
0.0405332 1.8176e-08
0.0406231 1.82439e-08
0.040713 1.83109e-08
0.0408029 1.83789e-08
0.0408927 1.84455e-08
0.0409826 1.85122e-08
0.0410725 1.85771e-08
0.0411624 1.86398e-08
0.0412522 1.87014e-08
0.0413421 1.87629e-08
0.041432 1.88261e-08
0.0415219 1.88886e-08
0.0416117 1.89517e-08
0.0417016 1.90171e-08
0.0417915 1.90804e-08
0.0418814 1.91408e-08
0.0419712 1.92006e-08
0.0420611 1.92601e-08
0.042151 1.93215e-08
0.0422409 1.93834e-08
0.0423307 1.94477e-08
0.0424206 1.95134e-08
0.0425105 1.95795e-08
0.0426004 1.96448e-08
0.0426902 1.9709e-08
0.0427801 1.97736e-08
0.04287 1.98381e-08
0.0429598 1.99038e-08
0.0430497 1.99725e-08
0.0431396 2.0042e-08
0.0432295 2.0114e-08
0.0433193 2.0186e-08
0.0434092 2.02604e-08
0.0434991 2.03377e-08
0.043589 2.04172e-08
0.0436788 2.04989e-08
0.0437687 2.05801e-08
0.0438586 2.06588e-08
0.0439485 2.07382e-08
0.0440383 2.08196e-08
0.0441282 2.09009e-08
0.0442181 2.0979e-08
0.044308 2.10531e-08
0.0443978 2.11274e-08
0.0444877 2.12031e-08
0.0445776 2.12771e-08
0.0446675 2.13475e-08
0.0447573 2.14161e-08
0.0448472 2.14834e-08
0.0449371 2.15498e-08
0.045027 2.16146e-08
0.0451168 2.16777e-08
0.0452067 2.17385e-08
0.0452966 2.17963e-08
0.0453865 2.18509e-08
0.0454763 2.19062e-08
0.0455662 2.19624e-08
0.0456561 2.20224e-08
0.0457459 2.20833e-08
0.0458358 2.21451e-08
0.0459257 2.22072e-08
0.0460156 2.22699e-08
0.0461054 2.23381e-08
0.0461953 2.24105e-08
0.0462852 2.24821e-08
0.0463751 2.25586e-08
0.0464649 2.26391e-08
0.0465548 2.27254e-08
0.0466447 2.28116e-08
0.0467346 2.28975e-08
0.0468244 2.29848e-08
0.0469143 2.3075e-08
0.0470042 2.3168e-08
0.0470941 2.32633e-08
0.0471839 2.3357e-08
0.0472738 2.34488e-08
0.0473637 2.35379e-08
0.0474536 2.36263e-08
0.0475434 2.37155e-08
0.0476333 2.38045e-08
0.0477232 2.38919e-08
0.0478131 2.39751e-08
0.0479029 2.40539e-08
0.0479928 2.41288e-08
0.0480827 2.41982e-08
0.0481725 2.42627e-08
0.0482624 2.43232e-08
0.0483523 2.43792e-08
0.0484422 2.443e-08
0.048532 2.4479e-08
0.0486219 2.45254e-08
0.0487118 2.45687e-08
0.0488017 2.46126e-08
0.0488915 2.46621e-08
0.0489814 2.47151e-08
0.0490713 2.47717e-08
0.0491612 2.48355e-08
0.049251 2.49028e-08
0.0493409 2.49728e-08
0.0494308 2.50454e-08
0.0495207 2.51239e-08
0.0496105 2.52101e-08
0.0497004 2.52983e-08
0.0497903 2.53907e-08
0.0498802 2.54854e-08
0.04997 2.55847e-08
0.0500599 2.56897e-08
0.0501498 2.58003e-08
0.0502397 2.59133e-08
0.0503295 2.60293e-08
0.0504194 2.61482e-08
0.0505093 2.62707e-08
0.0505992 2.63943e-08
0.050689 2.65185e-08
0.0507789 2.66406e-08
0.0508688 2.67574e-08
0.0509586 2.68679e-08
0.0510485 2.6968e-08
0.0511384 2.70574e-08
0.0512283 2.71404e-08
0.0513181 2.72137e-08
0.051408 2.72755e-08
0.0514979 2.73272e-08
0.0515878 2.73704e-08
0.0516776 2.74131e-08
0.0517675 2.74567e-08
0.0518574 2.74954e-08
0.0519473 2.75322e-08
0.0520371 2.75659e-08
0.052127 2.76008e-08
0.0522169 2.76411e-08
0.0523068 2.76868e-08
0.0523966 2.77408e-08
0.0524865 2.77998e-08
0.0525764 2.78654e-08
0.0526663 2.7938e-08
0.0527561 2.80166e-08
0.052846 2.81018e-08
0.0529359 2.81953e-08
0.0530258 2.82962e-08
0.0531156 2.84039e-08
0.0532055 2.85202e-08
0.0532954 2.865e-08
0.0533853 2.87898e-08
0.0534751 2.89318e-08
0.053565 2.90771e-08
0.0536549 2.92282e-08
0.0537447 2.93854e-08
0.0538346 2.95443e-08
0.0539245 2.97014e-08
0.0540144 2.98491e-08
0.0541042 2.99877e-08
0.0541941 3.01172e-08
0.054284 3.02402e-08
0.0543739 3.03568e-08
0.0544637 3.04592e-08
0.0545536 3.05465e-08
0.0546435 3.06157e-08
0.0547334 3.0671e-08
0.0548232 3.07219e-08
0.0549131 3.07653e-08
0.055003 3.08018e-08
0.0550929 3.08351e-08
0.0551827 3.08621e-08
0.0552726 3.08862e-08
0.0553625 3.09091e-08
0.0554524 3.09334e-08
0.0555422 3.09571e-08
0.0556321 3.09763e-08
0.055722 3.10013e-08
0.0558119 3.10319e-08
0.0559017 3.10702e-08
0.0559916 3.11166e-08
0.0560815 3.11745e-08
0.0561713 3.12489e-08
0.0562612 3.13361e-08
0.0563511 3.14372e-08
0.056441 3.15535e-08
0.0565308 3.16791e-08
0.0566207 3.18151e-08
0.0567106 3.19618e-08
0.0568005 3.21201e-08
0.0568903 3.22941e-08
0.0569802 3.24733e-08
0.0570701 3.26566e-08
0.05716 3.28423e-08
0.0572498 3.30276e-08
0.0573397 3.32109e-08
0.0574296 3.33912e-08
0.0575195 3.35651e-08
0.0576093 3.37264e-08
0.0576992 3.38755e-08
0.0577891 3.40164e-08
0.057879 3.41436e-08
0.0579688 3.42568e-08
0.0580587 3.43522e-08
0.0581486 3.44255e-08
0.0582385 3.4481e-08
0.0583283 3.45234e-08
0.0584182 3.4551e-08
0.0585081 3.45707e-08
0.058598 3.4578e-08
0.0586878 3.45853e-08
0.0587777 3.45911e-08
0.0588676 3.45981e-08
0.0589574 3.46083e-08
0.0590473 3.46215e-08
0.0591372 3.46362e-08
0.0592271 3.46608e-08
0.0593169 3.46963e-08
0.0594068 3.47456e-08
0.0594967 3.47999e-08
0.0595866 3.48661e-08
0.0596764 3.49423e-08
0.0597663 3.50299e-08
0.0598562 3.5134e-08
0.0599461 3.52555e-08
0.0600359 3.53907e-08
0.0601258 3.55422e-08
0.0602157 3.57084e-08
0.0603056 3.58926e-08
0.0603954 3.60928e-08
0.0604853 3.63089e-08
0.0605752 3.65342e-08
0.0606651 3.67628e-08
0.0607549 3.69883e-08
0.0608448 3.72097e-08
0.0609347 3.74248e-08
0.0610246 3.76267e-08
0.0611144 3.78116e-08
0.0612043 3.79807e-08
0.0612942 3.81299e-08
0.0613841 3.82607e-08
0.0614739 3.83739e-08
0.0615638 3.84713e-08
0.0616537 3.85511e-08
0.0617435 3.86159e-08
0.0618334 3.86699e-08
0.0619233 3.87115e-08
0.0620132 3.87417e-08
0.062103 3.87602e-08
0.0621929 3.87722e-08
0.0622828 3.8775e-08
0.0623727 3.87707e-08
0.0624625 3.87606e-08
0.0625524 3.87519e-08
0.0626423 3.8744e-08
0.0627322 3.87386e-08
0.062822 3.87389e-08
0.0629119 3.87463e-08
0.0630018 3.87644e-08
0.0630917 3.88022e-08
0.0631815 3.88595e-08
0.0632714 3.89349e-08
0.0633613 3.90295e-08
0.0634512 3.91477e-08
0.063541 3.9289e-08
0.0636309 3.94509e-08
0.0637208 3.96335e-08
0.0638107 3.98339e-08
0.0639005 4.00498e-08
0.0639904 4.02818e-08
0.0640803 4.05201e-08
0.0641701 4.07683e-08
0.06426 4.10179e-08
0.0643499 4.12674e-08
0.0644398 4.15127e-08
0.0645296 4.17484e-08
0.0646195 4.19777e-08
0.0647094 4.21989e-08
0.0647993 4.24086e-08
0.0648891 4.26018e-08
0.064979 4.27766e-08
0.0650689 4.29362e-08
0.0651588 4.30812e-08
0.0652486 4.32082e-08
0.0653385 4.33124e-08
0.0654284 4.33908e-08
0.0655183 4.34504e-08
0.0656081 4.34908e-08
0.065698 4.35187e-08
0.0657879 4.35366e-08
0.0658778 4.35422e-08
0.0659676 4.35385e-08
0.0660575 4.35313e-08
0.0661474 4.35181e-08
0.0662373 4.35038e-08
0.0663271 4.34979e-08
0.066417 4.35007e-08
0.0665069 4.35078e-08
0.0665968 4.35201e-08
0.0666866 4.35452e-08
0.0667765 4.35826e-08
0.0668664 4.36345e-08
0.0669562 4.37016e-08
0.0670461 4.37863e-08
0.067136 4.38902e-08
0.0672259 4.40153e-08
0.0673157 4.41674e-08
0.0674056 4.43416e-08
0.0674955 4.45317e-08
0.0675854 4.47453e-08
0.0676752 4.4983e-08
0.0677651 4.52338e-08
0.067855 4.54998e-08
0.0679449 4.57728e-08
0.0680347 4.60454e-08
0.0681246 4.63182e-08
0.0682145 4.65872e-08
0.0683044 4.6854e-08
0.0683942 4.71119e-08
0.0684841 4.73607e-08
0.068574 4.75917e-08
0.0686639 4.78013e-08
0.0687537 4.7993e-08
0.0688436 4.81684e-08
0.0689335 4.83264e-08
0.0690234 4.84646e-08
0.0691132 4.85778e-08
0.0692031 4.86713e-08
0.069293 4.87474e-08
0.0693829 4.88083e-08
0.0694727 4.88556e-08
0.0695626 4.88857e-08
0.0696525 4.89021e-08
0.0697423 4.89118e-08
0.0698322 4.89171e-08
0.0699221 4.89159e-08
0.070012 4.89144e-08
0.0701018 4.89157e-08
0.0701917 4.89177e-08
0.0702816 4.89291e-08
0.0703715 4.89531e-08
0.0704613 4.89829e-08
0.0705512 4.90214e-08
0.0706411 4.907e-08
0.070731 4.9131e-08
0.0708208 4.92071e-08
0.0709107 4.93014e-08
0.0710006 4.94178e-08
0.0710905 4.9556e-08
0.0711803 4.97176e-08
0.0712702 4.99027e-08
0.0713601 5.01076e-08
0.07145 5.03343e-08
0.0715398 5.05774e-08
0.0716297 5.08346e-08
0.0717196 5.11046e-08
0.0718095 5.13853e-08
0.0718993 5.16725e-08
0.0719892 5.19574e-08
0.0720791 5.22361e-08
0.0721689 5.25184e-08
0.0722588 5.27931e-08
0.0723487 5.30559e-08
0.0724386 5.33084e-08
0.0725284 5.35417e-08
0.0726183 5.37504e-08
0.0727082 5.39419e-08
0.0727981 5.41214e-08
0.0728879 5.42823e-08
0.0729778 5.44221e-08
0.0730677 5.45447e-08
0.0731576 5.46489e-08
0.0732474 5.47316e-08
0.0733373 5.48019e-08
0.0734272 5.48583e-08
0.0735171 5.48992e-08
0.0736069 5.49316e-08
0.0736968 5.49533e-08
0.0737867 5.49756e-08
0.0738766 5.49996e-08
0.0739664 5.50256e-08
0.0740563 5.50544e-08
0.0741462 5.50895e-08
0.0742361 5.51321e-08
0.0743259 5.51877e-08
0.0744158 5.52508e-08
0.0745057 5.53193e-08
0.0745956 5.53971e-08
0.0746854 5.54858e-08
0.0747753 5.55861e-08
0.0748652 5.57074e-08
0.074955 5.58539e-08
0.0750449 5.60124e-08
0.0751348 5.61827e-08
0.0752247 5.63663e-08
0.0753145 5.65685e-08
0.0754044 5.67905e-08
0.0754943 5.70261e-08
0.0755842 5.72801e-08
0.075674 5.75437e-08
0.0757639 5.78182e-08
0.0758538 5.81025e-08
0.0759437 5.83985e-08
0.0760335 5.86943e-08
0.0761234 5.89802e-08
0.0762133 5.92548e-08
0.0763032 5.95219e-08
0.076393 5.97732e-08
0.0764829 6.00129e-08
0.0765728 6.0241e-08
0.0766627 6.04525e-08
0.0767525 6.06491e-08
0.0768424 6.08293e-08
0.0769323 6.09955e-08
0.0770222 6.11515e-08
0.077112 6.12877e-08
0.0772019 6.14021e-08
0.0772918 6.15008e-08
0.0773817 6.15914e-08
0.0774715 6.16789e-08
0.0775614 6.17612e-08
0.0776513 6.1828e-08
0.0777411 6.18875e-08
0.077831 6.19403e-08
0.0779209 6.1989e-08
0.0780108 6.20389e-08
0.0781006 6.20911e-08
0.0781905 6.21414e-08
0.0782804 6.21899e-08
0.0783703 6.22468e-08
0.0784601 6.23186e-08
0.07855 6.24011e-08
0.0786399 6.25036e-08
0.0787298 6.26217e-08
0.0788196 6.27582e-08
0.0789095 6.29102e-08
0.0789994 6.3076e-08
0.0790893 6.3258e-08
0.0791791 6.34566e-08
0.079269 6.36608e-08
0.0793589 6.38817e-08
0.0794488 6.41214e-08
0.0795386 6.438e-08
0.0796285 6.46463e-08
0.0797184 6.49204e-08
0.0798083 6.51988e-08
0.0798981 6.54908e-08
0.079988 6.57868e-08
0.0800779 6.60799e-08
0.0801677 6.63702e-08
0.0802576 6.66528e-08
0.0803475 6.69219e-08
0.0804374 6.71916e-08
0.0805272 6.74598e-08
0.0806171 6.77142e-08
0.080707 6.79442e-08
0.0807969 6.81585e-08
0.0808867 6.83564e-08
0.0809766 6.85375e-08
0.0810665 6.86983e-08
0.0811564 6.88485e-08
0.0812462 6.89893e-08
0.0813361 6.91169e-08
0.081426 6.9229e-08
0.0815159 6.93386e-08
0.0816057 6.94411e-08
0.0816956 6.95292e-08
0.0817855 6.96073e-08
0.0818754 6.968e-08
0.0819652 6.97427e-08
0.0820551 6.98108e-08
0.082145 6.98882e-08
0.0822349 6.99626e-08
0.0823247 7.0042e-08
0.0824146 7.01295e-08
0.0825045 7.02311e-08
0.0825944 7.03437e-08
0.0826842 7.04706e-08
0.0827741 7.061e-08
0.082864 7.07602e-08
0.0829538 7.09277e-08
0.0830437 7.11128e-08
0.0831336 7.13203e-08
0.0832235 7.15399e-08
0.0833133 7.17792e-08
0.0834032 7.20345e-08
0.0834931 7.22941e-08
0.083583 7.25583e-08
0.0836728 7.2847e-08
0.0837627 7.3157e-08
0.0838526 7.34652e-08
0.0839425 7.37723e-08
0.0840323 7.40913e-08
0.0841222 7.4421e-08
0.0842121 7.47477e-08
0.084302 7.5074e-08
0.0843918 7.53888e-08
0.0844817 7.56973e-08
0.0845716 7.59962e-08
0.0846615 7.62917e-08
0.0847513 7.6575e-08
0.0848412 7.68394e-08
0.0849311 7.70827e-08
0.085021 7.73087e-08
0.0851108 7.7526e-08
0.0852007 7.7729e-08
0.0852906 7.79171e-08
0.0853805 7.80887e-08
0.0854703 7.82352e-08
0.0855602 7.83602e-08
0.0856501 7.84719e-08
0.0857399 7.85834e-08
0.0858298 7.86865e-08
0.0859197 7.87809e-08
0.0860096 7.88588e-08
0.0860994 7.89366e-08
0.0861893 7.90162e-08
0.0862792 7.90939e-08
0.0863691 7.91682e-08
0.0864589 7.9248e-08
0.0865488 7.93256e-08
0.0866387 7.94114e-08
0.0867286 7.95032e-08
0.0868184 7.96016e-08
0.0869083 7.97109e-08
0.0869982 7.98406e-08
0.0870881 7.99853e-08
0.0871779 8.01473e-08
0.0872678 8.033e-08
0.0873577 8.05296e-08
0.0874476 8.07353e-08
0.0875374 8.09607e-08
0.0876273 8.1211e-08
0.0877172 8.14829e-08
0.0878071 8.17696e-08
0.0878969 8.20784e-08
0.0879868 8.23942e-08
0.0880767 8.27219e-08
0.0881665 8.30691e-08
0.0882564 8.3437e-08
0.0883463 8.38145e-08
0.0884362 8.41954e-08
0.088526 8.4586e-08
0.0886159 8.49873e-08
0.0887058 8.53913e-08
0.0887957 8.57986e-08
0.0888855 8.6206e-08
0.0889754 8.66047e-08
0.0890653 8.69837e-08
0.0891552 8.73453e-08
0.089245 8.76834e-08
0.0893349 8.79899e-08
0.0894248 8.82584e-08
0.0895147 8.84991e-08
0.0896045 8.8711e-08
0.0896944 8.8909e-08
0.0897843 8.90926e-08
0.0898742 8.9256e-08
0.089964 8.93997e-08
0.0900539 8.95298e-08
0.0901438 8.96566e-08
0.0902337 8.97841e-08
0.0903235 8.99044e-08
0.0904134 9.00139e-08
0.0905033 9.01168e-08
0.0905932 9.02123e-08
0.090683 9.03062e-08
0.0907729 9.04102e-08
0.0908628 9.0516e-08
0.0909526 9.06136e-08
0.0910425 9.07012e-08
0.0911324 9.07939e-08
0.0912223 9.08871e-08
0.0913121 9.09847e-08
0.091402 9.1091e-08
0.0914919 9.12147e-08
0.0915818 9.13404e-08
0.0916716 9.14857e-08
0.0917615 9.16592e-08
0.0918514 9.1849e-08
0.0919413 9.20535e-08
0.0920311 9.22812e-08
0.092121 9.25304e-08
0.0922109 9.28025e-08
0.0923008 9.30931e-08
0.0923906 9.34098e-08
0.0924805 9.37512e-08
0.0925704 9.41164e-08
0.0926603 9.45118e-08
0.0927501 9.49264e-08
0.09284 9.53568e-08
0.0929299 9.58082e-08
0.0930198 9.62705e-08
0.0931096 9.67408e-08
0.0931995 9.72046e-08
0.0932894 9.76572e-08
0.0933793 9.81068e-08
0.0934691 9.85516e-08
0.093559 9.89923e-08
0.0936489 9.94127e-08
0.0937387 9.98104e-08
0.0938286 1.00207e-07
0.0939185 1.00601e-07
0.0940084 1.00978e-07
0.0940982 1.01337e-07
0.0941881 1.01669e-07
0.094278 1.01968e-07
0.0943679 1.02239e-07
0.0944577 1.02499e-07
0.0945476 1.02745e-07
0.0946375 1.02961e-07
0.0947274 1.03149e-07
0.0948172 1.03317e-07
0.0949071 1.03457e-07
0.094997 1.03578e-07
0.0950869 1.03694e-07
0.0951767 1.038e-07
0.0952666 1.03891e-07
0.0953565 1.0397e-07
0.0954464 1.04055e-07
0.0955362 1.04156e-07
0.0956261 1.04262e-07
0.095716 1.04382e-07
0.0958059 1.04518e-07
0.0958957 1.04671e-07
0.0959856 1.04828e-07
0.0960755 1.04981e-07
0.0961653 1.05144e-07
0.0962552 1.05317e-07
0.0963451 1.05479e-07
0.096435 1.05643e-07
0.0965248 1.05811e-07
0.0966147 1.05989e-07
0.0967046 1.06186e-07
0.0967945 1.064e-07
0.0968843 1.06632e-07
0.0969742 1.0689e-07
0.0970641 1.07177e-07
0.097154 1.07494e-07
0.0972438 1.07846e-07
0.0973337 1.08245e-07
0.0974236 1.08673e-07
0.0975135 1.09139e-07
0.0976033 1.09642e-07
0.0976932 1.10184e-07
0.0977831 1.10734e-07
0.097873 1.11287e-07
0.0979628 1.11839e-07
0.0980527 1.12367e-07
0.0981426 1.12868e-07
0.0982325 1.1337e-07
0.0983223 1.13876e-07
0.0984122 1.14368e-07
0.0985021 1.14827e-07
0.098592 1.15287e-07
0.0986818 1.15746e-07
0.0987717 1.16186e-07
0.0988616 1.16615e-07
0.0989514 1.17028e-07
0.0990413 1.17398e-07
0.0991312 1.17738e-07
0.0992211 1.18061e-07
0.0993109 1.18362e-07
0.0994008 1.18643e-07
0.0994907 1.18903e-07
0.0995806 1.19136e-07
0.0996704 1.1933e-07
0.0997603 1.19504e-07
0.0998502 1.19668e-07
0.0999401 1.19817e-07
0.10003 1.19942e-07
0.10012 1.20067e-07
0.10021 1.20183e-07
0.1003 1.20285e-07
0.100389 1.20381e-07
0.100479 1.20471e-07
0.100569 1.20562e-07
0.100659 1.20659e-07
0.100749 1.20758e-07
0.100839 1.20881e-07
0.100929 1.21035e-07
0.101019 1.21201e-07
0.101108 1.21385e-07
0.101198 1.21592e-07
0.101288 1.21826e-07
0.101378 1.22093e-07
0.101468 1.22382e-07
0.101558 1.22699e-07
0.101648 1.23038e-07
0.101738 1.23389e-07
0.101827 1.23746e-07
0.101917 1.2412e-07
0.102007 1.24514e-07
0.102097 1.24916e-07
0.102187 1.25331e-07
0.102277 1.25781e-07
0.102367 1.26241e-07
0.102457 1.26723e-07
0.102546 1.27273e-07
0.102636 1.27877e-07
0.102726 1.28494e-07
0.102816 1.29133e-07
0.102906 1.29788e-07
0.102996 1.30447e-07
0.103086 1.31113e-07
0.103176 1.31771e-07
0.103265 1.32422e-07
0.103355 1.33047e-07
0.103445 1.33643e-07
0.103535 1.34241e-07
0.103625 1.34809e-07
0.103715 1.35326e-07
0.103805 1.35801e-07
0.103895 1.36256e-07
0.103984 1.36671e-07
0.104074 1.37058e-07
0.104164 1.37437e-07
0.104254 1.3779e-07
0.104344 1.38113e-07
0.104434 1.38431e-07
0.104524 1.38743e-07
0.104614 1.39036e-07
0.104703 1.39296e-07
0.104793 1.39531e-07
0.104883 1.39733e-07
0.104973 1.39909e-07
0.105063 1.4008e-07
0.105153 1.40242e-07
0.105243 1.40386e-07
0.105333 1.40513e-07
0.105422 1.40623e-07
0.105512 1.40728e-07
0.105602 1.40836e-07
0.105692 1.40945e-07
0.105782 1.41037e-07
0.105872 1.41125e-07
0.105962 1.41235e-07
0.106052 1.41349e-07
0.106141 1.41468e-07
0.106231 1.41603e-07
0.106321 1.4178e-07
0.106411 1.41977e-07
0.106501 1.42174e-07
0.106591 1.42399e-07
0.106681 1.42644e-07
0.106771 1.42905e-07
0.10686 1.43192e-07
0.10695 1.43515e-07
0.10704 1.43859e-07
0.10713 1.44214e-07
0.10722 1.44607e-07
0.10731 1.45044e-07
0.1074 1.45513e-07
0.107489 1.46049e-07
0.107579 1.46661e-07
0.107669 1.47327e-07
0.107759 1.48038e-07
0.107849 1.48808e-07
0.107939 1.49636e-07
0.108029 1.50498e-07
0.108119 1.51376e-07
0.108208 1.52264e-07
0.108298 1.53169e-07
0.108388 1.54065e-07
0.108478 1.5494e-07
0.108568 1.5579e-07
0.108658 1.56601e-07
0.108748 1.57383e-07
0.108838 1.58141e-07
0.108927 1.58841e-07
0.109017 1.59478e-07
0.109107 1.60072e-07
0.109197 1.6065e-07
0.109287 1.61214e-07
0.109377 1.61767e-07
0.109467 1.62306e-07
0.109557 1.6281e-07
0.109646 1.6326e-07
0.109736 1.63657e-07
0.109826 1.64013e-07
0.109916 1.64345e-07
0.110006 1.64629e-07
0.110096 1.64876e-07
0.110186 1.65097e-07
0.110276 1.65304e-07
0.110365 1.6551e-07
0.110455 1.657e-07
0.110545 1.6587e-07
0.110635 1.66043e-07
0.110725 1.66207e-07
0.110815 1.66358e-07
0.110905 1.66497e-07
0.110995 1.66634e-07
0.111084 1.66762e-07
0.111174 1.6688e-07
0.111264 1.67001e-07
0.111354 1.67115e-07
0.111444 1.67216e-07
0.111534 1.67315e-07
0.111624 1.6741e-07
0.111714 1.67507e-07
0.111803 1.67616e-07
0.111893 1.67762e-07
0.111983 1.67917e-07
0.112073 1.68073e-07
0.112163 1.68251e-07
0.112253 1.68467e-07
0.112343 1.68719e-07
0.112433 1.69008e-07
0.112522 1.6936e-07
0.112612 1.69776e-07
0.112702 1.70241e-07
0.112792 1.70765e-07
0.112882 1.71339e-07
0.112972 1.7197e-07
0.113062 1.72663e-07
0.113152 1.73402e-07
0.113241 1.74181e-07
0.113331 1.75029e-07
0.113421 1.75955e-07
0.113511 1.76934e-07
0.113601 1.77952e-07
0.113691 1.79019e-07
0.113781 1.80112e-07
0.113871 1.81182e-07
0.11396 1.82237e-07
0.11405 1.83283e-07
0.11414 1.84308e-07
0.11423 1.85332e-07
0.11432 1.86366e-07
0.11441 1.87376e-07
0.1145 1.88324e-07
0.11459 1.89247e-07
0.114679 1.90143e-07
0.114769 1.90965e-07
0.114859 1.91707e-07
0.114949 1.92392e-07
0.115039 1.93028e-07
0.115129 1.93611e-07
0.115219 1.94128e-07
0.115309 1.94596e-07
0.115398 1.95038e-07
0.115488 1.95444e-07
0.115578 1.95796e-07
0.115668 1.96115e-07
0.115758 1.96407e-07
0.115848 1.96652e-07
0.115938 1.96865e-07
0.116028 1.97046e-07
0.116117 1.97208e-07
0.116207 1.97359e-07
0.116297 1.97501e-07
0.116387 1.97629e-07
0.116477 1.97728e-07
0.116567 1.97817e-07
0.116657 1.97908e-07
0.116747 1.97997e-07
0.116836 1.98097e-07
0.116926 1.982e-07
0.117016 1.98302e-07
0.117106 1.98395e-07
0.117196 1.98494e-07
0.117286 1.98611e-07
0.117376 1.98739e-07
0.117466 1.98853e-07
0.117555 1.98973e-07
0.117645 1.99132e-07
0.117735 1.9931e-07
0.117825 1.99495e-07
0.117915 1.99729e-07
0.118005 2.00003e-07
0.118095 2.00287e-07
0.118185 2.00597e-07
0.118274 2.0098e-07
0.118364 2.01443e-07
0.118454 2.01986e-07
0.118544 2.0261e-07
0.118634 2.0334e-07
0.118724 2.04131e-07
0.118814 2.04976e-07
0.118904 2.0587e-07
0.118993 2.06844e-07
0.119083 2.07877e-07
0.119173 2.08961e-07
0.119263 2.10138e-07
0.119353 2.11437e-07
0.119443 2.12841e-07
0.119533 2.1434e-07
0.119623 2.15958e-07
0.119712 2.17653e-07
0.119802 2.19387e-07
0.119892 2.21109e-07
0.119982 2.22766e-07
0.120072 2.24311e-07
0.120162 2.25762e-07
0.120252 2.27049e-07
0.120341 2.28212e-07
0.120431 2.29264e-07
0.120521 2.3015e-07
0.120611 2.30908e-07
0.120701 2.31577e-07
0.120791 2.32155e-07
0.120881 2.32662e-07
0.120971 2.33125e-07
0.12106 2.33553e-07
0.12115 2.33942e-07
0.12124 2.34332e-07
0.12133 2.34683e-07
0.12142 2.34997e-07
0.12151 2.35293e-07
0.1216 2.35588e-07
0.12169 2.35872e-07
0.121779 2.36132e-07
0.121869 2.36364e-07
0.121959 2.36573e-07
0.122049 2.36748e-07
0.122139 2.36895e-07
0.122229 2.37027e-07
0.122319 2.37128e-07
0.122409 2.37184e-07
0.122498 2.3721e-07
0.122588 2.37244e-07
0.122678 2.373e-07
0.122768 2.37325e-07
0.122858 2.37316e-07
0.122948 2.37296e-07
0.123038 2.3727e-07
0.123128 2.37237e-07
0.123217 2.37213e-07
0.123307 2.37232e-07
0.123397 2.37287e-07
0.123487 2.37381e-07
0.123577 2.3751e-07
0.123667 2.37677e-07
0.123757 2.37863e-07
0.123847 2.38089e-07
0.123936 2.38351e-07
0.124026 2.38628e-07
0.124116 2.38934e-07
0.124206 2.39257e-07
0.124296 2.39588e-07
0.124386 2.3994e-07
0.124476 2.4031e-07
0.124566 2.40758e-07
0.124655 2.41246e-07
0.124745 2.41776e-07
0.124835 2.42406e-07
0.124925 2.43214e-07
0.125015 2.44219e-07
0.125105 2.45393e-07
0.125195 2.46756e-07
0.125285 2.48399e-07
0.125374 2.50421e-07
0.125464 2.52787e-07
0.125554 2.55523e-07
0.125644 2.58583e-07
0.125734 2.61824e-07
0.125824 2.64957e-07
0.125914 2.67936e-07
0.126004 2.70607e-07
0.126093 2.72873e-07
0.126183 2.74749e-07
0.126273 2.76365e-07
0.126363 2.77708e-07
0.126453 2.78846e-07
0.126543 2.7982e-07
0.126633 2.80635e-07
0.126723 2.81264e-07
0.126812 2.8176e-07
0.126902 2.82189e-07
0.126992 2.82553e-07
0.127082 2.82839e-07
0.127172 2.83054e-07
0.127262 2.8319e-07
0.127352 2.8333e-07
0.127442 2.83491e-07
0.127531 2.83666e-07
0.127621 2.83838e-07
0.127711 2.84044e-07
0.127801 2.84246e-07
0.127891 2.84423e-07
0.127981 2.84589e-07
0.128071 2.84776e-07
0.128161 2.8494e-07
0.12825 2.85055e-07
0.12834 2.85174e-07
0.12843 2.85302e-07
0.12852 2.85404e-07
0.12861 2.85483e-07
0.1287 2.85547e-07
0.12879 2.85618e-07
0.12888 2.85667e-07
0.128969 2.85694e-07
0.129059 2.857e-07
0.129149 2.85679e-07
0.129239 2.85652e-07
0.129329 2.85655e-07
0.129419 2.85654e-07
0.129509 2.85631e-07
0.129599 2.85607e-07
0.129688 2.85615e-07
0.129778 2.85646e-07
0.129868 2.85697e-07
0.129958 2.85788e-07
0.130048 2.85932e-07
0.130138 2.86061e-07
0.130228 2.8617e-07
0.130318 2.86318e-07
0.130407 2.86509e-07
0.130497 2.86672e-07
0.130587 2.86849e-07
0.130677 2.87084e-07
0.130767 2.87412e-07
0.130857 2.87796e-07
0.130947 2.88308e-07
0.131037 2.88974e-07
0.131126 2.89767e-07
0.131216 2.90716e-07
0.131306 2.91991e-07
0.131396 2.93643e-07
0.131486 2.95917e-07
0.131576 2.99208e-07
0.131666 3.0418e-07
0.131756 3.11602e-07
0.131845 3.20286e-07
0.131935 3.27456e-07
0.132025 3.32047e-07
0.132115 3.3494e-07
0.132205 3.36758e-07
0.132295 3.37857e-07
0.132385 3.38612e-07
0.132475 3.39249e-07
0.132564 3.39698e-07
0.132654 3.39967e-07
0.132744 3.40157e-07
0.132834 3.40341e-07
0.132924 3.40477e-07
0.133014 3.40589e-07
0.133104 3.40712e-07
0.133194 3.40818e-07
0.133283 3.40866e-07
0.133373 3.40921e-07
0.133463 3.41025e-07
0.133553 3.41154e-07
0.133643 3.41274e-07
0.133733 3.41411e-07
0.133823 3.41551e-07
0.133912 3.41687e-07
0.134002 3.41835e-07
0.134092 3.41975e-07
0.134182 3.42093e-07
0.134272 3.42159e-07
0.134362 3.42189e-07
0.134452 3.42214e-07
0.134542 3.42213e-07
0.134631 3.42195e-07
0.134721 3.42178e-07
0.134811 3.42189e-07
