-0.134811 4.03912e-07
-0.134721 4.03566e-07
-0.134631 4.03219e-07
-0.134542 4.02873e-07
-0.134452 4.02526e-07
-0.134362 4.0218e-07
-0.134272 4.01834e-07
-0.134182 4.01487e-07
-0.134092 4.01141e-07
-0.134002 4.00794e-07
-0.133912 4.00448e-07
-0.133823 4.00102e-07
-0.133733 3.99755e-07
-0.133643 3.99409e-07
-0.133553 3.99063e-07
-0.133463 3.98716e-07
-0.133373 3.9837e-07
-0.133283 3.98023e-07
-0.133194 3.97677e-07
-0.133104 3.97331e-07
-0.133014 3.96984e-07
-0.132924 3.96638e-07
-0.132834 3.96292e-07
-0.132744 3.95945e-07
-0.132654 3.95599e-07
-0.132564 3.95252e-07
-0.132475 3.94906e-07
-0.132385 3.9456e-07
-0.132295 3.94213e-07
-0.132205 3.93867e-07
-0.132115 3.9352e-07
-0.132025 3.93174e-07
-0.131935 3.92828e-07
-0.131845 3.92481e-07
-0.131756 3.92135e-07
-0.131666 3.91789e-07
-0.131576 3.91442e-07
-0.131486 3.91096e-07
-0.131396 3.90749e-07
-0.131306 3.90403e-07
-0.131216 3.90057e-07
-0.131126 3.8971e-07
-0.131037 3.89364e-07
-0.130947 3.89017e-07
-0.130857 3.88671e-07
-0.130767 3.88325e-07
-0.130677 3.87978e-07
-0.130587 3.87632e-07
-0.130497 3.87286e-07
-0.130407 3.86939e-07
-0.130318 3.86593e-07
-0.130228 3.86246e-07
-0.130138 3.859e-07
-0.130048 3.85554e-07
-0.129958 3.85207e-07
-0.129868 3.84861e-07
-0.129778 3.84515e-07
-0.129688 3.84168e-07
-0.129599 3.83822e-07
-0.129509 3.83475e-07
-0.129419 3.83129e-07
-0.129329 3.82783e-07
-0.129239 3.82436e-07
-0.129149 3.8209e-07
-0.129059 3.81743e-07
-0.128969 3.81397e-07
-0.12888 3.81051e-07
-0.12879 3.80704e-07
-0.1287 3.80358e-07
-0.12861 3.80012e-07
-0.12852 3.79665e-07
-0.12843 3.79319e-07
-0.12834 3.78972e-07
-0.12825 3.78626e-07
-0.128161 3.7828e-07
-0.128071 3.77933e-07
-0.127981 3.77587e-07
-0.127891 3.7724e-07
-0.127801 3.76894e-07
-0.127711 3.76548e-07
-0.127621 3.76201e-07
-0.127531 3.75855e-07
-0.127442 3.75509e-07
-0.127352 3.75162e-07
-0.127262 3.74816e-07
-0.127172 3.74469e-07
-0.127082 3.74123e-07
-0.126992 3.73777e-07
-0.126902 3.7343e-07
-0.126812 3.73084e-07
-0.126723 3.72738e-07
-0.126633 3.72391e-07
-0.126543 3.72045e-07
-0.126453 3.71698e-07
-0.126363 3.71352e-07
-0.126273 3.71006e-07
-0.126183 3.70659e-07
-0.126093 3.70313e-07
-0.126004 3.69966e-07
-0.125914 3.6962e-07
-0.125824 3.69274e-07
-0.125734 3.68927e-07
-0.125644 3.68581e-07
-0.125554 3.68235e-07
-0.125464 3.67888e-07
-0.125374 3.67542e-07
-0.125285 3.67195e-07
-0.125195 3.66849e-07
-0.125105 3.66503e-07
-0.125015 3.66156e-07
-0.124925 3.6581e-07
-0.124835 3.65464e-07
-0.124745 3.65117e-07
-0.124655 3.64771e-07
-0.124566 3.64424e-07
-0.124476 3.64078e-07
-0.124386 3.63732e-07
-0.124296 3.63385e-07
-0.124206 3.63039e-07
-0.124116 3.62692e-07
-0.124026 3.62346e-07
-0.123936 3.62e-07
-0.123847 3.61653e-07
-0.123757 3.61307e-07
-0.123667 3.60961e-07
-0.123577 3.60614e-07
-0.123487 3.60268e-07
-0.123397 3.59921e-07
-0.123307 3.59575e-07
-0.123217 3.59229e-07
-0.123128 3.58882e-07
-0.123038 3.58536e-07
-0.122948 3.58189e-07
-0.122858 3.57843e-07
-0.122768 3.57497e-07
-0.122678 3.5715e-07
-0.122588 3.56804e-07
-0.122498 3.56458e-07
-0.122409 3.56111e-07
-0.122319 3.55765e-07
-0.122229 3.55418e-07
-0.122139 3.55072e-07
-0.122049 3.54726e-07
-0.121959 3.54379e-07
-0.121869 3.54033e-07
-0.121779 3.53687e-07
-0.12169 3.5334e-07
-0.1216 3.52994e-07
-0.12151 3.52647e-07
-0.12142 3.52301e-07
-0.12133 3.51955e-07
-0.12124 3.51608e-07
-0.12115 3.51262e-07
-0.12106 3.50915e-07
-0.120971 3.50569e-07
-0.120881 3.50223e-07
-0.120791 3.49876e-07
-0.120701 3.4953e-07
-0.120611 3.49184e-07
-0.120521 3.48837e-07
-0.120431 3.48491e-07
-0.120341 3.48144e-07
-0.120252 3.47798e-07
-0.120162 3.47452e-07
-0.120072 3.47105e-07
-0.119982 3.46759e-07
-0.119892 3.46412e-07
-0.119802 3.46066e-07
-0.119712 3.4572e-07
-0.119623 3.45373e-07
-0.119533 3.45027e-07
-0.119443 3.44681e-07
-0.119353 3.44334e-07
-0.119263 3.43988e-07
-0.119173 3.43641e-07
-0.119083 3.43295e-07
-0.118993 3.42949e-07
-0.118904 3.42602e-07
-0.118814 3.42256e-07
-0.118724 3.4191e-07
-0.118634 3.41563e-07
-0.118544 3.41217e-07
-0.118454 3.4087e-07
-0.118364 3.40524e-07
-0.118274 3.40178e-07
-0.118185 3.39831e-07
-0.118095 3.39485e-07
-0.118005 3.39138e-07
-0.117915 3.38792e-07
-0.117825 3.38446e-07
-0.117735 3.38099e-07
-0.117645 3.37753e-07
-0.117555 3.37407e-07
-0.117466 3.3706e-07
-0.117376 3.36714e-07
-0.117286 3.36367e-07
-0.117196 3.36021e-07
-0.117106 3.35675e-07
-0.117016 3.35328e-07
-0.116926 3.34982e-07
-0.116836 3.34635e-07
-0.116747 3.34289e-07
-0.116657 3.33943e-07
-0.116567 3.33596e-07
-0.116477 3.3325e-07
-0.116387 3.32904e-07
-0.116297 3.32557e-07
-0.116207 3.32211e-07
-0.116117 3.31864e-07
-0.116028 3.31518e-07
-0.115938 3.31172e-07
-0.115848 3.30825e-07
-0.115758 3.30479e-07
-0.115668 3.30133e-07
-0.115578 3.29786e-07
-0.115488 3.2944e-07
-0.115398 3.29093e-07
-0.115309 3.28747e-07
-0.115219 3.28401e-07
-0.115129 3.28054e-07
-0.115039 3.27708e-07
-0.114949 3.27361e-07
-0.114859 3.27015e-07
-0.114769 3.26669e-07
-0.114679 3.26322e-07
-0.11459 3.25976e-07
-0.1145 3.2563e-07
-0.11441 3.25283e-07
-0.11432 3.24937e-07
-0.11423 3.2459e-07
-0.11414 3.24244e-07
-0.11405 3.23898e-07
-0.11396 3.23551e-07
-0.113871 3.23205e-07
-0.113781 3.22858e-07
-0.113691 3.22512e-07
-0.113601 3.22166e-07
-0.113511 3.21819e-07
-0.113421 3.21473e-07
-0.113331 3.21127e-07
-0.113241 3.2078e-07
-0.113152 3.20434e-07
-0.113062 3.20087e-07
-0.112972 3.19741e-07
-0.112882 3.19395e-07
-0.112792 3.19048e-07
-0.112702 3.18702e-07
-0.112612 3.18356e-07
-0.112522 3.18009e-07
-0.112433 3.17663e-07
-0.112343 3.17316e-07
-0.112253 3.1697e-07
-0.112163 3.16624e-07
-0.112073 3.16277e-07
-0.111983 3.15931e-07
-0.111893 3.15584e-07
-0.111803 3.15238e-07
-0.111714 3.14892e-07
-0.111624 3.14545e-07
-0.111534 3.14199e-07
-0.111444 3.13853e-07
-0.111354 3.13506e-07
-0.111264 3.1316e-07
-0.111174 3.12813e-07
-0.111084 3.12467e-07
-0.110995 3.12121e-07
-0.110905 3.11774e-07
-0.110815 3.11428e-07
-0.110725 3.11081e-07
-0.110635 3.10735e-07
-0.110545 3.10389e-07
-0.110455 3.10042e-07
-0.110365 3.09696e-07
-0.110276 3.0935e-07
-0.110186 3.09003e-07
-0.110096 3.08657e-07
-0.110006 3.0831e-07
-0.109916 3.07964e-07
-0.109826 3.07618e-07
-0.109736 3.07271e-07
-0.109646 3.06925e-07
-0.109557 3.06579e-07
-0.109467 3.06232e-07
-0.109377 3.05886e-07
-0.109287 3.05539e-07
-0.109197 3.05193e-07
-0.109107 3.04847e-07
-0.109017 3.045e-07
-0.108927 3.04154e-07
-0.108838 3.03807e-07
-0.108748 3.03461e-07
-0.108658 3.03115e-07
-0.108568 3.02768e-07
-0.108478 3.02422e-07
-0.108388 3.02076e-07
-0.108298 3.01729e-07
-0.108208 3.01383e-07
-0.108119 3.01036e-07
-0.108029 3.0069e-07
-0.107939 3.00344e-07
-0.107849 2.99997e-07
-0.107759 2.99651e-07
-0.107669 2.99304e-07
-0.107579 2.98958e-07
-0.107489 2.98612e-07
-0.1074 2.98265e-07
-0.10731 2.97919e-07
-0.10722 2.97573e-07
-0.10713 2.97226e-07
-0.10704 2.9688e-07
-0.10695 2.96533e-07
-0.10686 2.96187e-07
-0.106771 2.95841e-07
-0.106681 2.95494e-07
-0.106591 2.95148e-07
-0.106501 2.94802e-07
-0.106411 2.94455e-07
-0.106321 2.94109e-07
-0.106231 2.93762e-07
-0.106141 2.93416e-07
-0.106052 2.9307e-07
-0.105962 2.92723e-07
-0.105872 2.92377e-07
-0.105782 2.9203e-07
-0.105692 2.91684e-07
-0.105602 2.91338e-07
-0.105512 2.90991e-07
-0.105422 2.90645e-07
-0.105333 2.90299e-07
-0.105243 2.89952e-07
-0.105153 2.89606e-07
-0.105063 2.89259e-07
-0.104973 2.88913e-07
-0.104883 2.88567e-07
-0.104793 2.8822e-07
-0.104703 2.87874e-07
-0.104614 2.87528e-07
-0.104524 2.87181e-07
-0.104434 2.86835e-07
-0.104344 2.86488e-07
-0.104254 2.86142e-07
-0.104164 2.85796e-07
-0.104074 2.85449e-07
-0.103984 2.85103e-07
-0.103895 2.84756e-07
-0.103805 2.8441e-07
-0.103715 2.84064e-07
-0.103625 2.83717e-07
-0.103535 2.83371e-07
-0.103445 2.83025e-07
-0.103355 2.82678e-07
-0.103265 2.82332e-07
-0.103176 2.81985e-07
-0.103086 2.81639e-07
-0.102996 2.81293e-07
-0.102906 2.80946e-07
-0.102816 2.806e-07
-0.102726 2.80253e-07
-0.102636 2.79907e-07
-0.102546 2.79561e-07
-0.102457 2.79214e-07
-0.102367 2.78868e-07
-0.102277 2.78522e-07
-0.102187 2.78175e-07
-0.102097 2.77829e-07
-0.102007 2.77482e-07
-0.101917 2.77136e-07
-0.101827 2.7679e-07
-0.101738 2.76443e-07
-0.101648 2.76097e-07
-0.101558 2.75751e-07
-0.101468 2.75404e-07
-0.101378 2.75058e-07
-0.101288 2.74711e-07
-0.101198 2.74365e-07
-0.101108 2.74019e-07
-0.101019 2.73672e-07
-0.100929 2.73326e-07
-0.100839 2.72979e-07
-0.100749 2.72633e-07
-0.100659 2.72287e-07
-0.100569 2.7194e-07
-0.100479 2.71594e-07
-0.100389 2.71248e-07
-0.1003 2.70901e-07
-0.10021 2.70555e-07
-0.10012 2.70208e-07
-0.10003 2.69862e-07
-0.0999401 2.69516e-07
-0.0998502 2.69169e-07
-0.0997603 2.68823e-07
-0.0996704 2.68476e-07
-0.0995806 2.6813e-07
-0.0994907 2.67784e-07
-0.0994008 2.67437e-07
-0.0993109 2.67091e-07
-0.0992211 2.66745e-07
-0.0991312 2.66398e-07
-0.0990413 2.66052e-07
-0.0989514 2.65705e-07
-0.0988616 2.65359e-07
-0.0987717 2.65013e-07
-0.0986818 2.64666e-07
-0.098592 2.6432e-07
-0.0985021 2.63974e-07
-0.0984122 2.63627e-07
-0.0983223 2.63281e-07
-0.0982325 2.62934e-07
-0.0981426 2.62588e-07
-0.0980527 2.62242e-07
-0.0979628 2.61895e-07
-0.097873 2.61549e-07
-0.0977831 2.61202e-07
-0.0976932 2.60856e-07
-0.0976033 2.6051e-07
-0.0975135 2.60163e-07
-0.0974236 2.59817e-07
-0.0973337 2.59471e-07
-0.0972438 2.59124e-07
-0.097154 2.58778e-07
-0.0970641 2.58431e-07
-0.0969742 2.58085e-07
-0.0968843 2.57739e-07
-0.0967945 2.57392e-07
-0.0967046 2.57046e-07
-0.0966147 2.56699e-07
-0.0965248 2.56353e-07
-0.096435 2.56007e-07
-0.0963451 2.5566e-07
-0.0962552 2.55314e-07
-0.0961653 2.54968e-07
-0.0960755 2.54621e-07
-0.0959856 2.54275e-07
-0.0958957 2.53928e-07
-0.0958059 2.53582e-07
-0.095716 2.53236e-07
-0.0956261 2.52889e-07
-0.0955362 2.52543e-07
-0.0954464 2.52197e-07
-0.0953565 2.5185e-07
-0.0952666 2.51504e-07
-0.0951767 2.51157e-07
-0.0950869 2.50811e-07
-0.094997 2.50465e-07
-0.0949071 2.50118e-07
-0.0948172 2.49772e-07
-0.0947274 2.49425e-07
-0.0946375 2.49079e-07
-0.0945476 2.48733e-07
-0.0944577 2.48386e-07
-0.0943679 2.4804e-07
-0.094278 2.47694e-07
-0.0941881 2.47347e-07
-0.0940982 2.47001e-07
-0.0940084 2.46654e-07
-0.0939185 2.46308e-07
-0.0938286 2.45962e-07
-0.0937387 2.45615e-07
-0.0936489 2.45269e-07
-0.093559 2.44922e-07
-0.0934691 2.44576e-07
-0.0933793 2.4423e-07
-0.0932894 2.43883e-07
-0.0931995 2.43537e-07
-0.0931096 2.43191e-07
-0.0930198 2.42844e-07
-0.0929299 2.42498e-07
-0.09284 2.42151e-07
-0.0927501 2.41805e-07
-0.0926603 2.41459e-07
-0.0925704 2.41112e-07
-0.0924805 2.40766e-07
-0.0923906 2.4042e-07
-0.0923008 2.40073e-07
-0.0922109 2.39727e-07
-0.092121 2.3938e-07
-0.0920311 2.39034e-07
-0.0919413 2.38688e-07
-0.0918514 2.38341e-07
-0.0917615 2.37995e-07
-0.0916716 2.37648e-07
-0.0915818 2.37302e-07
-0.0914919 2.36956e-07
-0.091402 2.36609e-07
-0.0913121 2.36263e-07
-0.0912223 2.35917e-07
-0.0911324 2.3557e-07
-0.0910425 2.35224e-07
-0.0909526 2.34877e-07
-0.0908628 2.34531e-07
-0.0907729 2.34185e-07
-0.090683 2.33838e-07
-0.0905932 2.33492e-07
-0.0905033 2.33145e-07
-0.0904134 2.32799e-07
-0.0903235 2.32453e-07
-0.0902337 2.32106e-07
-0.0901438 2.3176e-07
-0.0900539 2.31414e-07
-0.089964 2.31067e-07
-0.0898742 2.30721e-07
-0.0897843 2.30374e-07
-0.0896944 2.30028e-07
-0.0896045 2.29682e-07
-0.0895147 2.29335e-07
-0.0894248 2.28989e-07
-0.0893349 2.28643e-07
-0.089245 2.28296e-07
-0.0891552 2.2795e-07
-0.0890653 2.27603e-07
-0.0889754 2.27257e-07
-0.0888855 2.26911e-07
-0.0887957 2.26564e-07
-0.0887058 2.26218e-07
-0.0886159 2.25871e-07
-0.088526 2.25525e-07
-0.0884362 2.25179e-07
-0.0883463 2.24832e-07
-0.0882564 2.24486e-07
-0.0881665 2.2414e-07
-0.0880767 2.23793e-07
-0.0879868 2.23447e-07
-0.0878969 2.231e-07
-0.0878071 2.22754e-07
-0.0877172 2.22408e-07
-0.0876273 2.22061e-07
-0.0875374 2.21715e-07
-0.0874476 2.21368e-07
-0.0873577 2.21022e-07
-0.0872678 2.20676e-07
-0.0871779 2.20329e-07
-0.0870881 2.19983e-07
-0.0869982 2.19637e-07
-0.0869083 2.1929e-07
-0.0868184 2.18944e-07
-0.0867286 2.18597e-07
-0.0866387 2.18251e-07
-0.0865488 2.17905e-07
-0.0864589 2.17558e-07
-0.0863691 2.17212e-07
-0.0862792 2.16866e-07
-0.0861893 2.16519e-07
-0.0860994 2.16173e-07
-0.0860096 2.15826e-07
-0.0859197 2.1548e-07
-0.0858298 2.15134e-07
-0.0857399 2.14787e-07
-0.0856501 2.14441e-07
-0.0855602 2.14094e-07
-0.0854703 2.13748e-07
-0.0853805 2.13402e-07
-0.0852906 2.13055e-07
-0.0852007 2.12709e-07
-0.0851108 2.12363e-07
-0.085021 2.12016e-07
-0.0849311 2.1167e-07
-0.0848412 2.11323e-07
-0.0847513 2.10977e-07
-0.0846615 2.10631e-07
-0.0845716 2.10284e-07
-0.0844817 2.09938e-07
-0.0843918 2.09592e-07
-0.084302 2.09245e-07
-0.0842121 2.08899e-07
-0.0841222 2.08552e-07
-0.0840323 2.08206e-07
-0.0839425 2.0786e-07
-0.0838526 2.07513e-07
-0.0837627 2.07167e-07
-0.0836728 2.0682e-07
-0.083583 2.06474e-07
-0.0834931 2.06128e-07
-0.0834032 2.05781e-07
-0.0833133 2.05435e-07
-0.0832235 2.05089e-07
-0.0831336 2.04742e-07
-0.0830437 2.04396e-07
-0.0829538 2.04049e-07
-0.082864 2.03703e-07
-0.0827741 2.03357e-07
-0.0826842 2.0301e-07
-0.0825944 2.02664e-07
-0.0825045 2.02317e-07
-0.0824146 2.01971e-07
-0.0823247 2.01625e-07
-0.0822349 2.01278e-07
-0.082145 2.00932e-07
-0.0820551 2.00586e-07
-0.0819652 2.00239e-07
-0.0818754 1.99893e-07
-0.0817855 1.99546e-07
-0.0816956 1.992e-07
-0.0816057 1.98854e-07
-0.0815159 1.98507e-07
-0.081426 1.98161e-07
-0.0813361 1.97815e-07
-0.0812462 1.97468e-07
-0.0811564 1.97122e-07
-0.0810665 1.96775e-07
-0.0809766 1.96429e-07
-0.0808867 1.96083e-07
-0.0807969 1.95736e-07
-0.080707 1.9539e-07
-0.0806171 1.95043e-07
-0.0805272 1.94697e-07
-0.0804374 1.94351e-07
-0.0803475 1.94004e-07
-0.0802576 1.93658e-07
-0.0801677 1.93312e-07
-0.0800779 1.92965e-07
-0.079988 1.92619e-07
-0.0798981 1.92272e-07
-0.0798083 1.91926e-07
-0.0797184 1.9158e-07
-0.0796285 1.91233e-07
-0.0795386 1.90887e-07
-0.0794488 1.9054e-07
-0.0793589 1.90194e-07
-0.079269 1.89848e-07
-0.0791791 1.89501e-07
-0.0790893 1.89155e-07
-0.0789994 1.88809e-07
-0.0789095 1.88462e-07
-0.0788196 1.88116e-07
-0.0787298 1.87769e-07
-0.0786399 1.87423e-07
-0.07855 1.87077e-07
-0.0784601 1.8673e-07
-0.0783703 1.86384e-07
-0.0782804 1.86038e-07
-0.0781905 1.85691e-07
-0.0781006 1.85345e-07
-0.0780108 1.84998e-07
-0.0779209 1.84652e-07
-0.077831 1.84306e-07
-0.0777411 1.83959e-07
-0.0776513 1.83613e-07
-0.0775614 1.83266e-07
-0.0774715 1.8292e-07
-0.0773817 1.82574e-07
-0.0772918 1.82227e-07
-0.0772019 1.81881e-07
-0.077112 1.81535e-07
-0.0770222 1.81188e-07
-0.0769323 1.80842e-07
-0.0768424 1.80495e-07
-0.0767525 1.80149e-07
-0.0766627 1.79803e-07
-0.0765728 1.79456e-07
-0.0764829 1.7911e-07
-0.076393 1.78763e-07
-0.0763032 1.78417e-07
-0.0762133 1.78071e-07
-0.0761234 1.77724e-07
-0.0760335 1.77378e-07
-0.0759437 1.77032e-07
-0.0758538 1.76685e-07
-0.0757639 1.76339e-07
-0.075674 1.75992e-07
-0.0755842 1.75646e-07
-0.0754943 1.753e-07
-0.0754044 1.74953e-07
-0.0753145 1.74607e-07
-0.0752247 1.74261e-07
-0.0751348 1.73914e-07
-0.0750449 1.73568e-07
-0.074955 1.73221e-07
-0.0748652 1.72875e-07
-0.0747753 1.72529e-07
-0.0746854 1.72182e-07
-0.0745956 1.71836e-07
-0.0745057 1.71489e-07
-0.0744158 1.71143e-07
-0.0743259 1.70797e-07
-0.0742361 1.7045e-07
-0.0741462 1.70104e-07
-0.0740563 1.69758e-07
-0.0739664 1.69411e-07
-0.0738766 1.69065e-07
-0.0737867 1.68718e-07
-0.0736968 1.68372e-07
-0.0736069 1.68026e-07
-0.0735171 1.67679e-07
-0.0734272 1.67333e-07
-0.0733373 1.66986e-07
-0.0732474 1.6664e-07
-0.0731576 1.66294e-07
-0.0730677 1.65947e-07
-0.0729778 1.65601e-07
-0.0728879 1.65255e-07
-0.0727981 1.64908e-07
-0.0727082 1.64562e-07
-0.0726183 1.64215e-07
-0.0725284 1.63869e-07
-0.0724386 1.63523e-07
-0.0723487 1.63176e-07
-0.0722588 1.6283e-07
-0.0721689 1.62484e-07
-0.0720791 1.62137e-07
-0.0719892 1.61791e-07
-0.0718993 1.61444e-07
-0.0718095 1.61098e-07
-0.0717196 1.60752e-07
-0.0716297 1.60405e-07
-0.0715398 1.60059e-07
-0.07145 1.59712e-07
-0.0713601 1.59366e-07
-0.0712702 1.5902e-07
-0.0711803 1.58673e-07
-0.0710905 1.58327e-07
-0.0710006 1.57981e-07
-0.0709107 1.57634e-07
-0.0708208 1.57288e-07
-0.070731 1.56941e-07
-0.0706411 1.56595e-07
-0.0705512 1.56249e-07
-0.0704613 1.55902e-07
-0.0703715 1.55556e-07
-0.0702816 1.55209e-07
-0.0701917 1.54863e-07
-0.0701018 1.54517e-07
-0.070012 1.5417e-07
-0.0699221 1.53824e-07
-0.0698322 1.53478e-07
-0.0697423 1.53131e-07
-0.0696525 1.52784e-07
-0.0695626 1.52437e-07
-0.0694727 1.5209e-07
-0.0693829 1.51741e-07
-0.069293 1.51393e-07
-0.0692031 1.51044e-07
-0.0691132 1.50694e-07
-0.0690234 1.50344e-07
-0.0689335 1.49993e-07
-0.0688436 1.49642e-07
-0.0687537 1.4929e-07
-0.0686639 1.48938e-07
-0.068574 1.48584e-07
-0.0684841 1.48231e-07
-0.0683942 1.47876e-07
-0.0683044 1.47521e-07
-0.0682145 1.47166e-07
-0.0681246 1.4681e-07
-0.0680347 1.46455e-07
-0.0679449 1.46098e-07
-0.067855 1.45742e-07
-0.0677651 1.45386e-07
-0.0676752 1.45029e-07
-0.0675854 1.44674e-07
-0.0674955 1.44318e-07
-0.0674056 1.43962e-07
-0.0673157 1.43608e-07
-0.0672259 1.43253e-07
-0.067136 1.429e-07
-0.0670461 1.42547e-07
-0.0669562 1.42195e-07
-0.0668664 1.41844e-07
-0.0667765 1.41493e-07
-0.0666866 1.41144e-07
-0.0665968 1.40796e-07
-0.0665069 1.40448e-07
-0.066417 1.40102e-07
-0.0663271 1.39756e-07
-0.0662373 1.39411e-07
-0.0661474 1.39067e-07
-0.0660575 1.38723e-07
-0.0659676 1.3838e-07
-0.0658778 1.38038e-07
-0.0657879 1.37697e-07
-0.065698 1.37356e-07
-0.0656081 1.37015e-07
-0.0655183 1.36675e-07
-0.0654284 1.36335e-07
-0.0653385 1.35995e-07
-0.0652486 1.35656e-07
-0.0651588 1.35316e-07
-0.0650689 1.34977e-07
-0.064979 1.34637e-07
-0.0648891 1.34298e-07
-0.0647993 1.33959e-07
-0.0647094 1.3362e-07
-0.0646195 1.33281e-07
-0.0645296 1.32942e-07
-0.0644398 1.32604e-07
-0.0643499 1.32265e-07
-0.06426 1.31927e-07
-0.0641701 1.31589e-07
-0.0640803 1.31252e-07
-0.0639904 1.30916e-07
-0.0639005 1.30579e-07
-0.0638107 1.30244e-07
-0.0637208 1.29909e-07
-0.0636309 1.29575e-07
-0.063541 1.29243e-07
-0.0634512 1.2891e-07
-0.0633613 1.28579e-07
-0.0632714 1.28249e-07
-0.0631815 1.2792e-07
-0.0630917 1.27591e-07
-0.0630018 1.27264e-07
-0.0629119 1.26938e-07
-0.062822 1.26613e-07
-0.0627322 1.26288e-07
-0.0626423 1.25965e-07
-0.0625524 1.25642e-07
-0.0624625 1.2532e-07
-0.0623727 1.24999e-07
-0.0622828 1.24678e-07
-0.0621929 1.24359e-07
-0.062103 1.24039e-07
-0.0620132 1.23721e-07
-0.0619233 1.23402e-07
-0.0618334 1.23085e-07
-0.0617435 1.22767e-07
-0.0616537 1.2245e-07
-0.0615638 1.22133e-07
-0.0614739 1.21816e-07
-0.0613841 1.215e-07
-0.0612942 1.21183e-07
-0.0612043 1.20867e-07
-0.0611144 1.20551e-07
-0.0610246 1.20234e-07
-0.0609347 1.19917e-07
-0.0608448 1.19601e-07
-0.0607549 1.19284e-07
-0.0606651 1.18967e-07
-0.0605752 1.1865e-07
-0.0604853 1.18333e-07
-0.0603954 1.18015e-07
-0.0603056 1.17698e-07
-0.0602157 1.1738e-07
-0.0601258 1.17061e-07
-0.0600359 1.16743e-07
-0.0599461 1.16424e-07
-0.0598562 1.16105e-07
-0.0597663 1.15786e-07
-0.0596764 1.15467e-07
-0.0595866 1.15147e-07
-0.0594967 1.14827e-07
-0.0594068 1.14507e-07
-0.0593169 1.14187e-07
-0.0592271 1.13867e-07
-0.0591372 1.13546e-07
-0.0590473 1.13226e-07
-0.0589574 1.12905e-07
-0.0588676 1.12585e-07
-0.0587777 1.12264e-07
-0.0586878 1.11944e-07
-0.058598 1.11624e-07
-0.0585081 1.11304e-07
-0.0584182 1.10985e-07
-0.0583283 1.10666e-07
-0.0582385 1.10348e-07
-0.0581486 1.1003e-07
-0.0580587 1.09712e-07
-0.0579688 1.09396e-07
-0.057879 1.0908e-07
-0.0577891 1.08764e-07
-0.0576992 1.0845e-07
-0.0576093 1.08136e-07
-0.0575195 1.07823e-07
-0.0574296 1.07511e-07
-0.0573397 1.072e-07
-0.0572498 1.0689e-07
-0.05716 1.0658e-07
-0.0570701 1.06271e-07
-0.0569802 1.05963e-07
-0.0568903 1.05656e-07
-0.0568005 1.05349e-07
-0.0567106 1.05042e-07
-0.0566207 1.04736e-07
-0.0565308 1.0443e-07
-0.056441 1.04125e-07
-0.0563511 1.0382e-07
-0.0562612 1.03516e-07
-0.0561713 1.03212e-07
-0.0560815 1.02907e-07
-0.0559916 1.02604e-07
-0.0559017 1.023e-07
-0.0558119 1.01997e-07
-0.055722 1.01694e-07
-0.0556321 1.01391e-07
-0.0555422 1.01089e-07
-0.0554524 1.00787e-07
-0.0553625 1.00486e-07
-0.0552726 1.00185e-07
-0.0551827 9.98852e-08
-0.0550929 9.95859e-08
-0.055003 9.92873e-08
-0.0549131 9.89893e-08
-0.0548232 9.86923e-08
-0.0547334 9.83963e-08
-0.0546435 9.8101e-08
-0.0545536 9.78069e-08
-0.0544637 9.75138e-08
-0.0543739 9.72217e-08
-0.054284 9.69305e-08
-0.0541941 9.66408e-08
-0.0541042 9.63518e-08
-0.0540144 9.60638e-08
-0.0539245 9.57772e-08
-0.0538346 9.54915e-08
-0.0537447 9.52065e-08
-0.0536549 9.49228e-08
-0.053565 9.464e-08
-0.0534751 9.43579e-08
-0.0533853 9.40768e-08
-0.0532954 9.37966e-08
-0.0532055 9.3517e-08
-0.0531156 9.32381e-08
-0.0530258 9.296e-08
-0.0529359 9.26824e-08
-0.052846 9.24052e-08
-0.0527561 9.21288e-08
-0.0526663 9.18527e-08
-0.0525764 9.1577e-08
-0.0524865 9.13017e-08
-0.0523966 9.10267e-08
-0.0523068 9.07519e-08
-0.0522169 9.04774e-08
-0.052127 9.02031e-08
-0.0520371 8.99289e-08
-0.0519473 8.96548e-08
-0.0518574 8.93807e-08
-0.0517675 8.91067e-08
-0.0516776 8.88326e-08
-0.0515878 8.85585e-08
-0.0514979 8.82844e-08
-0.051408 8.80101e-08
-0.0513181 8.77358e-08
-0.0512283 8.74613e-08
-0.0511384 8.71867e-08
-0.0510485 8.69119e-08
-0.0509586 8.6637e-08
-0.0508688 8.6362e-08
-0.0507789 8.60869e-08
-0.050689 8.58116e-08
-0.0505992 8.55363e-08
-0.0505093 8.52609e-08
-0.0504194 8.49855e-08
-0.0503295 8.47101e-08
-0.0502397 8.44348e-08
-0.0501498 8.41596e-08
-0.0500599 8.38846e-08
-0.04997 8.36097e-08
-0.0498802 8.33352e-08
-0.0497903 8.3061e-08
-0.0497004 8.27871e-08
-0.0496105 8.25137e-08
-0.0495207 8.22409e-08
-0.0494308 8.19685e-08
-0.0493409 8.16966e-08
-0.049251 8.14256e-08
-0.0491612 8.11551e-08
-0.0490713 8.08852e-08
-0.0489814 8.06163e-08
-0.0488915 8.03481e-08
-0.0488017 8.00805e-08
-0.0487118 7.98138e-08
-0.0486219 7.9548e-08
-0.048532 7.92828e-08
-0.0484422 7.90185e-08
-0.0483523 7.87551e-08
-0.0482624 7.84923e-08
-0.0481725 7.82302e-08
-0.0480827 7.7969e-08
-0.0479928 7.77084e-08
-0.0479029 7.74484e-08
-0.0478131 7.71893e-08
-0.0477232 7.69307e-08
-0.0476333 7.66726e-08
-0.0475434 7.64151e-08
-0.0474536 7.61581e-08
-0.0473637 7.59015e-08
-0.0472738 7.56454e-08
-0.0471839 7.53898e-08
-0.0470941 7.51344e-08
-0.0470042 7.48793e-08
-0.0469143 7.46246e-08
-0.0468244 7.43701e-08
-0.0467346 7.41158e-08
-0.0466447 7.38618e-08
-0.0465548 7.36079e-08
-0.0464649 7.33542e-08
-0.0463751 7.31006e-08
-0.0462852 7.28472e-08
-0.0461953 7.25938e-08
-0.0461054 7.23406e-08
-0.0460156 7.20875e-08
-0.0459257 7.18345e-08
-0.0458358 7.15816e-08
-0.0457459 7.13288e-08
-0.0456561 7.10761e-08
-0.0455662 7.08235e-08
-0.0454763 7.05711e-08
-0.0453865 7.03188e-08
-0.0452966 7.00667e-08
-0.0452067 6.98147e-08
-0.0451168 6.9563e-08
-0.045027 6.93114e-08
-0.0449371 6.906e-08
-0.0448472 6.88088e-08
-0.0447573 6.85579e-08
-0.0446675 6.83072e-08
-0.0445776 6.80567e-08
-0.0444877 6.78065e-08
-0.0443978 6.75565e-08
-0.044308 6.73068e-08
-0.0442181 6.70574e-08
-0.0441282 6.68081e-08
-0.0440383 6.65593e-08
-0.0439485 6.63106e-08
-0.0438586 6.60622e-08
-0.0437687 6.58141e-08
-0.0436788 6.55664e-08
-0.043589 6.53188e-08
-0.0434991 6.50716e-08
-0.0434092 6.48248e-08
-0.0433193 6.45783e-08
-0.0432295 6.4332e-08
-0.0431396 6.40863e-08
-0.0430497 6.38409e-08
-0.0429598 6.35958e-08
-0.04287 6.33513e-08
-0.0427801 6.31072e-08
-0.0426902 6.28635e-08
-0.0426004 6.26204e-08
-0.0425105 6.23778e-08
-0.0424206 6.21357e-08
-0.0423307 6.18942e-08
-0.0422409 6.16534e-08
-0.042151 6.14131e-08
-0.0420611 6.11734e-08
-0.0419712 6.09346e-08
-0.0418814 6.06963e-08
-0.0417915 6.04586e-08
-0.0417016 6.02219e-08
-0.0416117 5.99858e-08
-0.0415219 5.97504e-08
-0.041432 5.95158e-08
-0.0413421 5.92821e-08
-0.0412522 5.90489e-08
-0.0411624 5.88166e-08
-0.0410725 5.85852e-08
-0.0409826 5.83545e-08
-0.0408927 5.81244e-08
-0.0408029 5.78954e-08
-0.040713 5.76669e-08
-0.0406231 5.74391e-08
-0.0405332 5.72123e-08
-0.0404434 5.69861e-08
-0.0403535 5.67605e-08
-0.0402636 5.65357e-08
-0.0401737 5.63116e-08
-0.0400839 5.6088e-08
-0.039994 5.58651e-08
-0.0399041 5.56429e-08
-0.0398143 5.54212e-08
-0.0397244 5.52e-08
-0.0396345 5.49796e-08
-0.0395446 5.47595e-08
-0.0394548 5.45399e-08
-0.0393649 5.4321e-08
-0.039275 5.41026e-08
-0.0391851 5.38845e-08
-0.0390953 5.3667e-08
-0.0390054 5.34499e-08
-0.0389155 5.32332e-08
-0.0388256 5.3017e-08
-0.0387358 5.28013e-08
-0.0386459 5.2586e-08
-0.038556 5.2371e-08
-0.0384661 5.21566e-08
-0.0383763 5.19425e-08
-0.0382864 5.17287e-08
-0.0381965 5.15155e-08
-0.0381066 5.13026e-08
-0.0380168 5.10899e-08
-0.0379269 5.08778e-08
-0.037837 5.0666e-08
-0.0377471 5.04545e-08
-0.0376573 5.02433e-08
-0.0375674 5.00325e-08
-0.0374775 4.98219e-08
-0.0373876 4.96116e-08
-0.0372978 4.94017e-08
-0.0372079 4.9192e-08
-0.037118 4.89825e-08
-0.0370282 4.87733e-08
-0.0369383 4.85643e-08
-0.0368484 4.83556e-08
-0.0367585 4.81471e-08
-0.0366687 4.79388e-08
-0.0365788 4.77306e-08
-0.0364889 4.75227e-08
-0.036399 4.73151e-08
-0.0363092 4.71076e-08
-0.0362193 4.69003e-08
-0.0361294 4.66932e-08
-0.0360395 4.64863e-08
-0.0359497 4.62797e-08
-0.0358598 4.60733e-08
-0.0357699 4.58671e-08
-0.03568 4.56612e-08
-0.0355902 4.54556e-08
-0.0355003 4.52503e-08
-0.0354104 4.50452e-08
-0.0353205 4.48406e-08
-0.0352307 4.46363e-08
-0.0351408 4.44324e-08
-0.0350509 4.42289e-08
-0.034961 4.4026e-08
-0.0348712 4.38235e-08
-0.0347813 4.36214e-08
-0.0346914 4.34202e-08
-0.0346016 4.32194e-08
-0.0345117 4.30192e-08
-0.0344218 4.28199e-08
-0.0343319 4.26212e-08
-0.0342421 4.24231e-08
-0.0341522 4.22261e-08
-0.0340623 4.20298e-08
-0.0339724 4.18342e-08
-0.0338826 4.16396e-08
-0.0337927 4.14461e-08
-0.0337028 4.12532e-08
-0.0336129 4.10612e-08
-0.0335231 4.08705e-08
-0.0334332 4.06804e-08
-0.0333433 4.04911e-08
-0.0332534 4.03031e-08
-0.0331636 4.01159e-08
-0.0330737 3.99293e-08
-0.0329838 3.97438e-08
-0.0328939 3.9559e-08
-0.0328041 3.93749e-08
-0.0327142 3.91915e-08
-0.0326243 3.90089e-08
-0.0325344 3.88268e-08
-0.0324446 3.86452e-08
-0.0323547 3.84642e-08
-0.0322648 3.82835e-08
-0.0321749 3.81032e-08
-0.0320851 3.79232e-08
-0.0319952 3.77434e-08
-0.0319053 3.75638e-08
-0.0318155 3.73844e-08
-0.0317256 3.7205e-08
-0.0316357 3.70256e-08
-0.0315458 3.68463e-08
-0.031456 3.66669e-08
-0.0313661 3.64875e-08
-0.0312762 3.6308e-08
-0.0311863 3.61284e-08
-0.0310965 3.59488e-08
-0.0310066 3.57692e-08
-0.0309167 3.55895e-08
-0.0308268 3.54098e-08
-0.030737 3.52302e-08
-0.0306471 3.50507e-08
-0.0305572 3.48714e-08
-0.0304673 3.46922e-08
-0.0303775 3.45133e-08
-0.0302876 3.43347e-08
-0.0301977 3.41564e-08
-0.0301078 3.39785e-08
-0.030018 3.38012e-08
-0.0299281 3.36243e-08
-0.0298382 3.34479e-08
-0.0297483 3.32723e-08
-0.0296585 3.30972e-08
-0.0295686 3.29226e-08
-0.0294787 3.27489e-08
-0.0293888 3.25758e-08
-0.029299 3.24033e-08
-0.0292091 3.22316e-08
-0.0291192 3.20607e-08
-0.0290294 3.18903e-08
-0.0289395 3.17206e-08
-0.0288496 3.15517e-08
-0.0287597 3.13834e-08
-0.0286699 3.12156e-08
-0.02858 3.10487e-08
-0.0284901 3.08823e-08
-0.0284002 3.07163e-08
-0.0283104 3.05512e-08
-0.0282205 3.03865e-08
-0.0281306 3.02222e-08
-0.0280407 3.00586e-08
-0.0279509 2.98955e-08
-0.027861 2.97327e-08
-0.0277711 2.95706e-08
-0.0276812 2.9409e-08
-0.0275914 2.92478e-08
-0.0275015 2.90869e-08
-0.0274116 2.89268e-08
-0.0273217 2.8767e-08
-0.0272319 2.86075e-08
-0.027142 2.84487e-08
-0.0270521 2.82903e-08
-0.0269622 2.81322e-08
-0.0268724 2.79746e-08
-0.0267825 2.78175e-08
-0.0266926 2.76606e-08
-0.0266028 2.75042e-08
-0.0265129 2.73482e-08
-0.026423 2.71926e-08
-0.0263331 2.70372e-08
-0.0262433 2.68822e-08
-0.0261534 2.67275e-08
-0.0260635 2.65731e-08
-0.0259736 2.6419e-08
-0.0258838 2.62651e-08
-0.0257939 2.61115e-08
-0.025704 2.59582e-08
-0.0256141 2.58051e-08
-0.0255243 2.56522e-08
-0.0254344 2.54995e-08
-0.0253445 2.53471e-08
-0.0252546 2.51949e-08
-0.0251648 2.50429e-08
-0.0250749 2.48913e-08
-0.024985 2.47398e-08
-0.0248951 2.45885e-08
-0.0248053 2.44376e-08
-0.0247154 2.4287e-08
-0.0246255 2.41365e-08
-0.0245356 2.39865e-08
-0.0244458 2.38367e-08
-0.0243559 2.36871e-08
-0.024266 2.35379e-08
-0.0241761 2.3389e-08
-0.0240863 2.32404e-08
-0.0239964 2.3092e-08
-0.0239065 2.29441e-08
-0.0238167 2.27964e-08
-0.0237268 2.26489e-08
-0.0236369 2.25019e-08
-0.023547 2.2355e-08
-0.0234572 2.22084e-08
-0.0233673 2.20622e-08
-0.0232774 2.19162e-08
-0.0231875 2.17704e-08
-0.0230977 2.16249e-08
-0.0230078 2.14797e-08
-0.0229179 2.13347e-08
-0.022828 2.11899e-08
-0.0227382 2.10455e-08
-0.0226483 2.09012e-08
-0.0225584 2.07571e-08
-0.0224685 2.06134e-08
-0.0223787 2.04699e-08
-0.0222888 2.03266e-08
-0.0221989 2.01837e-08
-0.022109 2.00409e-08
-0.0220192 1.98984e-08
-0.0219293 1.97563e-08
-0.0218394 1.96144e-08
-0.0217495 1.94727e-08
-0.0216597 1.93314e-08
-0.0215698 1.91904e-08
-0.0214799 1.90497e-08
-0.02139 1.89092e-08
-0.0213002 1.87691e-08
-0.0212103 1.86293e-08
-0.0211204 1.84897e-08
-0.0210306 1.83506e-08
-0.0209407 1.82117e-08
-0.0208508 1.8073e-08
-0.0207609 1.79348e-08
-0.0206711 1.77969e-08
-0.0205812 1.76592e-08
-0.0204913 1.75218e-08
-0.0204014 1.73848e-08
-0.0203116 1.72481e-08
-0.0202217 1.71117e-08
-0.0201318 1.69756e-08
-0.0200419 1.68399e-08
-0.0199521 1.67044e-08
-0.0198622 1.65694e-08
-0.0197723 1.64346e-08
-0.0196824 1.63002e-08
-0.0195926 1.61662e-08
-0.0195027 1.60325e-08
-0.0194128 1.58992e-08
-0.0193229 1.57662e-08
-0.0192331 1.56337e-08
-0.0191432 1.55015e-08
-0.0190533 1.53697e-08
-0.0189634 1.52384e-08
-0.0188736 1.51074e-08
-0.0187837 1.49768e-08
-0.0186938 1.48468e-08
-0.018604 1.47172e-08
-0.0185141 1.45879e-08
-0.0184242 1.44591e-08
-0.0183343 1.43308e-08
-0.0182445 1.42029e-08
-0.0181546 1.40755e-08
-0.0180647 1.39486e-08
-0.0179748 1.3822e-08
-0.017885 1.36959e-08
-0.0177951 1.35703e-08
-0.0177052 1.34452e-08
-0.0176153 1.33203e-08
-0.0175255 1.31961e-08
-0.0174356 1.30723e-08
-0.0173457 1.29488e-08
-0.0172558 1.28259e-08
-0.017166 1.27033e-08
-0.0170761 1.25811e-08
-0.0169862 1.24593e-08
-0.0168963 1.2338e-08
-0.0168065 1.22169e-08
-0.0167166 1.20962e-08
-0.0166267 1.1976e-08
-0.0165368 1.1856e-08
-0.016447 1.17363e-08
-0.0163571 1.16171e-08
-0.0162672 1.14982e-08
-0.0161773 1.13794e-08
-0.0160875 1.12612e-08
-0.0159976 1.11431e-08
-0.0159077 1.10254e-08
-0.0158179 1.0908e-08
-0.015728 1.07909e-08
-0.0156381 1.06741e-08
-0.0155482 1.05576e-08
-0.0154584 1.04415e-08
-0.0153685 1.03257e-08
-0.0152786 1.02101e-08
-0.0151887 1.00951e-08
-0.0150989 9.98035e-09
-0.015009 9.86587e-09
-0.0149191 9.75193e-09
-0.0148292 9.63833e-09
-0.0147394 9.52507e-09
-0.0146495 9.41235e-09
-0.0145596 9.3001e-09
-0.0144697 9.18822e-09
-0.0143799 9.07683e-09
-0.01429 8.96608e-09
-0.0142001 8.85575e-09
-0.0141102 8.74589e-09
-0.0140204 8.63684e-09
-0.0139305 8.52826e-09
-0.0138406 8.42016e-09
-0.0137507 8.31298e-09
-0.0136609 8.20638e-09
-0.013571 8.10033e-09
-0.0134811 7.99513e-09
-0.0133912 7.8907e-09
-0.0133014 7.78687e-09
-0.0132115 7.68385e-09
-0.0131216 7.58177e-09
-0.0130318 7.48035e-09
-0.0129419 7.37967e-09
-0.012852 7.28009e-09
-0.0127621 7.18119e-09
-0.0126723 7.08298e-09
-0.0125824 6.98595e-09
-0.0124925 6.88966e-09
-0.0124026 6.79407e-09
-0.0123128 6.69953e-09
-0.0122229 6.60587e-09
-0.012133 6.51289e-09
-0.0120431 6.42085e-09
-0.0119533 6.32973e-09
-0.0118634 6.23926e-09
-0.0117735 6.14957e-09
-0.0116836 6.06086e-09
-0.0115938 5.97276e-09
-0.0115039 5.88528e-09
-0.011414 5.79875e-09
-0.0113241 5.71277e-09
-0.0112343 5.62732e-09
-0.0111444 5.54265e-09
-0.0110545 5.45852e-09
-0.0109646 5.37482e-09
-0.0108748 5.29172e-09
-0.0107849 5.20914e-09
-0.010695 5.12693e-09
-0.0106052 5.04515e-09
-0.0105153 4.96386e-09
-0.0104254 4.88288e-09
-0.0103355 4.80221e-09
-0.0102457 4.72203e-09
-0.0101558 4.64209e-09
-0.0100659 4.56239e-09
-0.00997603 4.48309e-09
-0.00988616 4.40406e-09
-0.00979628 4.32525e-09
-0.00970641 4.24676e-09
-0.00961653 4.16857e-09
-0.00952666 4.0906e-09
-0.00943679 4.01293e-09
-0.00934691 3.93563e-09
-0.00925704 3.85856e-09
-0.00916716 3.78174e-09
-0.00907729 3.70545e-09
-0.00898742 3.62946e-09
-0.00889754 3.55376e-09
-0.00880767 3.47868e-09
-0.00871779 3.40402e-09
-0.00862792 3.32977e-09
-0.00853805 3.2562e-09
-0.00844817 3.18329e-09
-0.0083583 3.11088e-09
-0.00826842 3.03916e-09
-0.00817855 2.96837e-09
-0.00808867 2.89822e-09
-0.0079988 2.82874e-09
-0.00790893 2.76048e-09
-0.00781905 2.69294e-09
-0.00772918 2.62613e-09
-0.0076393 2.56061e-09
-0.00754943 2.49598e-09
-0.00745956 2.43215e-09
-0.00736968 2.36948e-09
-0.00727981 2.3079e-09
-0.00718993 2.24714e-09
-0.00710006 2.18741e-09
-0.00701018 2.12892e-09
-0.00692031 2.07124e-09
-0.00683044 2.01443e-09
-0.00674056 1.95898e-09
-0.00665069 1.90431e-09
-0.00656081 1.85043e-09
-0.00647094 1.79781e-09
-0.00638107 1.74603e-09
-0.00629119 1.69501e-09
-0.00620132 1.64508e-09
-0.00611144 1.5961e-09
-0.00602157 1.54784e-09
-0.00593169 1.50056e-09
-0.00584182 1.45429e-09
-0.00575195 1.40876e-09
-0.00566207 1.36406e-09
-0.0055722 1.32054e-09
-0.00548232 1.27776e-09
-0.00539245 1.23571e-09
-0.00530258 1.19494e-09
-0.0052127 1.15496e-09
-0.00512283 1.11573e-09
-0.00503295 1.07766e-09
-0.00494308 1.04049e-09
-0.0048532 1.00407e-09
-0.00476333 9.6867e-10
-0.00467346 9.34297e-10
-0.00458358 9.00651e-10
-0.00449371 8.6787e-10
-0.00440383 8.36174e-10
-0.00431396 8.05159e-10
-0.00422409 7.74824e-10
-0.00413421 7.45626e-10
-0.00404434 7.17032e-10
-0.00395446 6.89029e-10
-0.00386459 6.61957e-10
-0.00377471 6.35527e-10
-0.00368484 6.09626e-10
-0.00359497 5.84465e-10
-0.00350509 5.59987e-10
-0.00341522 5.35995e-10
-0.00332534 5.1259e-10
-0.00323547 4.89924e-10
-0.0031456 4.67702e-10
-0.00305572 4.45926e-10
-0.00296585 4.24989e-10
-0.00287597 4.04484e-10
-0.0027861 3.84417e-10
-0.00269622 3.65107e-10
-0.00260635 3.46328e-10
-0.00251648 3.28012e-10
-0.0024266 3.10382e-10
-0.00233673 2.93416e-10
-0.00224685 2.76928e-10
-0.00215698 2.61029e-10
-0.00206711 2.45949e-10
-0.00197723 2.31377e-10
-0.00188736 2.17332e-10
-0.00179748 2.04221e-10
-0.00170761 1.91641e-10
-0.00161773 1.79596e-10
-0.00152786 1.68482e-10
-0.00143799 1.58034e-10
-0.00134811 1.48155e-10
-0.00125824 1.39068e-10
-0.00116836 1.30791e-10
-0.00107849 1.23105e-10
-0.000988616 1.16161e-10
-0.000898742 1.10173e-10
-0.000808867 1.04779e-10
-0.000718993 1.00014e-10
-0.000629119 9.63473e-11
-0.000539245 9.33024e-11
-0.000449371 9.08757e-11
-0.000359497 8.94656e-11
-0.000269622 8.87642e-11
-0.000179748 8.86856e-11
-8.98742e-05 8.94947e-11
0 9.10917e-11
8.98742e-05 9.32961e-11
0.000179748 9.63001e-11
0.000269622 1.00121e-10
0.000359497 1.04479e-10
0.000449371 1.09433e-10
0.000539245 1.1533e-10
0.000629119 1.21704e-10
0.000718993 1.28546e-10
0.000808867 1.36191e-10
0.000898742 1.4432e-10
0.000988616 1.52897e-10
0.00107849 1.62157e-10
0.00116836 1.71904e-10
0.00125824 1.82036e-10
0.00134811 1.92687e-10
0.00143799 2.03942e-10
0.00152786 2.15575e-10
0.00161773 2.27617e-10
0.00170761 2.403e-10
0.00179748 2.53375e-10
0.00188736 2.66846e-10
0.00197723 2.81078e-10
0.00206711 2.95732e-10
0.00215698 3.10797e-10
0.00224685 3.26537e-10
0.00233673 3.42881e-10
0.0024266 3.59693e-10
0.00251648 3.77112e-10
0.00260635 3.95233e-10
0.00269622 4.13857e-10
0.0027861 4.33084e-10
0.00287597 4.53186e-10
0.00296585 4.7379e-10
0.00305572 4.94889e-10
0.0031456 5.16956e-10
0.00323547 5.39588e-10
0.00332534 5.62768e-10
0.00341522 5.86785e-10
0.00350509 6.11452e-10
0.00359497 6.36669e-10
0.00368484 6.62682e-10
0.00377471 6.8941e-10
0.00386459 7.1667e-10
0.00395446 7.44592e-10
0.00404434 7.7337e-10
0.00413421 8.02703e-10
0.00422409 8.32605e-10
0.00431396 8.63415e-10
0.00440383 8.94764e-10
0.00449371 9.26655e-10
0.00458358 9.59456e-10
0.00467346 9.92861e-10
0.00476333 1.02679e-09
0.0048532 1.0615e-09
0.00494308 1.09696e-09
0.00503295 1.13299e-09
0.00512283 1.16976e-09
0.0052127 1.20738e-09
0.00530258 1.24557e-09
0.00539245 1.28437e-09
0.00548232 1.32428e-09
0.0055722 1.36479e-09
0.00566207 1.40589e-09
0.00575195 1.44805e-09
0.00584182 1.49096e-09
0.00593169 1.53453e-09
0.00602157 1.57913e-09
0.00611144 1.62461e-09
0.00620132 1.67077e-09
0.00629119 1.71783e-09
0.00638107 1.76603e-09
0.00647094 1.81494e-09
0.00656081 1.86462e-09
0.00665069 1.91557e-09
0.00674056 1.96726e-09
0.00683044 2.01969e-09
0.00692031 2.07345e-09
0.00701018 2.12801e-09
0.00710006 2.18331e-09
0.00718993 2.23973e-09
0.00727981 2.29716e-09
0.00736968 2.35534e-09
0.00745956 2.41447e-09
0.00754943 2.47471e-09
0.0076393 2.53569e-09
0.00772918 2.59749e-09
0.00781905 2.66055e-09
0.00790893 2.72431e-09
0.0079988 2.78877e-09
0.00808867 2.85445e-09
0.00817855 2.9209e-09
0.00826842 2.98804e-09
0.0083583 3.05616e-09
0.00844817 3.12512e-09
0.00853805 3.19473e-09
0.00862792 3.26519e-09
0.00871779 3.33658e-09
0.00880767 3.40856e-09
0.00889754 3.48118e-09
0.00898742 3.55473e-09
0.00907729 3.62885e-09
0.00916716 3.70354e-09
0.00925704 3.77911e-09
0.00934691 3.85519e-09
0.00943679 3.93176e-09
0.00952666 4.00909e-09
0.00961653 4.08703e-09
0.00970641 4.16543e-09
0.00979628 4.24441e-09
0.00988616 4.32401e-09
0.00997603 4.40407e-09
0.0100659 4.48466e-09
0.0101558 4.56592e-09
0.0102457 4.64759e-09
0.0103355 4.72968e-09
0.0104254 4.81258e-09
0.0105153 4.89594e-09
0.0106052 4.97976e-09
0.010695 5.06425e-09
0.0107849 5.1493e-09
0.0108748 5.23484e-09
0.0109646 5.32108e-09
0.0110545 5.40798e-09
0.0111444 5.49538e-09
0.0112343 5.58339e-09
0.0113241 5.67225e-09
0.011414 5.76167e-09
0.0115039 5.85168e-09
0.0115938 5.94266e-09
0.0116836 6.03421e-09
0.0117735 6.12635e-09
0.0118634 6.21952e-09
0.0119533 6.31336e-09
0.0120431 6.4078e-09
0.012133 6.50315e-09
0.0122229 6.59934e-09
0.0123128 6.69617e-09
0.0124026 6.79382e-09
0.0124925 6.8924e-09
0.0125824 6.9916e-09
0.0126723 7.09146e-09
0.0127621 7.19244e-09
0.012852 7.29399e-09
0.0129419 7.39611e-09
0.0130318 7.49917e-09
0.0131216 7.60287e-09
0.0132115 7.70711e-09
0.0133014 7.81214e-09
0.0133912 7.91778e-09
0.0134811 8.02387e-09
0.013571 8.13052e-09
0.0136609 8.23784e-09
0.0137507 8.34551e-09
0.0138406 8.45355e-09
0.0139305 8.56214e-09
0.0140204 8.67103e-09
0.0141102 8.78019e-09
0.0142001 8.88985e-09
0.01429 8.99971e-09
0.0143799 9.10977e-09
0.0144697 9.22013e-09
0.0145596 9.33077e-09
0.0146495 9.44159e-09
0.0147394 9.55261e-09
0.0148292 9.66389e-09
0.0149191 9.77535e-09
0.015009 9.887e-09
0.0150989 9.99903e-09
0.0151887 1.01113e-08
0.0152786 1.02237e-08
0.0153685 1.03365e-08
0.0154584 1.04497e-08
0.0155482 1.05632e-08
0.0156381 1.0677e-08
0.015728 1.07914e-08
0.0158179 1.0906e-08
0.0159077 1.10212e-08
0.0159976 1.1137e-08
0.0160875 1.12533e-08
0.0161773 1.137e-08
0.0162672 1.14875e-08
0.0163571 1.16055e-08
0.016447 1.1724e-08
0.0165368 1.18434e-08
0.0166267 1.19633e-08
0.0167166 1.20837e-08
0.0168065 1.2205e-08
0.0168963 1.23269e-08
0.0169862 1.24493e-08
0.0170761 1.25725e-08
0.017166 1.26963e-08
0.0172558 1.28206e-08
0.0173457 1.29456e-08
0.0174356 1.30712e-08
0.0175255 1.31973e-08
0.0176153 1.33238e-08
0.0177052 1.3451e-08
0.0177951 1.35786e-08
0.017885 1.37065e-08
0.0179748 1.3835e-08
0.0180647 1.39637e-08
0.0181546 1.40928e-08
0.0182445 1.42223e-08
0.0183343 1.43521e-08
0.0184242 1.4482e-08
0.0185141 1.46122e-08
0.018604 1.47427e-08
0.0186938 1.48734e-08
0.0187837 1.50041e-08
0.0188736 1.51351e-08
0.0189634 1.52663e-08
0.0190533 1.53975e-08
0.0191432 1.5529e-08
0.0192331 1.56606e-08
0.0193229 1.57923e-08
0.0194128 1.59241e-08
0.0195027 1.60562e-08
0.0195926 1.61883e-08
0.0196824 1.63206e-08
0.0197723 1.64531e-08
0.0198622 1.65857e-08
0.0199521 1.67185e-08
0.0200419 1.68517e-08
0.0201318 1.6985e-08
0.0202217 1.71185e-08
0.0203116 1.72524e-08
0.0204014 1.73865e-08
0.0204913 1.75209e-08
0.0205812 1.76557e-08
0.0206711 1.77909e-08
0.0207609 1.79264e-08
0.0208508 1.80623e-08
0.0209407 1.81987e-08
0.0210306 1.83356e-08
0.0211204 1.84728e-08
0.0212103 1.86107e-08
0.0213002 1.87491e-08
0.02139 1.88879e-08
0.0214799 1.90274e-08
0.0215698 1.91675e-08
0.0216597 1.93081e-08
0.0217495 1.94495e-08
0.0218394 1.95915e-08
0.0219293 1.97341e-08
0.0220192 1.98774e-08
0.022109 2.00215e-08
0.0221989 2.01661e-08
0.0222888 2.03114e-08
0.0223787 2.04577e-08
0.0224685 2.06044e-08
0.0225584 2.07517e-08
0.0226483 2.09e-08
0.0227382 2.10488e-08
0.022828 2.11981e-08
0.0229179 2.13481e-08
0.0230078 2.14986e-08
0.0230977 2.16496e-08
0.0231875 2.1801e-08
0.0232774 2.19529e-08
0.0233673 2.2105e-08
0.0234572 2.22573e-08
0.023547 2.24098e-08
0.0236369 2.25625e-08
0.0237268 2.27152e-08
0.0238167 2.28679e-08
0.0239065 2.30204e-08
0.0239964 2.31729e-08
0.0240863 2.33252e-08
0.0241761 2.34773e-08
0.024266 2.36292e-08
0.0243559 2.37808e-08
0.0244458 2.39321e-08
0.0245356 2.40833e-08
0.0246255 2.42342e-08
0.0247154 2.43848e-08
0.0248053 2.45352e-08
0.0248951 2.46855e-08
0.024985 2.48355e-08
0.0250749 2.49854e-08
0.0251648 2.51351e-08
0.0252546 2.52847e-08
0.0253445 2.54343e-08
0.0254344 2.55838e-08
0.0255243 2.57332e-08
0.0256141 2.58827e-08
0.025704 2.60321e-08
0.0257939 2.61816e-08
0.0258838 2.63312e-08
0.0259736 2.64808e-08
0.0260635 2.66306e-08
0.0261534 2.67805e-08
0.0262433 2.69306e-08
0.0263331 2.70809e-08
0.026423 2.72315e-08
0.0265129 2.73824e-08
0.0266028 2.75335e-08
0.0266926 2.7685e-08
0.0267825 2.78369e-08
0.0268724 2.79891e-08
0.0269622 2.81417e-08
0.0270521 2.82949e-08
0.027142 2.84484e-08
0.0272319 2.86024e-08
0.0273217 2.87572e-08
0.0274116 2.89124e-08
0.0275015 2.9068e-08
0.0275914 2.92243e-08
0.0276812 2.93812e-08
0.0277711 2.95386e-08
0.027861 2.96967e-08
0.0279509 2.98554e-08
0.0280407 3.00145e-08
0.0281306 3.01743e-08
0.0282205 3.03348e-08
0.0283104 3.04958e-08
0.0284002 3.06573e-08
0.0284901 3.08195e-08
0.02858 3.09822e-08
0.0286699 3.11454e-08
0.0287597 3.13093e-08
0.0288496 3.14738e-08
0.0289395 3.16387e-08
0.0290294 3.18044e-08
0.0291192 3.19707e-08
0.0292091 3.21376e-08
0.029299 3.23051e-08
0.0293888 3.24735e-08
0.0294787 3.26426e-08
0.0295686 3.28123e-08
0.0296585 3.29831e-08
0.0297483 3.31545e-08
0.0298382 3.33267e-08
0.0299281 3.35001e-08
0.030018 3.36744e-08
0.0301078 3.38494e-08
0.0301977 3.40255e-08
0.0302876 3.42027e-08
0.0303775 3.43806e-08
0.0304673 3.45595e-08
0.0305572 3.47395e-08
0.0306471 3.49202e-08
0.030737 3.51017e-08
0.0308268 3.52843e-08
0.0309167 3.54675e-08
0.0310066 3.56512e-08
0.0310965 3.58358e-08
0.0311863 3.60208e-08
0.0312762 3.62062e-08
0.0313661 3.63921e-08
0.031456 3.65783e-08
0.0315458 3.67648e-08
0.0316357 3.69514e-08
0.0317256 3.71383e-08
0.0318155 3.73252e-08
0.0319053 3.75121e-08
0.0319952 3.76991e-08
0.0320851 3.78861e-08
0.0321749 3.80731e-08
0.0322648 3.82602e-08
0.0323547 3.84472e-08
0.0324446 3.86342e-08
0.0325344 3.88213e-08
0.0326243 3.90084e-08
0.0327142 3.91956e-08
0.0328041 3.9383e-08
0.0328939 3.95705e-08
0.0329838 3.97581e-08
0.0330737 3.9946e-08
0.0331636 4.01343e-08
0.0332534 4.03229e-08
0.0333433 4.05117e-08
0.0334332 4.0701e-08
0.0335231 4.08908e-08
0.0336129 4.10808e-08
0.0337028 4.12715e-08
0.0337927 4.14626e-08
0.0338826 4.16541e-08
0.0339724 4.18463e-08
0.0340623 4.20391e-08
0.0341522 4.22323e-08
0.0342421 4.24261e-08
0.0343319 4.26206e-08
0.0344218 4.28157e-08
0.0345117 4.30113e-08
0.0346016 4.32078e-08
0.0346914 4.34048e-08
0.0347813 4.36024e-08
0.0348712 4.3801e-08
0.034961 4.40002e-08
0.0350509 4.42e-08
0.0351408 4.44007e-08
0.0352307 4.46022e-08
0.0353205 4.48044e-08
0.0354104 4.50074e-08
0.0355003 4.52114e-08
0.0355902 4.5416e-08
0.03568 4.56213e-08
0.0357699 4.58277e-08
0.0358598 4.60348e-08
0.0359497 4.62426e-08
0.0360395 4.64513e-08
0.0361294 4.66607e-08
0.0362193 4.68707e-08
0.0363092 4.70816e-08
0.036399 4.72931e-08
0.0364889 4.7505e-08
0.0365788 4.77175e-08
0.0366687 4.79307e-08
0.0367585 4.81442e-08
0.0368484 4.83581e-08
0.0369383 4.85724e-08
0.0370282 4.8787e-08
0.037118 4.90018e-08
0.0372079 4.92169e-08
0.0372978 4.94321e-08
0.0373876 4.96475e-08
0.0374775 4.98629e-08
0.0375674 5.00785e-08
0.0376573 5.02941e-08
0.0377471 5.05098e-08
0.037837 5.07255e-08
0.0379269 5.09412e-08
0.0380168 5.11569e-08
0.0381066 5.13728e-08
0.0381965 5.15887e-08
0.0382864 5.18046e-08
0.0383763 5.20207e-08
0.0384661 5.22369e-08
0.038556 5.24533e-08
0.0386459 5.26699e-08
0.0387358 5.28868e-08
0.0388256 5.31039e-08
0.0389155 5.33213e-08
0.0390054 5.35391e-08
0.0390953 5.37573e-08
0.0391851 5.39758e-08
0.039275 5.4195e-08
0.0393649 5.44145e-08
0.0394548 5.46345e-08
0.0395446 5.48553e-08
0.0396345 5.50766e-08
0.0397244 5.52984e-08
0.0398143 5.5521e-08
0.0399041 5.57442e-08
0.039994 5.5968e-08
0.0400839 5.61925e-08
0.0401737 5.64178e-08
0.0402636 5.66437e-08
0.0403535 5.68702e-08
0.0404434 5.70976e-08
0.0405332 5.73256e-08
0.0406231 5.75541e-08
0.040713 5.77835e-08
0.0408029 5.80135e-08
0.0408927 5.82439e-08
0.0409826 5.84752e-08
0.0410725 5.8707e-08
0.0411624 5.89392e-08
0.0412522 5.91721e-08
0.0413421 5.94055e-08
0.041432 5.96393e-08
0.0415219 5.98736e-08
0.0416117 6.01085e-08
0.0417016 6.03437e-08
0.0417915 6.05792e-08
0.0418814 6.08153e-08
0.0419712 6.10516e-08
0.0420611 6.12882e-08
0.042151 6.15252e-08
0.0422409 6.17624e-08
0.0423307 6.2e-08
0.0424206 6.22377e-08
0.0425105 6.24758e-08
0.0426004 6.27139e-08
0.0426902 6.29524e-08
0.0427801 6.3191e-08
0.04287 6.34297e-08
0.0429598 6.36685e-08
0.0430497 6.39075e-08
0.0431396 6.41467e-08
0.0432295 6.43859e-08
0.0433193 6.46252e-08
0.0434092 6.48647e-08
0.0434991 6.51042e-08
0.043589 6.53439e-08
0.0436788 6.55837e-08
0.0437687 6.58236e-08
0.0438586 6.60637e-08
0.0439485 6.63039e-08
0.0440383 6.65443e-08
0.0441282 6.67849e-08
0.0442181 6.70257e-08
0.044308 6.72667e-08
0.0443978 6.75079e-08
0.0444877 6.77496e-08
0.0445776 6.79914e-08
0.0446675 6.82336e-08
0.0447573 6.84761e-08
0.0448472 6.8719e-08
0.0449371 6.89623e-08
0.045027 6.9206e-08
0.0451168 6.94501e-08
0.0452067 6.96946e-08
0.0452966 6.99395e-08
0.0453865 7.01852e-08
0.0454763 7.04312e-08
0.0455662 7.06776e-08
0.0456561 7.09249e-08
0.0457459 7.11726e-08
0.0458358 7.14208e-08
0.0459257 7.16698e-08
0.0460156 7.19195e-08
0.0461054 7.21697e-08
0.0461953 7.24207e-08
0.0462852 7.26726e-08
0.0463751 7.29251e-08
0.0464649 7.31784e-08
0.0465548 7.34327e-08
0.0466447 7.36878e-08
0.0467346 7.39435e-08
0.0468244 7.42005e-08
0.0469143 7.44582e-08
0.0470042 7.47167e-08
0.0470941 7.49763e-08
0.0471839 7.52367e-08
0.0472738 7.54979e-08
0.0473637 7.57601e-08
0.0474536 7.60232e-08
0.0475434 7.6287e-08
0.0476333 7.65516e-08
0.0477232 7.68172e-08
0.0478131 7.70833e-08
0.0479029 7.735e-08
0.0479928 7.76176e-08
0.0480827 7.78857e-08
0.0481725 7.81543e-08
0.0482624 7.84236e-08
0.0483523 7.86932e-08
0.0484422 7.89632e-08
0.048532 7.92338e-08
0.0486219 7.95047e-08
0.0487118 7.97758e-08
0.0488017 8.00472e-08
0.0488915 8.0319e-08
0.0489814 8.05909e-08
0.0490713 8.08631e-08
0.0491612 8.11355e-08
0.049251 8.14081e-08
0.0493409 8.16808e-08
0.0494308 8.19538e-08
0.0495207 8.22269e-08
0.0496105 8.25001e-08
0.0497004 8.27735e-08
0.0497903 8.3047e-08
0.0498802 8.33207e-08
0.04997 8.35945e-08
0.0500599 8.38684e-08
0.0501498 8.41424e-08
0.0502397 8.44165e-08
0.0503295 8.46909e-08
0.0504194 8.49653e-08
0.0505093 8.52398e-08
0.0505992 8.55145e-08
0.050689 8.57894e-08
0.0507789 8.60644e-08
0.0508688 8.63396e-08
0.0509586 8.6615e-08
0.0510485 8.68905e-08
0.0511384 8.71662e-08
0.0512283 8.74422e-08
0.0513181 8.77184e-08
0.051408 8.79948e-08
0.0514979 8.82716e-08
0.0515878 8.85486e-08
0.0516776 8.88258e-08
0.0517675 8.91035e-08
0.0518574 8.93815e-08
0.0519473 8.96597e-08
0.0520371 8.99383e-08
0.052127 9.02174e-08
0.0522169 9.04968e-08
0.0523068 9.07765e-08
0.0523966 9.10567e-08
0.0524865 9.13373e-08
0.0525764 9.16182e-08
0.0526663 9.18998e-08
0.0527561 9.21817e-08
0.052846 9.24639e-08
0.0529359 9.27468e-08
0.0530258 9.30301e-08
0.0531156 9.33138e-08
0.0532055 9.3598e-08
0.0532954 9.38828e-08
0.0533853 9.41681e-08
0.0534751 9.44539e-08
0.053565 9.47404e-08
0.0536549 9.50273e-08
0.0537447 9.53148e-08
0.0538346 9.56031e-08
0.0539245 9.58919e-08
0.0540144 9.61813e-08
0.0541042 9.64716e-08
0.0541941 9.67624e-08
0.054284 9.70538e-08
0.0543739 9.73461e-08
0.0544637 9.76391e-08
0.0545536 9.79328e-08
0.0546435 9.82272e-08
0.0547334 9.85224e-08
0.0548232 9.88182e-08
0.0549131 9.91148e-08
0.055003 9.94121e-08
0.0550929 9.971e-08
0.0551827 1.00008e-07
0.0552726 1.00308e-07
0.0553625 1.00608e-07
0.0554524 1.00908e-07
0.0555422 1.01209e-07
0.0556321 1.0151e-07
0.055722 1.01812e-07
0.0558119 1.02114e-07
0.0559017 1.02416e-07
0.0559916 1.02719e-07
0.0560815 1.03021e-07
0.0561713 1.03324e-07
0.0562612 1.03627e-07
0.0563511 1.0393e-07
0.056441 1.04234e-07
0.0565308 1.04537e-07
0.0566207 1.0484e-07
0.0567106 1.05143e-07
0.0568005 1.05446e-07
0.0568903 1.05749e-07
0.0569802 1.06053e-07
0.0570701 1.06356e-07
0.05716 1.06659e-07
0.0572498 1.06962e-07
0.0573397 1.07265e-07
0.0574296 1.07569e-07
0.0575195 1.07872e-07
0.0576093 1.08176e-07
0.0576992 1.0848e-07
0.0577891 1.08784e-07
0.057879 1.09089e-07
0.0579688 1.09394e-07
0.0580587 1.097e-07
0.0581486 1.10005e-07
0.0582385 1.10312e-07
0.0583283 1.10619e-07
0.0584182 1.10926e-07
0.0585081 1.11234e-07
0.058598 1.11542e-07
0.0586878 1.11851e-07
0.0587777 1.12161e-07
0.0588676 1.12471e-07
0.0589574 1.12781e-07
0.0590473 1.13093e-07
0.0591372 1.13405e-07
0.0592271 1.13717e-07
0.0593169 1.1403e-07
0.0594068 1.14343e-07
0.0594967 1.14657e-07
0.0595866 1.14972e-07
0.0596764 1.15287e-07
0.0597663 1.15603e-07
0.0598562 1.15919e-07
0.0599461 1.16236e-07
0.0600359 1.16554e-07
0.0601258 1.16872e-07
0.0602157 1.1719e-07
0.0603056 1.1751e-07
0.0603954 1.1783e-07
0.0604853 1.1815e-07
0.0605752 1.18472e-07
0.0606651 1.18793e-07
0.0607549 1.19116e-07
0.0608448 1.19439e-07
0.0609347 1.19763e-07
0.0610246 1.20088e-07
0.0611144 1.20413e-07
0.0612043 1.20739e-07
0.0612942 1.21066e-07
0.0613841 1.21393e-07
0.0614739 1.21721e-07
0.0615638 1.2205e-07
0.0616537 1.22379e-07
0.0617435 1.22709e-07
0.0618334 1.23039e-07
0.0619233 1.2337e-07
0.0620132 1.23701e-07
0.062103 1.24033e-07
0.0621929 1.24365e-07
0.0622828 1.24697e-07
0.0623727 1.2503e-07
0.0624625 1.25362e-07
0.0625524 1.25695e-07
0.0626423 1.26028e-07
0.0627322 1.26361e-07
0.062822 1.26695e-07
0.0629119 1.27028e-07
0.0630018 1.27361e-07
0.0630917 1.27694e-07
0.0631815 1.28027e-07
0.0632714 1.2836e-07
0.0633613 1.28693e-07
0.0634512 1.29025e-07
0.063541 1.29358e-07
0.0636309 1.29691e-07
0.0637208 1.30023e-07
0.0638107 1.30355e-07
0.0639005 1.30688e-07
0.0639904 1.3102e-07
0.0640803 1.31353e-07
0.0641701 1.31685e-07
0.06426 1.32018e-07
0.0643499 1.32351e-07
0.0644398 1.32684e-07
0.0645296 1.33017e-07
0.0646195 1.3335e-07
0.0647094 1.33684e-07
0.0647993 1.34018e-07
0.0648891 1.34352e-07
0.064979 1.34687e-07
0.0650689 1.35023e-07
0.0651588 1.35359e-07
0.0652486 1.35695e-07
0.0653385 1.36032e-07
0.0654284 1.36369e-07
0.0655183 1.36708e-07
0.0656081 1.37046e-07
0.065698 1.37386e-07
0.0657879 1.37726e-07
0.0658778 1.38066e-07
0.0659676 1.38407e-07
0.0660575 1.3875e-07
0.0661474 1.39092e-07
0.0662373 1.39435e-07
0.0663271 1.39779e-07
0.066417 1.40124e-07
0.0665069 1.40469e-07
0.0665968 1.40815e-07
0.0666866 1.41161e-07
0.0667765 1.41508e-07
0.0668664 1.41856e-07
0.0669562 1.42204e-07
0.0670461 1.42552e-07
0.067136 1.42901e-07
0.0672259 1.43251e-07
0.0673157 1.43601e-07
0.0674056 1.43951e-07
0.0674955 1.44302e-07
0.0675854 1.44653e-07
0.0676752 1.45004e-07
0.0677651 1.45355e-07
0.067855 1.45707e-07
0.0679449 1.46059e-07
0.0680347 1.46412e-07
0.0681246 1.46764e-07
0.0682145 1.47117e-07
0.0683044 1.4747e-07
0.0683942 1.47823e-07
0.0684841 1.48177e-07
0.068574 1.4853e-07
0.0686639 1.48884e-07
0.0687537 1.49238e-07
0.0688436 1.49593e-07
0.0689335 1.49947e-07
0.0690234 1.50302e-07
0.0691132 1.50658e-07
0.0692031 1.51013e-07
0.069293 1.51369e-07
0.0693829 1.51725e-07
0.0694727 1.52082e-07
0.0695626 1.52438e-07
0.0696525 1.52796e-07
0.0697423 1.53153e-07
0.0698322 1.53511e-07
0.0699221 1.53869e-07
0.070012 1.54227e-07
0.0701018 1.54585e-07
0.0701917 1.54943e-07
0.0702816 1.553e-07
0.0703715 1.55658e-07
0.0704613 1.56016e-07
0.0705512 1.56374e-07
0.0706411 1.56732e-07
0.070731 1.5709e-07
0.0708208 1.57448e-07
0.0709107 1.57806e-07
0.0710006 1.58164e-07
0.0710905 1.58522e-07
0.0711803 1.58879e-07
0.0712702 1.59237e-07
0.0713601 1.59595e-07
0.07145 1.59953e-07
0.0715398 1.60311e-07
0.0716297 1.60669e-07
0.0717196 1.61027e-07
0.0718095 1.61385e-07
0.0718993 1.61743e-07
0.0719892 1.62101e-07
0.0720791 1.62458e-07
0.0721689 1.62816e-07
0.0722588 1.63174e-07
0.0723487 1.63532e-07
0.0724386 1.6389e-07
0.0725284 1.64248e-07
0.0726183 1.64606e-07
0.0727082 1.64964e-07
0.0727981 1.65322e-07
0.0728879 1.6568e-07
0.0729778 1.66038e-07
0.0730677 1.66395e-07
0.0731576 1.66753e-07
0.0732474 1.67111e-07
0.0733373 1.67469e-07
0.0734272 1.67827e-07
0.0735171 1.68185e-07
0.0736069 1.68543e-07
0.0736968 1.68901e-07
0.0737867 1.69259e-07
0.0738766 1.69617e-07
0.0739664 1.69974e-07
0.0740563 1.70332e-07
0.0741462 1.7069e-07
0.0742361 1.71048e-07
0.0743259 1.71406e-07
0.0744158 1.71764e-07
0.0745057 1.72122e-07
0.0745956 1.7248e-07
0.0746854 1.72838e-07
0.0747753 1.73196e-07
0.0748652 1.73554e-07
0.074955 1.73911e-07
0.0750449 1.74269e-07
0.0751348 1.74627e-07
0.0752247 1.74985e-07
0.0753145 1.75343e-07
0.0754044 1.75701e-07
0.0754943 1.76059e-07
0.0755842 1.76417e-07
0.075674 1.76775e-07
0.0757639 1.77133e-07
0.0758538 1.7749e-07
0.0759437 1.77848e-07
0.0760335 1.78206e-07
0.0761234 1.78564e-07
0.0762133 1.78922e-07
0.0763032 1.7928e-07
0.076393 1.79638e-07
0.0764829 1.79996e-07
0.0765728 1.80354e-07
0.0766627 1.80712e-07
0.0767525 1.8107e-07
0.0768424 1.81427e-07
0.0769323 1.81785e-07
0.0770222 1.82143e-07
0.077112 1.82501e-07
0.0772019 1.82859e-07
0.0772918 1.83217e-07
0.0773817 1.83575e-07
0.0774715 1.83933e-07
0.0775614 1.84291e-07
0.0776513 1.84649e-07
0.0777411 1.85006e-07
0.077831 1.85364e-07
0.0779209 1.85722e-07
0.0780108 1.8608e-07
0.0781006 1.86438e-07
0.0781905 1.86796e-07
0.0782804 1.87154e-07
0.0783703 1.87512e-07
0.0784601 1.8787e-07
0.07855 1.88228e-07
0.0786399 1.88585e-07
0.0787298 1.88943e-07
0.0788196 1.89301e-07
0.0789095 1.89659e-07
0.0789994 1.90017e-07
0.0790893 1.90375e-07
0.0791791 1.90733e-07
0.079269 1.91091e-07
0.0793589 1.91449e-07
0.0794488 1.91807e-07
0.0795386 1.92165e-07
0.0796285 1.92522e-07
0.0797184 1.9288e-07
0.0798083 1.93238e-07
0.0798981 1.93596e-07
0.079988 1.93954e-07
0.0800779 1.94312e-07
0.0801677 1.9467e-07
0.0802576 1.95028e-07
0.0803475 1.95386e-07
0.0804374 1.95744e-07
0.0805272 1.96101e-07
0.0806171 1.96459e-07
0.080707 1.96817e-07
0.0807969 1.97175e-07
0.0808867 1.97533e-07
0.0809766 1.97891e-07
0.0810665 1.98249e-07
0.0811564 1.98607e-07
0.0812462 1.98965e-07
0.0813361 1.99323e-07
0.081426 1.99681e-07
0.0815159 2.00038e-07
0.0816057 2.00396e-07
0.0816956 2.00754e-07
0.0817855 2.01112e-07
0.0818754 2.0147e-07
0.0819652 2.01828e-07
0.0820551 2.02186e-07
0.082145 2.02544e-07
0.0822349 2.02902e-07
0.0823247 2.0326e-07
0.0824146 2.03617e-07
0.0825045 2.03975e-07
0.0825944 2.04333e-07
0.0826842 2.04691e-07
0.0827741 2.05049e-07
0.082864 2.05407e-07
0.0829538 2.05765e-07
0.0830437 2.06123e-07
0.0831336 2.06481e-07
0.0832235 2.06839e-07
0.0833133 2.07197e-07
0.0834032 2.07554e-07
0.0834931 2.07912e-07
0.083583 2.0827e-07
0.0836728 2.08628e-07
0.0837627 2.08986e-07
0.0838526 2.09344e-07
0.0839425 2.09702e-07
0.0840323 2.1006e-07
0.0841222 2.10418e-07
0.0842121 2.10776e-07
0.084302 2.11133e-07
0.0843918 2.11491e-07
0.0844817 2.11849e-07
0.0845716 2.12207e-07
0.0846615 2.12565e-07
0.0847513 2.12923e-07
0.0848412 2.13281e-07
0.0849311 2.13639e-07
0.085021 2.13997e-07
0.0851108 2.14355e-07
0.0852007 2.14712e-07
0.0852906 2.1507e-07
0.0853805 2.15428e-07
0.0854703 2.15786e-07
0.0855602 2.16144e-07
0.0856501 2.16502e-07
0.0857399 2.1686e-07
0.0858298 2.17218e-07
0.0859197 2.17576e-07
0.0860096 2.17934e-07
0.0860994 2.18292e-07
0.0861893 2.18649e-07
0.0862792 2.19007e-07
0.0863691 2.19365e-07
0.0864589 2.19723e-07
0.0865488 2.20081e-07
0.0866387 2.20439e-07
0.0867286 2.20797e-07
0.0868184 2.21155e-07
0.0869083 2.21513e-07
0.0869982 2.21871e-07
0.0870881 2.22228e-07
0.0871779 2.22586e-07
0.0872678 2.22944e-07
0.0873577 2.23302e-07
0.0874476 2.2366e-07
0.0875374 2.24018e-07
0.0876273 2.24376e-07
0.0877172 2.24734e-07
0.0878071 2.25092e-07
0.0878969 2.2545e-07
0.0879868 2.25808e-07
0.0880767 2.26165e-07
0.0881665 2.26523e-07
0.0882564 2.26881e-07
0.0883463 2.27239e-07
0.0884362 2.27597e-07
0.088526 2.27955e-07
0.0886159 2.28313e-07
0.0887058 2.28671e-07
0.0887957 2.29029e-07
0.0888855 2.29387e-07
0.0889754 2.29744e-07
0.0890653 2.30102e-07
0.0891552 2.3046e-07
0.089245 2.30818e-07
0.0893349 2.31176e-07
0.0894248 2.31534e-07
0.0895147 2.31892e-07
0.0896045 2.3225e-07
0.0896944 2.32608e-07
0.0897843 2.32966e-07
0.0898742 2.33324e-07
0.089964 2.33681e-07
0.0900539 2.34039e-07
0.0901438 2.34397e-07
0.0902337 2.34755e-07
0.0903235 2.35113e-07
0.0904134 2.35471e-07
0.0905033 2.35829e-07
0.0905932 2.36187e-07
0.090683 2.36545e-07
0.0907729 2.36903e-07
0.0908628 2.3726e-07
0.0909526 2.37618e-07
0.0910425 2.37976e-07
0.0911324 2.38334e-07
0.0912223 2.38692e-07
0.0913121 2.3905e-07
0.091402 2.39408e-07
0.0914919 2.39766e-07
0.0915818 2.40124e-07
0.0916716 2.40482e-07
0.0917615 2.40839e-07
0.0918514 2.41197e-07
0.0919413 2.41555e-07
0.0920311 2.41913e-07
0.092121 2.42271e-07
0.0922109 2.42629e-07
0.0923008 2.42987e-07
0.0923906 2.43345e-07
0.0924805 2.43703e-07
0.0925704 2.44061e-07
0.0926603 2.44419e-07
0.0927501 2.44776e-07
0.09284 2.45134e-07
0.0929299 2.45492e-07
0.0930198 2.4585e-07
0.0931096 2.46208e-07
0.0931995 2.46566e-07
0.0932894 2.46924e-07
0.0933793 2.47282e-07
0.0934691 2.4764e-07
0.093559 2.47998e-07
0.0936489 2.48355e-07
0.0937387 2.48713e-07
0.0938286 2.49071e-07
0.0939185 2.49429e-07
0.0940084 2.49787e-07
0.0940982 2.50145e-07
0.0941881 2.50503e-07
0.094278 2.50861e-07
0.0943679 2.51219e-07
0.0944577 2.51577e-07
0.0945476 2.51935e-07
0.0946375 2.52292e-07
0.0947274 2.5265e-07
0.0948172 2.53008e-07
0.0949071 2.53366e-07
0.094997 2.53724e-07
0.0950869 2.54082e-07
0.0951767 2.5444e-07
0.0952666 2.54798e-07
0.0953565 2.55156e-07
0.0954464 2.55514e-07
0.0955362 2.55871e-07
0.0956261 2.56229e-07
0.095716 2.56587e-07
0.0958059 2.56945e-07
0.0958957 2.57303e-07
0.0959856 2.57661e-07
0.0960755 2.58019e-07
0.0961653 2.58377e-07
0.0962552 2.58735e-07
0.0963451 2.59093e-07
0.096435 2.59451e-07
0.0965248 2.59808e-07
0.0966147 2.60166e-07
0.0967046 2.60524e-07
0.0967945 2.60882e-07
0.0968843 2.6124e-07
0.0969742 2.61598e-07
0.0970641 2.61956e-07
0.097154 2.62314e-07
0.0972438 2.62672e-07
0.0973337 2.6303e-07
0.0974236 2.63387e-07
0.0975135 2.63745e-07
0.0976033 2.64103e-07
0.0976932 2.64461e-07
0.0977831 2.64819e-07
0.097873 2.65177e-07
0.0979628 2.65535e-07
0.0980527 2.65893e-07
0.0981426 2.66251e-07
0.0982325 2.66609e-07
0.0983223 2.66966e-07
0.0984122 2.67324e-07
0.0985021 2.67682e-07
0.098592 2.6804e-07
0.0986818 2.68398e-07
0.0987717 2.68756e-07
0.0988616 2.69114e-07
0.0989514 2.69472e-07
0.0990413 2.6983e-07
0.0991312 2.70188e-07
0.0992211 2.70546e-07
0.0993109 2.70903e-07
0.0994008 2.71261e-07
0.0994907 2.71619e-07
0.0995806 2.71977e-07
0.0996704 2.72335e-07
0.0997603 2.72693e-07
0.0998502 2.73051e-07
0.0999401 2.73409e-07
0.10003 2.73767e-07
0.10012 2.74125e-07
0.10021 2.74482e-07
0.1003 2.7484e-07
0.100389 2.75198e-07
0.100479 2.75556e-07
0.100569 2.75914e-07
0.100659 2.76272e-07
0.100749 2.7663e-07
0.100839 2.76988e-07
0.100929 2.77346e-07
0.101019 2.77704e-07
0.101108 2.78062e-07
0.101198 2.78419e-07
0.101288 2.78777e-07
0.101378 2.79135e-07
0.101468 2.79493e-07
0.101558 2.79851e-07
0.101648 2.80209e-07
0.101738 2.80567e-07
0.101827 2.80925e-07
0.101917 2.81283e-07
0.102007 2.81641e-07
0.102097 2.81998e-07
0.102187 2.82356e-07
0.102277 2.82714e-07
0.102367 2.83072e-07
0.102457 2.8343e-07
0.102546 2.83788e-07
0.102636 2.84146e-07
0.102726 2.84504e-07
0.102816 2.84862e-07
0.102906 2.8522e-07
0.102996 2.85578e-07
0.103086 2.85935e-07
0.103176 2.86293e-07
0.103265 2.86651e-07
0.103355 2.87009e-07
0.103445 2.87367e-07
0.103535 2.87725e-07
0.103625 2.88083e-07
0.103715 2.88441e-07
0.103805 2.88799e-07
0.103895 2.89157e-07
0.103984 2.89514e-07
0.104074 2.89872e-07
0.104164 2.9023e-07
0.104254 2.90588e-07
0.104344 2.90946e-07
0.104434 2.91304e-07
0.104524 2.91662e-07
0.104614 2.9202e-07
0.104703 2.92378e-07
0.104793 2.92736e-07
0.104883 2.93094e-07
0.104973 2.93451e-07
0.105063 2.93809e-07
0.105153 2.94167e-07
0.105243 2.94525e-07
0.105333 2.94883e-07
0.105422 2.95241e-07
0.105512 2.95599e-07
0.105602 2.95957e-07
0.105692 2.96315e-07
0.105782 2.96673e-07
0.105872 2.9703e-07
0.105962 2.97388e-07
0.106052 2.97746e-07
0.106141 2.98104e-07
0.106231 2.98462e-07
0.106321 2.9882e-07
0.106411 2.99178e-07
0.106501 2.99536e-07
0.106591 2.99894e-07
0.106681 3.00252e-07
0.106771 3.00609e-07
0.10686 3.00967e-07
0.10695 3.01325e-07
0.10704 3.01683e-07
0.10713 3.02041e-07
0.10722 3.02399e-07
0.10731 3.02757e-07
0.1074 3.03115e-07
0.107489 3.03473e-07
0.107579 3.03831e-07
0.107669 3.04189e-07
0.107759 3.04546e-07
0.107849 3.04904e-07
0.107939 3.05262e-07
0.108029 3.0562e-07
0.108119 3.05978e-07
0.108208 3.06336e-07
0.108298 3.06694e-07
0.108388 3.07052e-07
0.108478 3.0741e-07
0.108568 3.07768e-07
0.108658 3.08125e-07
0.108748 3.08483e-07
0.108838 3.08841e-07
0.108927 3.09199e-07
0.109017 3.09557e-07
0.109107 3.09915e-07
0.109197 3.10273e-07
0.109287 3.10631e-07
0.109377 3.10989e-07
0.109467 3.11347e-07
0.109557 3.11705e-07
0.109646 3.12062e-07
0.109736 3.1242e-07
0.109826 3.12778e-07
0.109916 3.13136e-07
0.110006 3.13494e-07
0.110096 3.13852e-07
0.110186 3.1421e-07
0.110276 3.14568e-07
0.110365 3.14926e-07
0.110455 3.15284e-07
0.110545 3.15641e-07
0.110635 3.15999e-07
0.110725 3.16357e-07
0.110815 3.16715e-07
0.110905 3.17073e-07
0.110995 3.17431e-07
0.111084 3.17789e-07
0.111174 3.18147e-07
0.111264 3.18505e-07
0.111354 3.18863e-07
0.111444 3.19221e-07
0.111534 3.19578e-07
0.111624 3.19936e-07
0.111714 3.20294e-07
0.111803 3.20652e-07
0.111893 3.2101e-07
0.111983 3.21368e-07
0.112073 3.21726e-07
0.112163 3.22084e-07
0.112253 3.22442e-07
0.112343 3.228e-07
0.112433 3.23157e-07
0.112522 3.23515e-07
0.112612 3.23873e-07
0.112702 3.24231e-07
0.112792 3.24589e-07
0.112882 3.24947e-07
0.112972 3.25305e-07
0.113062 3.25663e-07
0.113152 3.26021e-07
0.113241 3.26379e-07
0.113331 3.26736e-07
0.113421 3.27094e-07
0.113511 3.27452e-07
0.113601 3.2781e-07
0.113691 3.28168e-07
0.113781 3.28526e-07
0.113871 3.28884e-07
0.11396 3.29242e-07
0.11405 3.296e-07
0.11414 3.29958e-07
0.11423 3.30316e-07
0.11432 3.30673e-07
0.11441 3.31031e-07
0.1145 3.31389e-07
0.11459 3.31747e-07
0.114679 3.32105e-07
0.114769 3.32463e-07
0.114859 3.32821e-07
0.114949 3.33179e-07
0.115039 3.33537e-07
0.115129 3.33895e-07
0.115219 3.34252e-07
0.115309 3.3461e-07
0.115398 3.34968e-07
0.115488 3.35326e-07
0.115578 3.35684e-07
0.115668 3.36042e-07
0.115758 3.364e-07
0.115848 3.36758e-07
0.115938 3.37116e-07
0.116028 3.37474e-07
0.116117 3.37832e-07
0.116207 3.38189e-07
0.116297 3.38547e-07
0.116387 3.38905e-07
0.116477 3.39263e-07
0.116567 3.39621e-07
0.116657 3.39979e-07
0.116747 3.40337e-07
0.116836 3.40695e-07
0.116926 3.41053e-07
0.117016 3.41411e-07
0.117106 3.41768e-07
0.117196 3.42126e-07
0.117286 3.42484e-07
0.117376 3.42842e-07
0.117466 3.432e-07
0.117555 3.43558e-07
0.117645 3.43916e-07
0.117735 3.44274e-07
0.117825 3.44632e-07
0.117915 3.4499e-07
0.118005 3.45348e-07
0.118095 3.45705e-07
0.118185 3.46063e-07
0.118274 3.46421e-07
0.118364 3.46779e-07
0.118454 3.47137e-07
0.118544 3.47495e-07
0.118634 3.47853e-07
0.118724 3.48211e-07
0.118814 3.48569e-07
0.118904 3.48927e-07
0.118993 3.49284e-07
0.119083 3.49642e-07
0.119173 3.5e-07
0.119263 3.50358e-07
0.119353 3.50716e-07
0.119443 3.51074e-07
0.119533 3.51432e-07
0.119623 3.5179e-07
0.119712 3.52148e-07
0.119802 3.52506e-07
0.119892 3.52863e-07
0.119982 3.53221e-07
0.120072 3.53579e-07
0.120162 3.53937e-07
0.120252 3.54295e-07
0.120341 3.54653e-07
0.120431 3.55011e-07
0.120521 3.55369e-07
0.120611 3.55727e-07
0.120701 3.56085e-07
0.120791 3.56443e-07
0.120881 3.568e-07
0.120971 3.57158e-07
0.12106 3.57516e-07
0.12115 3.57874e-07
0.12124 3.58232e-07
0.12133 3.5859e-07
0.12142 3.58948e-07
0.12151 3.59306e-07
0.1216 3.59664e-07
0.12169 3.60022e-07
0.121779 3.60379e-07
0.121869 3.60737e-07
0.121959 3.61095e-07
0.122049 3.61453e-07
0.122139 3.61811e-07
0.122229 3.62169e-07
0.122319 3.62527e-07
0.122409 3.62885e-07
0.122498 3.63243e-07
0.122588 3.63601e-07
0.122678 3.63959e-07
0.122768 3.64316e-07
0.122858 3.64674e-07
0.122948 3.65032e-07
0.123038 3.6539e-07
0.123128 3.65748e-07
0.123217 3.66106e-07
0.123307 3.66464e-07
0.123397 3.66822e-07
0.123487 3.6718e-07
0.123577 3.67538e-07
0.123667 3.67895e-07
0.123757 3.68253e-07
0.123847 3.68611e-07
0.123936 3.68969e-07
0.124026 3.69327e-07
0.124116 3.69685e-07
0.124206 3.70043e-07
0.124296 3.70401e-07
0.124386 3.70759e-07
0.124476 3.71117e-07
0.124566 3.71475e-07
0.124655 3.71832e-07
0.124745 3.7219e-07
0.124835 3.72548e-07
0.124925 3.72906e-07
0.125015 3.73264e-07
0.125105 3.73622e-07
0.125195 3.7398e-07
0.125285 3.74338e-07
0.125374 3.74696e-07
0.125464 3.75054e-07
0.125554 3.75411e-07
0.125644 3.75769e-07
0.125734 3.76127e-07
0.125824 3.76485e-07
0.125914 3.76843e-07
0.126004 3.77201e-07
0.126093 3.77559e-07
0.126183 3.77917e-07
0.126273 3.78275e-07
0.126363 3.78633e-07
0.126453 3.7899e-07
0.126543 3.79348e-07
0.126633 3.79706e-07
0.126723 3.80064e-07
0.126812 3.80422e-07
0.126902 3.8078e-07
0.126992 3.81138e-07
0.127082 3.81496e-07
0.127172 3.81854e-07
0.127262 3.82212e-07
0.127352 3.8257e-07
0.127442 3.82927e-07
0.127531 3.83285e-07
0.127621 3.83643e-07
0.127711 3.84001e-07
0.127801 3.84359e-07
0.127891 3.84717e-07
0.127981 3.85075e-07
0.128071 3.85433e-07
0.128161 3.85791e-07
0.12825 3.86149e-07
0.12834 3.86506e-07
0.12843 3.86864e-07
0.12852 3.87222e-07
0.12861 3.8758e-07
0.1287 3.87938e-07
0.12879 3.88296e-07
0.12888 3.88654e-07
0.128969 3.89012e-07
0.129059 3.8937e-07
0.129149 3.89728e-07
0.129239 3.90086e-07
0.129329 3.90443e-07
0.129419 3.90801e-07
0.129509 3.91159e-07
0.129599 3.91517e-07
0.129688 3.91875e-07
0.129778 3.92233e-07
0.129868 3.92591e-07
0.129958 3.92949e-07
0.130048 3.93307e-07
0.130138 3.93665e-07
0.130228 3.94022e-07
0.130318 3.9438e-07
0.130407 3.94738e-07
0.130497 3.95096e-07
0.130587 3.95454e-07
0.130677 3.95812e-07
0.130767 3.9617e-07
0.130857 3.96528e-07
0.130947 3.96886e-07
0.131037 3.97244e-07
0.131126 3.97602e-07
0.131216 3.97959e-07
0.131306 3.98317e-07
0.131396 3.98675e-07
0.131486 3.99033e-07
0.131576 3.99391e-07
0.131666 3.99749e-07
0.131756 4.00107e-07
0.131845 4.00465e-07
0.131935 4.00823e-07
0.132025 4.01181e-07
0.132115 4.01538e-07
0.132205 4.01896e-07
0.132295 4.02254e-07
0.132385 4.02612e-07
0.132475 4.0297e-07
0.132564 4.03328e-07
0.132654 4.03686e-07
0.132744 4.04044e-07
0.132834 4.04402e-07
0.132924 4.0476e-07
0.133014 4.05117e-07
0.133104 4.05475e-07
0.133194 4.05833e-07
0.133283 4.06191e-07
0.133373 4.06549e-07
0.133463 4.06907e-07
0.133553 4.07265e-07
0.133643 4.07623e-07
0.133733 4.07981e-07
0.133823 4.08339e-07
0.133912 4.08697e-07
0.134002 4.09054e-07
0.134092 4.09412e-07
0.134182 4.0977e-07
0.134272 4.10128e-07
0.134362 4.10486e-07
0.134452 4.10844e-07
0.134542 4.11202e-07
0.134631 4.1156e-07
0.134721 4.11918e-07
0.134811 4.12276e-07
