-0.134811 -1.4183e-08
-0.134721 -1.41464e-08
-0.134631 -1.41018e-08
-0.134542 -1.3972e-08
-0.134452 -1.39727e-08
-0.134362 -1.41955e-08
-0.134272 -1.43749e-08
-0.134182 -1.45142e-08
-0.134092 -1.46069e-08
-0.134002 -1.47703e-08
-0.133912 -1.49582e-08
-0.133823 -1.53118e-08
-0.133733 -1.55576e-08
-0.133643 -1.57114e-08
-0.133553 -1.61591e-08
-0.133463 -1.64624e-08
-0.133373 -1.67809e-08
-0.133283 -1.69645e-08
-0.133194 -1.70646e-08
-0.133104 -1.73181e-08
-0.133014 -1.75562e-08
-0.132924 -1.76909e-08
-0.132834 -1.75686e-08
-0.132744 -1.73126e-08
-0.132654 -1.72539e-08
-0.132564 -1.69434e-08
-0.132475 -1.68407e-08
-0.132385 -1.65359e-08
-0.132295 -1.57996e-08
-0.132205 -1.52617e-08
-0.132115 -1.491e-08
-0.132025 -1.4703e-08
-0.131935 -1.44488e-08
-0.131845 -1.41226e-08
-0.131756 -1.3896e-08
-0.131666 -1.37087e-08
-0.131576 -1.38249e-08
-0.131486 -1.40935e-08
-0.131396 -1.3936e-08
-0.131306 -1.39779e-08
-0.131216 -1.40982e-08
-0.131126 -1.41058e-08
-0.131037 -1.41483e-08
-0.130947 -1.42768e-08
-0.130857 -1.43675e-08
-0.130767 -1.4559e-08
-0.130677 -1.47854e-08
-0.130587 -1.4955e-08
-0.130497 -1.49918e-08
-0.130407 -1.50383e-08
-0.130318 -1.50987e-08
-0.130228 -1.51242e-08
-0.130138 -1.53349e-08
-0.130048 -1.53744e-08
-0.129958 -1.53652e-08
-0.129868 -1.53082e-08
-0.129778 -1.5259e-08
-0.129688 -1.52263e-08
-0.129599 -1.50537e-08
-0.129509 -1.47725e-08
-0.129419 -1.45182e-08
-0.129329 -1.4355e-08
-0.129239 -1.44419e-08
-0.129149 -1.42073e-08
-0.129059 -1.41386e-08
-0.128969 -1.41488e-08
-0.12888 -1.38438e-08
-0.12879 -1.37208e-08
-0.1287 -1.3612e-08
-0.12861 -1.36193e-08
-0.12852 -1.37219e-08
-0.12843 -1.38814e-08
-0.12834 -1.39747e-08
-0.12825 -1.40038e-08
-0.128161 -1.41253e-08
-0.128071 -1.44467e-08
-0.127981 -1.46229e-08
-0.127891 -1.49701e-08
-0.127801 -1.52135e-08
-0.127711 -1.53361e-08
-0.127621 -1.53531e-08
-0.127531 -1.54636e-08
-0.127442 -1.54809e-08
-0.127352 -1.54564e-08
-0.127262 -1.54301e-08
-0.127172 -1.54955e-08
-0.127082 -1.54682e-08
-0.126992 -1.55225e-08
-0.126902 -1.5396e-08
-0.126812 -1.50555e-08
-0.126723 -1.50706e-08
-0.126633 -1.49419e-08
-0.126543 -1.48159e-08
-0.126453 -1.46083e-08
-0.126363 -1.43753e-08
-0.126273 -1.41987e-08
-0.126183 -1.40694e-08
-0.126093 -1.38466e-08
-0.126004 -1.3594e-08
-0.125914 -1.34316e-08
-0.125824 -1.34473e-08
-0.125734 -1.32417e-08
-0.125644 -1.31955e-08
-0.125554 -1.32067e-08
-0.125464 -1.31748e-08
-0.125374 -1.32028e-08
-0.125285 -1.32305e-08
-0.125195 -1.3413e-08
-0.125105 -1.34908e-08
-0.125015 -1.34258e-08
-0.124925 -1.32796e-08
-0.124835 -1.32328e-08
-0.124745 -1.32808e-08
-0.124655 -1.34935e-08
-0.124566 -1.34297e-08
-0.124476 -1.35768e-08
-0.124386 -1.35664e-08
-0.124296 -1.34215e-08
-0.124206 -1.32702e-08
-0.124116 -1.32126e-08
-0.124026 -1.3156e-08
-0.123936 -1.32134e-08
-0.123847 -1.32794e-08
-0.123757 -1.34371e-08
-0.123667 -1.35902e-08
-0.123577 -1.36812e-08
-0.123487 -1.37668e-08
-0.123397 -1.38731e-08
-0.123307 -1.4212e-08
-0.123217 -1.45434e-08
-0.123128 -1.48487e-08
-0.123038 -1.50231e-08
-0.122948 -1.51777e-08
-0.122858 -1.52484e-08
-0.122768 -1.53573e-08
-0.122678 -1.54774e-08
-0.122588 -1.55993e-08
-0.122498 -1.57222e-08
-0.122409 -1.59541e-08
-0.122319 -1.58509e-08
-0.122229 -1.57281e-08
-0.122139 -1.56385e-08
-0.122049 -1.54079e-08
-0.121959 -1.5227e-08
-0.121869 -1.49266e-08
-0.121779 -1.46164e-08
-0.12169 -1.43334e-08
-0.1216 -1.40218e-08
-0.12151 -1.36928e-08
-0.12142 -1.34937e-08
-0.12133 -1.33295e-08
-0.12124 -1.32981e-08
-0.12115 -1.32334e-08
-0.12106 -1.32647e-08
-0.120971 -1.32493e-08
-0.120881 -1.32954e-08
-0.120791 -1.32021e-08
-0.120701 -1.31746e-08
-0.120611 -1.30916e-08
-0.120521 -1.29787e-08
-0.120431 -1.28744e-08
-0.120341 -1.28532e-08
-0.120252 -1.28573e-08
-0.120162 -1.28479e-08
-0.120072 -1.27688e-08
-0.119982 -1.26201e-08
-0.119892 -1.2581e-08
-0.119802 -1.25666e-08
-0.119712 -1.25559e-08
-0.119623 -1.24828e-08
-0.119533 -1.24603e-08
-0.119443 -1.24566e-08
-0.119353 -1.2598e-08
-0.119263 -1.27338e-08
-0.119173 -1.29405e-08
-0.119083 -1.31598e-08
-0.118993 -1.3306e-08
-0.118904 -1.35279e-08
-0.118814 -1.37446e-08
-0.118724 -1.39607e-08
-0.118634 -1.42671e-08
-0.118544 -1.45432e-08
-0.118454 -1.47633e-08
-0.118364 -1.49545e-08
-0.118274 -1.50662e-08
-0.118185 -1.50689e-08
-0.118095 -1.5063e-08
-0.118005 -1.51066e-08
-0.117915 -1.50754e-08
-0.117825 -1.49741e-08
-0.117735 -1.48048e-08
-0.117645 -1.45866e-08
-0.117555 -1.4337e-08
-0.117466 -1.41263e-08
-0.117376 -1.38846e-08
-0.117286 -1.36234e-08
-0.117196 -1.33703e-08
-0.117106 -1.31511e-08
-0.117016 -1.29621e-08
-0.116926 -1.27341e-08
-0.116836 -1.2534e-08
-0.116747 -1.22607e-08
-0.116657 -1.20572e-08
-0.116567 -1.201e-08
-0.116477 -1.18555e-08
-0.116387 -1.18324e-08
-0.116297 -1.1811e-08
-0.116207 -1.17822e-08
-0.116117 -1.17558e-08
-0.116028 -1.17155e-08
-0.115938 -1.16923e-08
-0.115848 -1.17597e-08
-0.115758 -1.18752e-08
-0.115668 -1.2021e-08
-0.115578 -1.20804e-08
-0.115488 -1.22141e-08
-0.115398 -1.2256e-08
-0.115309 -1.23033e-08
-0.115219 -1.24391e-08
-0.115129 -1.25756e-08
-0.115039 -1.27217e-08
-0.114949 -1.28255e-08
-0.114859 -1.29353e-08
-0.114769 -1.30451e-08
-0.114679 -1.31274e-08
-0.11459 -1.31739e-08
-0.1145 -1.31648e-08
-0.11441 -1.30991e-08
-0.11432 -1.31809e-08
-0.11423 -1.31135e-08
-0.11414 -1.30551e-08
-0.11405 -1.30177e-08
-0.11396 -1.29834e-08
-0.113871 -1.29085e-08
-0.113781 -1.28527e-08
-0.113691 -1.27705e-08
-0.113601 -1.26774e-08
-0.113511 -1.25762e-08
-0.113421 -1.2492e-08
-0.113331 -1.23985e-08
-0.113241 -1.23066e-08
-0.113152 -1.22754e-08
-0.113062 -1.21887e-08
-0.112972 -1.21177e-08
-0.112882 -1.20477e-08
-0.112792 -1.20703e-08
-0.112702 -1.20877e-08
-0.112612 -1.21449e-08
-0.112522 -1.21982e-08
-0.112433 -1.22689e-08
-0.112343 -1.22817e-08
-0.112253 -1.22797e-08
-0.112163 -1.22652e-08
-0.112073 -1.23781e-08
-0.111983 -1.24933e-08
-0.111893 -1.25723e-08
-0.111803 -1.26352e-08
-0.111714 -1.26776e-08
-0.111624 -1.27867e-08
-0.111534 -1.29074e-08
-0.111444 -1.30262e-08
-0.111354 -1.31496e-08
-0.111264 -1.32858e-08
-0.111174 -1.33807e-08
-0.111084 -1.34686e-08
-0.110995 -1.35563e-08
-0.110905 -1.361e-08
-0.110815 -1.3666e-08
-0.110725 -1.3745e-08
-0.110635 -1.38059e-08
-0.110545 -1.39099e-08
-0.110455 -1.39275e-08
-0.110365 -1.39363e-08
-0.110276 -1.39432e-08
-0.110186 -1.39385e-08
-0.110096 -1.38913e-08
-0.110006 -1.37872e-08
-0.109916 -1.37401e-08
-0.109826 -1.36424e-08
-0.109736 -1.34874e-08
-0.109646 -1.33648e-08
-0.109557 -1.31556e-08
-0.109467 -1.29349e-08
-0.109377 -1.27241e-08
-0.109287 -1.25426e-08
-0.109197 -1.23616e-08
-0.109107 -1.21391e-08
-0.109017 -1.19046e-08
-0.108927 -1.16996e-08
-0.108838 -1.15434e-08
-0.108748 -1.14786e-08
-0.108658 -1.13221e-08
-0.108568 -1.12362e-08
-0.108478 -1.11978e-08
-0.108388 -1.11153e-08
-0.108298 -1.1023e-08
-0.108208 -1.09185e-08
-0.108119 -1.08434e-08
-0.108029 -1.07795e-08
-0.107939 -1.07259e-08
-0.107849 -1.06512e-08
-0.107759 -1.05661e-08
-0.107669 -1.04896e-08
-0.107579 -1.04861e-08
-0.107489 -1.0379e-08
-0.1074 -1.03381e-08
-0.10731 -1.02811e-08
-0.10722 -1.02101e-08
-0.10713 -1.01373e-08
-0.10704 -1.01304e-08
-0.10695 -1.01225e-08
-0.10686 -1.01236e-08
-0.106771 -1.01347e-08
-0.106681 -1.01903e-08
-0.106591 -1.02909e-08
-0.106501 -1.03631e-08
-0.106411 -1.04372e-08
-0.106321 -1.04876e-08
-0.106231 -1.05998e-08
-0.106141 -1.07336e-08
-0.106052 -1.08798e-08
-0.105962 -1.09558e-08
-0.105872 -1.1021e-08
-0.105782 -1.10736e-08
-0.105692 -1.11262e-08
-0.105602 -1.11509e-08
-0.105512 -1.11927e-08
-0.105422 -1.12213e-08
-0.105333 -1.123e-08
-0.105243 -1.11837e-08
-0.105153 -1.11426e-08
-0.105063 -1.10909e-08
-0.104973 -1.10352e-08
-0.104883 -1.09944e-08
-0.104793 -1.09287e-08
-0.104703 -1.08669e-08
-0.104614 -1.08145e-08
-0.104524 -1.07524e-08
-0.104434 -1.06759e-08
-0.104344 -1.06335e-08
-0.104254 -1.05728e-08
-0.104164 -1.05201e-08
-0.104074 -1.05414e-08
-0.103984 -1.0522e-08
-0.103895 -1.04956e-08
-0.103805 -1.04789e-08
-0.103715 -1.04192e-08
-0.103625 -1.03485e-08
-0.103535 -1.02457e-08
-0.103445 -1.01287e-08
-0.103355 -1.00358e-08
-0.103265 -9.96538e-09
-0.103176 -9.90304e-09
-0.103086 -9.82688e-09
-0.102996 -9.74206e-09
-0.102906 -9.69492e-09
-0.102816 -9.60189e-09
-0.102726 -9.55849e-09
-0.102636 -9.51153e-09
-0.102546 -9.5021e-09
-0.102457 -9.48648e-09
-0.102367 -9.49413e-09
-0.102277 -9.52e-09
-0.102187 -9.58583e-09
-0.102097 -9.61504e-09
-0.102007 -9.64993e-09
-0.101917 -9.65446e-09
-0.101827 -9.75902e-09
-0.101738 -9.82079e-09
-0.101648 -9.83201e-09
-0.101558 -9.85745e-09
-0.101468 -9.87038e-09
-0.101378 -9.88813e-09
-0.101288 -9.88057e-09
-0.101198 -9.87503e-09
-0.101108 -9.87499e-09
-0.101019 -9.91598e-09
-0.100929 -9.93443e-09
-0.100839 -9.94665e-09
-0.100749 -9.93941e-09
-0.100659 -9.92496e-09
-0.100569 -9.88663e-09
-0.100479 -9.87868e-09
-0.100389 -9.8852e-09
-0.1003 -9.91556e-09
-0.10021 -9.91296e-09
-0.10012 -9.91407e-09
-0.10003 -9.90773e-09
-0.0999401 -9.88419e-09
-0.0998502 -9.82769e-09
-0.0997603 -9.747e-09
-0.0996704 -9.73001e-09
-0.0995806 -9.70681e-09
-0.0994907 -9.66509e-09
-0.0994008 -9.63768e-09
-0.0993109 -9.53888e-09
-0.0992211 -9.43221e-09
-0.0991312 -9.34494e-09
-0.0990413 -9.28461e-09
-0.0989514 -9.24181e-09
-0.0988616 -9.18172e-09
-0.0987717 -9.10446e-09
-0.0986818 -9.05625e-09
-0.098592 -9.01362e-09
-0.0985021 -9.01301e-09
-0.0984122 -8.9883e-09
-0.0983223 -9.00331e-09
-0.0982325 -9.05667e-09
-0.0981426 -9.09371e-09
-0.0980527 -9.11335e-09
-0.0979628 -9.13368e-09
-0.097873 -9.16429e-09
-0.0977831 -9.17356e-09
-0.0976932 -9.1977e-09
-0.0976033 -9.19824e-09
-0.0975135 -9.19928e-09
-0.0974236 -9.19638e-09
-0.0973337 -9.21245e-09
-0.0972438 -9.16677e-09
-0.097154 -9.16678e-09
-0.0970641 -9.14659e-09
-0.0969742 -9.11321e-09
-0.0968843 -9.07583e-09
-0.0967945 -9.049e-09
-0.0967046 -9.02121e-09
-0.0966147 -9.00776e-09
-0.0965248 -8.99719e-09
-0.096435 -9.01099e-09
-0.0963451 -9.03783e-09
-0.0962552 -9.03498e-09
-0.0961653 -9.05e-09
-0.0960755 -9.0645e-09
-0.0959856 -9.08206e-09
-0.0958957 -9.13292e-09
-0.0958059 -9.20036e-09
-0.095716 -9.24252e-09
-0.0956261 -9.29316e-09
-0.0955362 -9.33876e-09
-0.0954464 -9.38896e-09
-0.0953565 -9.44945e-09
-0.0952666 -9.51632e-09
-0.0951767 -9.57762e-09
-0.0950869 -9.5912e-09
-0.094997 -9.60868e-09
-0.0949071 -9.60588e-09
-0.0948172 -9.59424e-09
-0.0947274 -9.60764e-09
-0.0946375 -9.62555e-09
-0.0945476 -9.61709e-09
-0.0944577 -9.57442e-09
-0.0943679 -9.54106e-09
-0.094278 -9.49018e-09
-0.0941881 -9.43487e-09
-0.0940982 -9.36119e-09
-0.0940084 -9.28688e-09
-0.0939185 -9.19792e-09
-0.0938286 -9.15349e-09
-0.0937387 -9.06798e-09
-0.0936489 -8.96793e-09
-0.093559 -8.87398e-09
-0.0934691 -8.78891e-09
-0.0933793 -8.71652e-09
-0.0932894 -8.65598e-09
-0.0931995 -8.58606e-09
-0.0931096 -8.51821e-09
-0.0930198 -8.45004e-09
-0.0929299 -8.381e-09
-0.09284 -8.32613e-09
-0.0927501 -8.27079e-09
-0.0926603 -8.2451e-09
-0.0925704 -8.20253e-09
-0.0924805 -8.17337e-09
-0.0923906 -8.1302e-09
-0.0923008 -8.10012e-09
-0.0922109 -8.05959e-09
-0.092121 -8.02269e-09
-0.0920311 -7.9801e-09
-0.0919413 -7.94566e-09
-0.0918514 -7.89727e-09
-0.0917615 -7.84735e-09
-0.0916716 -7.8367e-09
-0.0915818 -7.80249e-09
-0.0914919 -7.75834e-09
-0.091402 -7.72344e-09
-0.0913121 -7.65882e-09
-0.0912223 -7.59334e-09
-0.0911324 -7.54261e-09
-0.0910425 -7.50857e-09
-0.0909526 -7.47031e-09
-0.0908628 -7.44407e-09
-0.0907729 -7.4092e-09
-0.090683 -7.36849e-09
-0.0905932 -7.32996e-09
-0.0905033 -7.30378e-09
-0.0904134 -7.25626e-09
-0.0903235 -7.2345e-09
-0.0902337 -7.21431e-09
-0.0901438 -7.19991e-09
-0.0900539 -7.17905e-09
-0.089964 -7.1613e-09
-0.0898742 -7.15371e-09
-0.0897843 -7.152e-09
-0.0896944 -7.1586e-09
-0.0896045 -7.19394e-09
-0.0895147 -7.24214e-09
-0.0894248 -7.28718e-09
-0.0893349 -7.32296e-09
-0.089245 -7.32352e-09
-0.0891552 -7.34101e-09
-0.0890653 -7.3726e-09
-0.0889754 -7.41711e-09
-0.0888855 -7.43615e-09
-0.0887957 -7.44519e-09
-0.0887058 -7.44296e-09
-0.0886159 -7.43722e-09
-0.088526 -7.41023e-09
-0.0884362 -7.37186e-09
-0.0883463 -7.32847e-09
-0.0882564 -7.27347e-09
-0.0881665 -7.21897e-09
-0.0880767 -7.16305e-09
-0.0879868 -7.09168e-09
-0.0878969 -7.02937e-09
-0.0878071 -6.97128e-09
-0.0877172 -6.91291e-09
-0.0876273 -6.86538e-09
-0.0875374 -6.82713e-09
-0.0874476 -6.78091e-09
-0.0873577 -6.74076e-09
-0.0872678 -6.72073e-09
-0.0871779 -6.70092e-09
-0.0870881 -6.66954e-09
-0.0869982 -6.6869e-09
-0.0869083 -6.68364e-09
-0.0868184 -6.68756e-09
-0.0867286 -6.70644e-09
-0.0866387 -6.71754e-09
-0.0865488 -6.73582e-09
-0.0864589 -6.74146e-09
-0.0863691 -6.73427e-09
-0.0862792 -6.72028e-09
-0.0861893 -6.69753e-09
-0.0860994 -6.66445e-09
-0.0860096 -6.63483e-09
-0.0859197 -6.59979e-09
-0.0858298 -6.57307e-09
-0.0857399 -6.54074e-09
-0.0856501 -6.50364e-09
-0.0855602 -6.46206e-09
-0.0854703 -6.44164e-09
-0.0853805 -6.42531e-09
-0.0852906 -6.41872e-09
-0.0852007 -6.41126e-09
-0.0851108 -6.3931e-09
-0.085021 -6.36409e-09
-0.0849311 -6.32903e-09
-0.0848412 -6.31315e-09
-0.0847513 -6.30137e-09
-0.0846615 -6.30262e-09
-0.0845716 -6.31028e-09
-0.0844817 -6.28922e-09
-0.0843918 -6.26317e-09
-0.084302 -6.24692e-09
-0.0842121 -6.2467e-09
-0.0841222 -6.24185e-09
-0.0840323 -6.25148e-09
-0.0839425 -6.26173e-09
-0.0838526 -6.28156e-09
-0.0837627 -6.29576e-09
-0.0836728 -6.31575e-09
-0.083583 -6.31215e-09
-0.0834931 -6.32809e-09
-0.0834032 -6.35513e-09
-0.0833133 -6.39814e-09
-0.0832235 -6.44109e-09
-0.0831336 -6.48094e-09
-0.0830437 -6.51725e-09
-0.0829538 -6.55582e-09
-0.082864 -6.58902e-09
-0.0827741 -6.62878e-09
-0.0826842 -6.67024e-09
-0.0825944 -6.69383e-09
-0.0825045 -6.70944e-09
-0.0824146 -6.70731e-09
-0.0823247 -6.70259e-09
-0.0822349 -6.69249e-09
-0.082145 -6.68342e-09
-0.0820551 -6.65978e-09
-0.0819652 -6.62334e-09
-0.0818754 -6.59235e-09
-0.0817855 -6.5691e-09
-0.0816956 -6.54634e-09
-0.0816057 -6.51765e-09
-0.0815159 -6.49128e-09
-0.081426 -6.44675e-09
-0.0813361 -6.42758e-09
-0.0812462 -6.41071e-09
-0.0811564 -6.38344e-09
-0.0810665 -6.3779e-09
-0.0809766 -6.37761e-09
-0.0808867 -6.384e-09
-0.0807969 -6.39138e-09
-0.080707 -6.40338e-09
-0.0806171 -6.40654e-09
-0.0805272 -6.41729e-09
-0.0804374 -6.4296e-09
-0.0803475 -6.44109e-09
-0.0802576 -6.44025e-09
-0.0801677 -6.45541e-09
-0.0800779 -6.44917e-09
-0.079988 -6.44071e-09
-0.0798981 -6.431e-09
-0.0798083 -6.42245e-09
-0.0797184 -6.40057e-09
-0.0796285 -6.37086e-09
-0.0795386 -6.33939e-09
-0.0794488 -6.29847e-09
-0.0793589 -6.25213e-09
-0.079269 -6.1964e-09
-0.0791791 -6.1653e-09
-0.0790893 -6.12198e-09
-0.0789994 -6.07715e-09
-0.0789095 -6.0513e-09
-0.0788196 -6.00466e-09
-0.0787298 -5.94947e-09
-0.0786399 -5.89695e-09
-0.07855 -5.85311e-09
-0.0784601 -5.81071e-09
-0.0783703 -5.77052e-09
-0.0782804 -5.71921e-09
-0.0781905 -5.66902e-09
-0.0781006 -5.62142e-09
-0.0780108 -5.60004e-09
-0.0779209 -5.57114e-09
-0.077831 -5.55153e-09
-0.0777411 -5.5423e-09
-0.0776513 -5.51817e-09
-0.0775614 -5.48121e-09
-0.0774715 -5.44525e-09
-0.0773817 -5.41899e-09
-0.0772918 -5.38576e-09
-0.0772019 -5.36402e-09
-0.077112 -5.35136e-09
-0.0770222 -5.35639e-09
-0.0769323 -5.3607e-09
-0.0768424 -5.35278e-09
-0.0767525 -5.34097e-09
-0.0766627 -5.32971e-09
-0.0765728 -5.32612e-09
-0.0764829 -5.34027e-09
-0.076393 -5.34556e-09
-0.0763032 -5.34551e-09
-0.0762133 -5.33813e-09
-0.0761234 -5.33534e-09
-0.0760335 -5.3391e-09
-0.0759437 -5.3423e-09
-0.0758538 -5.34029e-09
-0.0757639 -5.32666e-09
-0.075674 -5.31877e-09
-0.0755842 -5.31251e-09
-0.0754943 -5.28147e-09
-0.0754044 -5.26186e-09
-0.0753145 -5.23434e-09
-0.0752247 -5.21546e-09
-0.0751348 -5.19576e-09
-0.0750449 -5.18393e-09
-0.074955 -5.17254e-09
-0.0748652 -5.16911e-09
-0.0747753 -5.14777e-09
-0.0746854 -5.12825e-09
-0.0745956 -5.09921e-09
-0.0745057 -5.08471e-09
-0.0744158 -5.06609e-09
-0.0743259 -5.04507e-09
-0.0742361 -5.02561e-09
-0.0741462 -5.01546e-09
-0.0740563 -5.00827e-09
-0.0739664 -5.00762e-09
-0.0738766 -5.01525e-09
-0.0737867 -5.02255e-09
-0.0736968 -5.03962e-09
-0.0736069 -5.05605e-09
-0.0735171 -5.07159e-09
-0.0734272 -5.09162e-09
-0.0733373 -5.09339e-09
-0.0732474 -5.09538e-09
-0.0731576 -5.1031e-09
-0.0730677 -5.11523e-09
-0.0729778 -5.12732e-09
-0.0728879 -5.13119e-09
-0.0727981 -5.13106e-09
-0.0727082 -5.12946e-09
-0.0726183 -5.12299e-09
-0.0725284 -5.1107e-09
-0.0724386 -5.09795e-09
-0.0723487 -5.09343e-09
-0.0722588 -5.07999e-09
-0.0721689 -5.0519e-09
-0.0720791 -5.03215e-09
-0.0719892 -5.00117e-09
-0.0718993 -4.97282e-09
-0.0718095 -4.93559e-09
-0.0717196 -4.89719e-09
-0.0716297 -4.86185e-09
-0.0715398 -4.82473e-09
-0.07145 -4.78133e-09
-0.0713601 -4.74303e-09
-0.0712702 -4.70641e-09
-0.0711803 -4.66625e-09
-0.0710905 -4.63517e-09
-0.0710006 -4.60705e-09
-0.0709107 -4.57623e-09
-0.0708208 -4.55914e-09
-0.070731 -4.53372e-09
-0.0706411 -4.50808e-09
-0.0705512 -4.48231e-09
-0.0704613 -4.45908e-09
-0.0703715 -4.43702e-09
-0.0702816 -4.42456e-09
-0.0701917 -4.41019e-09
-0.0701018 -4.40308e-09
-0.070012 -4.3905e-09
-0.0699221 -4.39815e-09
-0.0698322 -4.39147e-09
-0.0697423 -4.38171e-09
-0.0696525 -4.37718e-09
-0.0695626 -4.37592e-09
-0.0694727 -4.3779e-09
-0.0693829 -4.37413e-09
-0.069293 -4.3642e-09
-0.0692031 -4.34661e-09
-0.0691132 -4.32675e-09
-0.0690234 -4.30039e-09
-0.0689335 -4.28566e-09
-0.0688436 -4.26173e-09
-0.0687537 -4.22929e-09
-0.0686639 -4.21058e-09
-0.068574 -4.18009e-09
-0.0684841 -4.13935e-09
-0.0683942 -4.09485e-09
-0.0683044 -4.04978e-09
-0.0682145 -4.00208e-09
-0.0681246 -3.9576e-09
-0.0680347 -3.90702e-09
-0.0679449 -3.85912e-09
-0.067855 -3.81201e-09
-0.0677651 -3.78797e-09
-0.0676752 -3.75571e-09
-0.0675854 -3.73279e-09
-0.0674955 -3.71635e-09
-0.0674056 -3.69311e-09
-0.0673157 -3.66226e-09
-0.0672259 -3.63321e-09
-0.067136 -3.61437e-09
-0.0670461 -3.59068e-09
-0.0669562 -3.57578e-09
-0.0668664 -3.56437e-09
-0.0667765 -3.55893e-09
-0.0666866 -3.55249e-09
-0.0665968 -3.5383e-09
-0.0665069 -3.53516e-09
-0.066417 -3.5233e-09
-0.0663271 -3.5174e-09
-0.0662373 -3.52057e-09
-0.0661474 -3.52046e-09
-0.0660575 -3.52154e-09
-0.0659676 -3.51828e-09
-0.0658778 -3.51455e-09
-0.0657879 -3.51823e-09
-0.065698 -3.52796e-09
-0.0656081 -3.53817e-09
-0.0655183 -3.54003e-09
-0.0654284 -3.54105e-09
-0.0653385 -3.54556e-09
-0.0652486 -3.53592e-09
-0.0651588 -3.53274e-09
-0.0650689 -3.52962e-09
-0.064979 -3.53436e-09
-0.0648891 -3.53418e-09
-0.0647993 -3.53742e-09
-0.0647094 -3.54152e-09
-0.0646195 -3.54549e-09
-0.0645296 -3.53374e-09
-0.0644398 -3.51764e-09
-0.0643499 -3.51279e-09
-0.06426 -3.50412e-09
-0.0641701 -3.492e-09
-0.0640803 -3.48619e-09
-0.0639904 -3.46681e-09
-0.0639005 -3.44791e-09
-0.0638107 -3.42951e-09
-0.0637208 -3.41591e-09
-0.0636309 -3.40024e-09
-0.063541 -3.38918e-09
-0.0634512 -3.37891e-09
-0.0633613 -3.372e-09
-0.0632714 -3.36657e-09
-0.0631815 -3.36577e-09
-0.0630917 -3.35653e-09
-0.0630018 -3.35191e-09
-0.0629119 -3.35069e-09
-0.062822 -3.3544e-09
-0.0627322 -3.35912e-09
-0.0626423 -3.36402e-09
-0.0625524 -3.37747e-09
-0.0624625 -3.39395e-09
-0.0623727 -3.41711e-09
-0.0622828 -3.44625e-09
-0.0621929 -3.47816e-09
-0.062103 -3.49599e-09
-0.0620132 -3.51595e-09
-0.0619233 -3.5382e-09
-0.0618334 -3.54278e-09
-0.0617435 -3.55795e-09
-0.0616537 -3.57604e-09
-0.0615638 -3.59496e-09
-0.0614739 -3.60201e-09
-0.0613841 -3.60717e-09
-0.0612942 -3.6116e-09
-0.0612043 -3.62243e-09
-0.0611144 -3.6222e-09
-0.0610246 -3.62205e-09
-0.0609347 -3.61736e-09
-0.0608448 -3.61408e-09
-0.0607549 -3.60159e-09
-0.0606651 -3.58198e-09
-0.0605752 -3.5625e-09
-0.0604853 -3.54975e-09
-0.0603954 -3.53902e-09
-0.0603056 -3.5279e-09
-0.0602157 -3.52154e-09
-0.0601258 -3.50883e-09
-0.0600359 -3.4946e-09
-0.0599461 -3.47547e-09
-0.0598562 -3.45851e-09
-0.0597663 -3.45533e-09
-0.0596764 -3.4432e-09
-0.0595866 -3.44014e-09
-0.0594967 -3.43492e-09
-0.0594068 -3.42007e-09
-0.0593169 -3.4005e-09
-0.0592271 -3.37895e-09
-0.0591372 -3.36337e-09
-0.0590473 -3.35005e-09
-0.0589574 -3.3375e-09
-0.0588676 -3.32571e-09
-0.0587777 -3.31791e-09
-0.0586878 -3.31129e-09
-0.058598 -3.3026e-09
-0.0585081 -3.29344e-09
-0.0584182 -3.27972e-09
-0.0583283 -3.27147e-09
-0.0582385 -3.27015e-09
-0.0581486 -3.26404e-09
-0.0580587 -3.25367e-09
-0.0579688 -3.24091e-09
-0.057879 -3.22778e-09
-0.0577891 -3.22338e-09
-0.0576992 -3.22451e-09
-0.0576093 -3.22836e-09
-0.0575195 -3.22341e-09
-0.0574296 -3.22709e-09
-0.0573397 -3.2272e-09
-0.0572498 -3.21937e-09
-0.05716 -3.2205e-09
-0.0570701 -3.21985e-09
-0.0569802 -3.22074e-09
-0.0568903 -3.21786e-09
-0.0568005 -3.21884e-09
-0.0567106 -3.21288e-09
-0.0566207 -3.20103e-09
-0.0565308 -3.18286e-09
-0.056441 -3.16903e-09
-0.0563511 -3.15814e-09
-0.0562612 -3.14136e-09
-0.0561713 -3.12675e-09
-0.0560815 -3.10591e-09
-0.0559916 -3.07752e-09
-0.0559017 -3.04734e-09
-0.0558119 -3.01423e-09
-0.055722 -2.97804e-09
-0.0556321 -2.9415e-09
-0.0555422 -2.90013e-09
-0.0554524 -2.8595e-09
-0.0553625 -2.81971e-09
-0.0552726 -2.79194e-09
-0.0551827 -2.76507e-09
-0.0550929 -2.73683e-09
-0.055003 -2.72389e-09
-0.0549131 -2.7096e-09
-0.0548232 -2.69263e-09
-0.0547334 -2.66985e-09
-0.0546435 -2.65276e-09
-0.0545536 -2.63614e-09
-0.0544637 -2.62089e-09
-0.0543739 -2.60824e-09
-0.054284 -2.60236e-09
-0.0541941 -2.60074e-09
-0.0541042 -2.59444e-09
-0.0540144 -2.59397e-09
-0.0539245 -2.59454e-09
-0.0538346 -2.58767e-09
-0.0537447 -2.5891e-09
-0.0536549 -2.58536e-09
-0.053565 -2.58296e-09
-0.0534751 -2.57753e-09
-0.0533853 -2.57122e-09
-0.0532954 -2.56292e-09
-0.0532055 -2.55849e-09
-0.0531156 -2.55328e-09
-0.0530258 -2.54923e-09
-0.0529359 -2.54086e-09
-0.052846 -2.53749e-09
-0.0527561 -2.53086e-09
-0.0526663 -2.52256e-09
-0.0525764 -2.51257e-09
-0.0524865 -2.50499e-09
-0.0523966 -2.49552e-09
-0.0523068 -2.47882e-09
-0.0522169 -2.46206e-09
-0.052127 -2.44031e-09
-0.0520371 -2.41881e-09
-0.0519473 -2.39565e-09
-0.0518574 -2.38259e-09
-0.0517675 -2.36669e-09
-0.0516776 -2.34555e-09
-0.0515878 -2.33778e-09
-0.0514979 -2.32266e-09
-0.051408 -2.3021e-09
-0.0513181 -2.27484e-09
-0.0512283 -2.25067e-09
-0.0511384 -2.2227e-09
-0.0510485 -2.19615e-09
-0.0509586 -2.16559e-09
-0.0508688 -2.13942e-09
-0.0507789 -2.11666e-09
-0.050689 -2.10204e-09
-0.0505992 -2.08999e-09
-0.0505093 -2.0822e-09
-0.0504194 -2.074e-09
-0.0503295 -2.0675e-09
-0.0502397 -2.05409e-09
-0.0501498 -2.04093e-09
-0.0500599 -2.0284e-09
-0.04997 -2.01408e-09
-0.0498802 -2.001e-09
-0.0497903 -1.99228e-09
-0.0497004 -1.98494e-09
-0.0496105 -1.97854e-09
-0.0495207 -1.96571e-09
-0.0494308 -1.96507e-09
-0.0493409 -1.96257e-09
-0.049251 -1.9597e-09
-0.0491612 -1.95668e-09
-0.0490713 -1.95468e-09
-0.0489814 -1.95487e-09
-0.0488915 -1.95389e-09
-0.0488017 -1.95265e-09
-0.0487118 -1.95058e-09
-0.0486219 -1.95136e-09
-0.048532 -1.95235e-09
-0.0484422 -1.95572e-09
-0.0483523 -1.95619e-09
-0.0482624 -1.9522e-09
-0.0481725 -1.95616e-09
-0.0480827 -1.95814e-09
-0.0479928 -1.95936e-09
-0.0479029 -1.95945e-09
-0.0478131 -1.96091e-09
-0.0477232 -1.95653e-09
-0.0476333 -1.95423e-09
-0.0475434 -1.94836e-09
-0.0474536 -1.94658e-09
-0.0473637 -1.94556e-09
-0.0472738 -1.94654e-09
-0.0471839 -1.94346e-09
-0.0470941 -1.94237e-09
-0.0470042 -1.94043e-09
-0.0469143 -1.93838e-09
-0.0468244 -1.93293e-09
-0.0467346 -1.92583e-09
-0.0466447 -1.91744e-09
-0.0465548 -1.90485e-09
-0.0464649 -1.88994e-09
-0.0463751 -1.86963e-09
-0.0462852 -1.84714e-09
-0.0461953 -1.82423e-09
-0.0461054 -1.79881e-09
-0.0460156 -1.77831e-09
-0.0459257 -1.75932e-09
-0.0458358 -1.74079e-09
-0.0457459 -1.71992e-09
-0.0456561 -1.69792e-09
-0.0455662 -1.68046e-09
-0.0454763 -1.66307e-09
-0.0453865 -1.64561e-09
-0.0452966 -1.6261e-09
-0.0452067 -1.60835e-09
-0.0451168 -1.58872e-09
-0.045027 -1.57451e-09
-0.0449371 -1.5609e-09
-0.0448472 -1.54732e-09
-0.0447573 -1.54547e-09
-0.0446675 -1.54208e-09
-0.0445776 -1.53686e-09
-0.0444877 -1.53078e-09
-0.0443978 -1.5299e-09
-0.044308 -1.52766e-09
-0.0442181 -1.52568e-09
-0.0441282 -1.52526e-09
-0.0440383 -1.52818e-09
-0.0439485 -1.53259e-09
-0.0438586 -1.53495e-09
-0.0437687 -1.53762e-09
-0.0436788 -1.54259e-09
-0.043589 -1.54625e-09
-0.0434991 -1.55232e-09
-0.0434092 -1.55752e-09
-0.0433193 -1.56238e-09
-0.0432295 -1.5665e-09
-0.0431396 -1.5672e-09
-0.0430497 -1.57109e-09
-0.0429598 -1.57611e-09
-0.04287 -1.58015e-09
-0.0427801 -1.58326e-09
-0.0426902 -1.57976e-09
-0.0426004 -1.57961e-09
-0.0425105 -1.57274e-09
-0.0424206 -1.5653e-09
-0.0423307 -1.55915e-09
-0.0422409 -1.55468e-09
-0.042151 -1.55238e-09
-0.0420611 -1.54401e-09
-0.0419712 -1.53417e-09
-0.0418814 -1.52024e-09
-0.0417915 -1.50702e-09
-0.0417016 -1.49121e-09
-0.0416117 -1.4828e-09
-0.0415219 -1.47327e-09
-0.041432 -1.45975e-09
-0.0413421 -1.4559e-09
-0.0412522 -1.44726e-09
-0.0411624 -1.43522e-09
-0.0410725 -1.42017e-09
-0.0409826 -1.40708e-09
-0.0408927 -1.39257e-09
-0.0408029 -1.37765e-09
-0.040713 -1.35893e-09
-0.0406231 -1.33907e-09
-0.0405332 -1.31983e-09
-0.0404434 -1.30569e-09
-0.0403535 -1.29271e-09
-0.0402636 -1.28214e-09
-0.0401737 -1.27221e-09
-0.0400839 -1.26203e-09
-0.039994 -1.24545e-09
-0.0399041 -1.22666e-09
-0.0398143 -1.20866e-09
-0.0397244 -1.18758e-09
-0.0396345 -1.16936e-09
-0.0395446 -1.15449e-09
-0.0394548 -1.13745e-09
-0.0393649 -1.12351e-09
-0.039275 -1.10796e-09
-0.0391851 -1.09876e-09
-0.0390953 -1.08706e-09
-0.0390054 -1.07603e-09
-0.0389155 -1.06525e-09
-0.0388256 -1.05126e-09
-0.0387358 -1.04107e-09
-0.0386459 -1.03093e-09
-0.038556 -1.02242e-09
-0.0384661 -1.01338e-09
-0.0383763 -1.00804e-09
-0.0382864 -1.00161e-09
-0.0381965 -9.98583e-10
-0.0381066 -9.93237e-10
-0.0380168 -9.87048e-10
-0.0379269 -9.85602e-10
-0.037837 -9.82356e-10
-0.0377471 -9.78032e-10
-0.0376573 -9.72856e-10
-0.0375674 -9.69147e-10
-0.0374775 -9.65583e-10
-0.0373876 -9.63751e-10
-0.0372978 -9.62006e-10
-0.0372079 -9.64223e-10
-0.037118 -9.68209e-10
-0.0370282 -9.6636e-10
-0.0369383 -9.65806e-10
-0.0368484 -9.64666e-10
-0.0367585 -9.62795e-10
-0.0366687 -9.64647e-10
-0.0365788 -9.65371e-10
-0.0364889 -9.65671e-10
-0.036399 -9.60728e-10
-0.0363092 -9.5216e-10
-0.0362193 -9.44766e-10
-0.0361294 -9.35497e-10
-0.0360395 -9.24616e-10
-0.0359497 -9.15433e-10
-0.0358598 -9.04936e-10
-0.0357699 -8.9457e-10
-0.03568 -8.85917e-10
-0.0355902 -8.75405e-10
-0.0355003 -8.64235e-10
-0.0354104 -8.51947e-10
-0.0353205 -8.42439e-10
-0.0352307 -8.29357e-10
-0.0351408 -8.15766e-10
-0.0350509 -7.97012e-10
-0.034961 -7.80559e-10
-0.0348712 -7.64526e-10
-0.0347813 -7.57825e-10
-0.0346914 -7.52683e-10
-0.0346016 -7.44121e-10
-0.0345117 -7.46016e-10
-0.0344218 -7.4508e-10
-0.0343319 -7.39881e-10
-0.0342421 -7.30112e-10
-0.0341522 -7.23617e-10
-0.0340623 -7.1499e-10
-0.0339724 -7.04507e-10
-0.0338826 -6.91687e-10
-0.0337927 -6.8062e-10
-0.0337028 -6.7054e-10
-0.0336129 -6.57489e-10
-0.0335231 -6.48088e-10
-0.0334332 -6.42075e-10
-0.0333433 -6.34979e-10
-0.0332534 -6.30094e-10
-0.0331636 -6.21938e-10
-0.0330737 -6.13797e-10
-0.0329838 -6.05342e-10
-0.0328939 -5.94152e-10
-0.0328041 -5.82064e-10
-0.0327142 -5.71823e-10
-0.0326243 -5.59994e-10
-0.0325344 -5.49673e-10
-0.0324446 -5.39605e-10
-0.0323547 -5.29177e-10
-0.0322648 -5.23143e-10
-0.0321749 -5.16651e-10
-0.0320851 -5.09459e-10
-0.0319952 -5.02792e-10
-0.0319053 -4.98805e-10
-0.0318155 -4.9346e-10
-0.0317256 -4.87279e-10
-0.0316357 -4.82257e-10
-0.0315458 -4.80957e-10
-0.031456 -4.82464e-10
-0.0313661 -4.84418e-10
-0.0312762 -4.85623e-10
-0.0311863 -4.86209e-10
-0.0310965 -4.87192e-10
-0.0310066 -4.91147e-10
-0.0309167 -4.95317e-10
-0.0308268 -4.98078e-10
-0.030737 -5.01146e-10
-0.0306471 -5.02721e-10
-0.0305572 -5.0445e-10
-0.0304673 -5.07344e-10
-0.0303775 -5.11021e-10
-0.0302876 -5.14639e-10
-0.0301977 -5.1431e-10
-0.0301078 -5.17446e-10
-0.030018 -5.19991e-10
-0.0299281 -5.15216e-10
-0.0298382 -5.11837e-10
-0.0297483 -5.06481e-10
-0.0296585 -5.03456e-10
-0.0295686 -4.96525e-10
-0.0294787 -4.88991e-10
-0.0293888 -4.77242e-10
-0.029299 -4.63663e-10
-0.0292091 -4.49238e-10
-0.0291192 -4.38035e-10
-0.0290294 -4.32431e-10
-0.0289395 -4.21109e-10
-0.0288496 -4.14473e-10
-0.0287597 -4.07115e-10
-0.0286699 -3.96996e-10
-0.02858 -3.85758e-10
-0.0284901 -3.7204e-10
-0.0284002 -3.56393e-10
-0.0283104 -3.40476e-10
-0.0282205 -3.24472e-10
-0.0281306 -3.09347e-10
-0.0280407 -2.98729e-10
-0.0279509 -2.87175e-10
-0.027861 -2.77987e-10
-0.0277711 -2.7058e-10
-0.0276812 -2.62948e-10
-0.0275914 -2.58151e-10
-0.0275015 -2.53998e-10
-0.0274116 -2.47095e-10
-0.0273217 -2.40339e-10
-0.0272319 -2.33455e-10
-0.027142 -2.25728e-10
-0.0270521 -2.16462e-10
-0.0269622 -2.07349e-10
-0.0268724 -1.97914e-10
-0.0267825 -1.92031e-10
-0.0266926 -1.87192e-10
-0.0266028 -1.84601e-10
-0.0265129 -1.83154e-10
-0.026423 -1.8038e-10
-0.0263331 -1.76606e-10
-0.0262433 -1.75045e-10
-0.0261534 -1.76249e-10
-0.0260635 -1.7916e-10
-0.0259736 -1.80112e-10
-0.0258838 -1.81382e-10
-0.0257939 -1.84269e-10
-0.025704 -1.87171e-10
-0.0256141 -1.92306e-10
-0.0255243 -1.96169e-10
-0.0254344 -2.00892e-10
-0.0253445 -2.05879e-10
-0.0252546 -2.10317e-10
-0.0251648 -2.16255e-10
-0.0250749 -2.19872e-10
-0.024985 -2.26473e-10
-0.0248951 -2.3232e-10
-0.0248053 -2.4218e-10
-0.0247154 -2.52381e-10
-0.0246255 -2.62742e-10
-0.0245356 -2.65933e-10
-0.0244458 -2.68718e-10
-0.0243559 -2.74495e-10
-0.024266 -2.72942e-10
-0.0241761 -2.71698e-10
-0.0240863 -2.73222e-10
-0.0239964 -2.79145e-10
-0.0239065 -2.83503e-10
-0.0238167 -2.90071e-10
-0.0237268 -2.97394e-10
-0.0236369 -3.06157e-10
-0.023547 -3.13186e-10
-0.0234572 -3.18875e-10
-0.0233673 -3.24852e-10
-0.0232774 -3.26323e-10
-0.0231875 -3.24696e-10
-0.0230977 -3.24689e-10
-0.0230078 -3.23429e-10
-0.0229179 -3.26495e-10
-0.022828 -3.29684e-10
-0.0227382 -3.33489e-10
-0.0226483 -3.38181e-10
-0.0225584 -3.44623e-10
-0.0224685 -3.51593e-10
-0.0223787 -3.59459e-10
-0.0222888 -3.64502e-10
-0.0221989 -3.66566e-10
-0.022109 -3.73649e-10
-0.0220192 -3.73825e-10
-0.0219293 -3.72992e-10
-0.0218394 -3.75846e-10
-0.0217495 -3.81664e-10
-0.0216597 -3.87171e-10
-0.0215698 -3.93338e-10
-0.0214799 -4.01913e-10
-0.02139 -4.10171e-10
-0.0213002 -4.15592e-10
-0.0212103 -4.16901e-10
-0.0211204 -4.19644e-10
-0.0210306 -4.23069e-10
-0.0209407 -4.25362e-10
-0.0208508 -4.28482e-10
-0.0207609 -4.27915e-10
-0.0206711 -4.24816e-10
-0.0205812 -4.20176e-10
-0.0204913 -4.13751e-10
-0.0204014 -4.08468e-10
-0.0203116 -4.04552e-10
-0.0202217 -3.97425e-10
-0.0201318 -3.8834e-10
-0.0200419 -3.81641e-10
-0.0199521 -3.759e-10
-0.0198622 -3.66616e-10
-0.0197723 -3.56203e-10
-0.0196824 -3.47833e-10
-0.0195926 -3.40029e-10
-0.0195027 -3.31045e-10
-0.0194128 -3.19496e-10
-0.0193229 -3.0797e-10
-0.0192331 -2.94869e-10
-0.0191432 -2.81853e-10
-0.0190533 -2.68389e-10
-0.0189634 -2.55198e-10
-0.0188736 -2.42735e-10
-0.0187837 -2.31216e-10
-0.0186938 -2.19929e-10
-0.018604 -2.11747e-10
-0.0185141 -2.05563e-10
-0.0184242 -1.99271e-10
-0.0183343 -1.92679e-10
-0.0182445 -1.8875e-10
-0.0181546 -1.83625e-10
-0.0180647 -1.76601e-10
-0.0179748 -1.6665e-10
-0.017885 -1.58376e-10
-0.0177951 -1.49625e-10
-0.0177052 -1.44546e-10
-0.0176153 -1.39019e-10
-0.0175255 -1.31762e-10
-0.0174356 -1.32893e-10
-0.0173457 -1.3362e-10
-0.0172558 -1.32765e-10
-0.017166 -1.27696e-10
-0.0170761 -1.23905e-10
-0.0169862 -1.188e-10
-0.0168963 -1.12125e-10
-0.0168065 -1.06938e-10
-0.0167166 -1.0038e-10
-0.0166267 -9.37894e-11
-0.0165368 -8.43299e-11
-0.016447 -7.90511e-11
-0.0163571 -7.60614e-11
-0.0162672 -6.91296e-11
-0.0161773 -6.37549e-11
-0.0160875 -5.51317e-11
-0.0159976 -4.87433e-11
-0.0159077 -4.19508e-11
-0.0158179 -3.50004e-11
-0.015728 -2.84941e-11
-0.0156381 -2.42283e-11
-0.0155482 -1.87013e-11
-0.0154584 -1.56074e-11
-0.0153685 -1.41849e-11
-0.0152786 -9.3376e-12
-0.0151887 -6.51348e-12
-0.0150989 -5.24901e-12
-0.015009 -2.94269e-12
-0.0149191 6.593e-13
-0.0148292 3.59973e-12
-0.0147394 6.70745e-12
-0.0146495 9.42998e-12
-0.0145596 8.61026e-12
-0.0144697 3.87059e-12
-0.0143799 -5.93023e-12
-0.01429 -1.13668e-11
-0.0142001 -1.65932e-11
-0.0141102 -2.45283e-11
-0.0140204 -2.514e-11
-0.0139305 -2.85895e-11
-0.0138406 -3.4024e-11
-0.0137507 -4.16916e-11
-0.0136609 -4.95281e-11
-0.013571 -5.89036e-11
-0.0134811 -6.85534e-11
-0.0133912 -7.75773e-11
-0.0133014 -8.77622e-11
-0.0132115 -9.50406e-11
-0.0131216 -1.03519e-10
-0.0130318 -1.11714e-10
-0.0129419 -1.19448e-10
-0.012852 -1.25916e-10
-0.0127621 -1.28937e-10
-0.0126723 -1.34853e-10
-0.0125824 -1.42097e-10
-0.0124925 -1.49546e-10
-0.0124026 -1.58101e-10
-0.0123128 -1.66809e-10
-0.0122229 -1.74068e-10
-0.012133 -1.82843e-10
-0.0120431 -1.88834e-10
-0.0119533 -1.90825e-10
-0.0118634 -1.95264e-10
-0.0117735 -1.95886e-10
-0.0116836 -1.95771e-10
-0.0115938 -1.98164e-10
-0.0115039 -2.04739e-10
-0.011414 -2.09488e-10
-0.0113241 -2.13673e-10
-0.0112343 -2.17999e-10
-0.0111444 -2.23671e-10
-0.0110545 -2.26488e-10
-0.0109646 -2.25967e-10
-0.0108748 -2.24937e-10
-0.0107849 -2.23979e-10
-0.010695 -2.20824e-10
-0.0106052 -2.18363e-10
-0.0105153 -2.13813e-10
-0.0104254 -2.09851e-10
-0.0103355 -2.07679e-10
-0.0102457 -2.03631e-10
-0.0101558 -1.99865e-10
-0.0100659 -1.9604e-10
-0.00997603 -1.91263e-10
-0.00988616 -1.85898e-10
-0.00979628 -1.82975e-10
-0.00970641 -1.81492e-10
-0.00961653 -1.79238e-10
-0.00952666 -1.76287e-10
-0.00943679 -1.72925e-10
-0.00934691 -1.71167e-10
-0.00925704 -1.69067e-10
-0.00916716 -1.65182e-10
-0.00907729 -1.61838e-10
-0.00898742 -1.5911e-10
-0.00889754 -1.56848e-10
-0.00880767 -1.52766e-10
-0.00871779 -1.47775e-10
-0.00862792 -1.44249e-10
-0.00853805 -1.42623e-10
-0.00844817 -1.42107e-10
-0.0083583 -1.43148e-10
-0.00826842 -1.44189e-10
-0.00817855 -1.43668e-10
-0.00808867 -1.3948e-10
-0.0079988 -1.36543e-10
-0.00790893 -1.33039e-10
-0.00781905 -1.30015e-10
-0.00772918 -1.22914e-10
-0.0076393 -1.15814e-10
-0.00754943 -1.09301e-10
-0.00745956 -1.05662e-10
-0.00736968 -1.01526e-10
-0.00727981 -9.43136e-11
-0.00718993 -9.31655e-11
-0.00710006 -9.35111e-11
-0.00701018 -9.2509e-11
-0.00692031 -8.717e-11
-0.00683044 -8.19037e-11
-0.00674056 -7.31723e-11
-0.00665069 -6.17917e-11
-0.00656081 -4.93528e-11
-0.00647094 -3.74555e-11
-0.00638107 -2.56809e-11
-0.00629119 -1.43046e-11
-0.00620132 -3.78621e-12
-0.00611144 3.51991e-12
-0.00602157 1.05449e-11
-0.00593169 1.82575e-11
-0.00584182 2.85454e-11
-0.00575195 3.82685e-11
-0.00566207 4.91089e-11
-0.0055722 6.26634e-11
-0.00548232 7.86411e-11
-0.00539245 9.41236e-11
-0.00530258 1.0867e-10
-0.0052127 1.20317e-10
-0.00512283 1.27886e-10
-0.00503295 1.38082e-10
-0.00494308 1.44835e-10
-0.0048532 1.50414e-10
-0.00476333 1.56195e-10
-0.00467346 1.64247e-10
-0.00458358 1.74244e-10
-0.00449371 1.8314e-10
-0.00440383 1.93026e-10
-0.00431396 1.99446e-10
-0.00422409 2.04921e-10
-0.00413421 2.09509e-10
-0.00404434 2.15851e-10
-0.00395446 2.19362e-10
-0.00386459 2.20438e-10
-0.00377471 2.24035e-10
-0.00368484 2.26251e-10
-0.00359497 2.28448e-10
-0.00350509 2.28777e-10
-0.00341522 2.27774e-10
-0.00332534 2.24396e-10
-0.00323547 2.20499e-10
-0.0031456 2.16984e-10
-0.00305572 2.12874e-10
-0.00296585 2.09655e-10
-0.00287597 2.04479e-10
-0.0027861 2.02055e-10
-0.00269622 2.00663e-10
-0.00260635 1.95346e-10
-0.00251648 1.90327e-10
-0.0024266 1.82901e-10
-0.00233673 1.75881e-10
-0.00224685 1.66297e-10
-0.00215698 1.55596e-10
-0.00206711 1.44088e-10
-0.00197723 1.31715e-10
-0.00188736 1.20517e-10
-0.00179748 1.11314e-10
-0.00170761 1.064e-10
-0.00161773 9.73236e-11
-0.00152786 9.05671e-11
-0.00143799 8.6011e-11
-0.00134811 8.13366e-11
-0.00125824 7.44107e-11
-0.00116836 6.60439e-11
-0.00107849 5.65932e-11
-0.000988616 4.629e-11
-0.000898742 3.71334e-11
-0.000808867 2.81884e-11
-0.000718993 2.23992e-11
-0.000629119 1.45239e-11
-0.000539245 8.17184e-12
-0.000449371 5.17193e-12
-0.000359497 9.61498e-13
-0.000269622 -1.41806e-12
-0.000179748 -2.62203e-12
-8.98742e-05 -1.65697e-12
0 0
8.98742e-05 5.52971e-13
0.000179748 -1.08211e-12
0.000269622 -6.33356e-12
0.000359497 -1.06651e-11
0.000449371 -1.44785e-11
0.000539245 -1.34063e-11
0.000629119 -1.50049e-11
0.000718993 -1.64681e-11
0.000808867 -1.41171e-11
0.000898742 -1.29508e-11
0.000988616 -9.0328e-12
0.00107849 -7.21011e-12
0.00116836 -3.86947e-12
0.00125824 -2.38383e-12
0.00134811 -2.52685e-12
0.00143799 -4.27495e-12
0.00152786 -6.74377e-12
0.00161773 -1.00491e-11
0.00170761 -1.24632e-11
0.00179748 -1.08943e-11
0.00188736 -9.64589e-12
0.00197723 -9.94356e-12
0.00206711 -1.11316e-11
0.00215698 -1.28643e-11
0.00224685 -1.43865e-11
0.00233673 -1.55556e-11
0.0024266 -1.56038e-11
0.00251648 -1.87574e-11
0.00260635 -2.32652e-11
0.00269622 -2.89187e-11
0.0027861 -3.00938e-11
0.00287597 -3.06572e-11
0.00296585 -3.37496e-11
0.00305572 -3.1035e-11
0.0031456 -2.81613e-11
0.00323547 -2.72199e-11
0.00332534 -3.17951e-11
0.00341522 -3.72669e-11
0.00350509 -4.34044e-11
0.00359497 -4.92064e-11
0.00368484 -5.47837e-11
0.00377471 -6.04915e-11
0.00386459 -6.38019e-11
0.00395446 -6.79388e-11
0.00404434 -7.16713e-11
0.00413421 -7.42201e-11
0.00422409 -7.75177e-11
0.00431396 -7.91209e-11
0.00440383 -8.4911e-11
0.00449371 -9.19478e-11
0.00458358 -1.00532e-10
0.00467346 -1.11876e-10
0.00476333 -1.26166e-10
0.0048532 -1.4107e-10
0.00494308 -1.54063e-10
0.00503295 -1.63617e-10
0.00512283 -1.69964e-10
0.0052127 -1.82089e-10
0.00530258 -1.91113e-10
0.00539245 -1.97781e-10
0.00548232 -2.04318e-10
0.0055722 -2.14696e-10
0.00566207 -2.25659e-10
0.00575195 -2.36683e-10
0.00584182 -2.50059e-10
0.00593169 -2.63027e-10
0.00602157 -2.7514e-10
0.00611144 -2.86079e-10
0.00620132 -2.96822e-10
0.00629119 -3.04444e-10
0.00638107 -3.0929e-10
0.00647094 -3.14217e-10
0.00656081 -3.18923e-10
0.00665069 -3.24988e-10
0.00674056 -3.30116e-10
0.00683044 -3.33749e-10
0.00692031 -3.36167e-10
0.00701018 -3.38986e-10
0.00710006 -3.43924e-10
0.00718993 -3.46997e-10
0.00727981 -3.50436e-10
0.00736968 -3.50469e-10
0.00745956 -3.50355e-10
0.00754943 -3.5057e-10
0.0076393 -3.48382e-10
0.00772918 -3.45759e-10
0.00781905 -3.41616e-10
0.00790893 -3.40818e-10
0.0079988 -3.38907e-10
0.00808867 -3.36682e-10
0.00817855 -3.35294e-10
0.00826842 -3.34626e-10
0.0083583 -3.36573e-10
0.00844817 -3.4061e-10
0.00853805 -3.44319e-10
0.00862792 -3.48411e-10
0.00871779 -3.49863e-10
0.00880767 -3.51333e-10
0.00889754 -3.54448e-10
0.00898742 -3.58253e-10
0.00907729 -3.6406e-10
0.00916716 -3.7021e-10
0.00925704 -3.78334e-10
0.00934691 -3.88498e-10
0.00943679 -3.99735e-10
0.00952666 -4.11098e-10
0.00961653 -4.20692e-10
0.00970641 -4.32591e-10
0.00979628 -4.45419e-10
0.00988616 -4.54266e-10
0.00997603 -4.61149e-10
0.0100659 -4.68296e-10
0.0101558 -4.77939e-10
0.0102457 -4.87951e-10
0.0103355 -5.01144e-10
0.0104254 -5.16215e-10
0.0105153 -5.29937e-10
0.0106052 -5.44867e-10
0.010695 -5.60627e-10
0.0107849 -5.7338e-10
0.0108748 -5.86728e-10
0.0109646 -5.98273e-10
0.0110545 -6.07075e-10
0.0111444 -6.16935e-10
0.0112343 -6.29733e-10
0.0113241 -6.4233e-10
0.011414 -6.53731e-10
0.0115039 -6.67426e-10
0.0115938 -6.8059e-10
0.0116836 -6.92922e-10
0.0117735 -7.01233e-10
0.0118634 -7.08524e-10
0.0119533 -7.15184e-10
0.0120431 -7.2056e-10
0.012133 -7.27523e-10
0.0122229 -7.32904e-10
0.0123128 -7.34877e-10
0.0124026 -7.36976e-10
0.0124925 -7.389e-10
0.0125824 -7.39958e-10
0.0126723 -7.40875e-10
0.0127621 -7.41391e-10
0.012852 -7.41174e-10
0.0129419 -7.42927e-10
0.0130318 -7.40867e-10
0.0131216 -7.37589e-10
0.0132115 -7.39182e-10
0.0133014 -7.36097e-10
0.0133912 -7.35216e-10
0.0134811 -7.34563e-10
0.013571 -7.35221e-10
0.0136609 -7.36669e-10
0.0137507 -7.36719e-10
0.0138406 -7.38287e-10
0.0139305 -7.39294e-10
0.0140204 -7.40891e-10
0.0141102 -7.399e-10
0.0142001 -7.40908e-10
0.01429 -7.41003e-10
0.0143799 -7.40579e-10
0.0144697 -7.42923e-10
0.0145596 -7.42711e-10
0.0146495 -7.45175e-10
0.0147394 -7.48866e-10
0.0148292 -7.52528e-10
0.0149191 -7.55128e-10
0.015009 -7.59488e-10
0.0150989 -7.65417e-10
0.0151887 -7.73335e-10
0.0152786 -7.79212e-10
0.0153685 -7.80965e-10
0.0154584 -7.892e-10
0.0155482 -7.9196e-10
0.0156381 -7.91592e-10
0.015728 -7.92346e-10
0.0158179 -7.97873e-10
0.0159077 -8.03304e-10
0.0159976 -8.08674e-10
0.0160875 -8.15612e-10
0.0161773 -8.22603e-10
0.0162672 -8.27551e-10
0.0163571 -8.29296e-10
0.016447 -8.3346e-10
0.0165368 -8.37061e-10
0.0166267 -8.37016e-10
0.0167166 -8.38334e-10
0.0168065 -8.37069e-10
0.0168963 -8.35914e-10
0.0169862 -8.34222e-10
0.0170761 -8.2972e-10
0.017166 -8.26332e-10
0.0172558 -8.25402e-10
0.0173457 -8.284e-10
0.0174356 -8.2961e-10
0.0175255 -8.32508e-10
0.0176153 -8.3055e-10
0.0177052 -8.30786e-10
0.0177951 -8.31669e-10
0.017885 -8.28868e-10
0.0179748 -8.27074e-10
0.0180647 -8.25029e-10
0.0181546 -8.26445e-10
0.0182445 -8.26364e-10
0.0183343 -8.26018e-10
0.0184242 -8.26746e-10
0.0185141 -8.28785e-10
0.018604 -8.31965e-10
0.0186938 -8.37405e-10
0.0187837 -8.4245e-10
0.0188736 -8.45237e-10
0.0189634 -8.47107e-10
0.0190533 -8.49453e-10
0.0191432 -8.53775e-10
0.0192331 -8.59884e-10
0.0193229 -8.68232e-10
0.0194128 -8.76611e-10
0.0195027 -8.84433e-10
0.0195926 -8.95215e-10
0.0196824 -9.05912e-10
0.0197723 -9.14483e-10
0.0198622 -9.21019e-10
0.0199521 -9.29097e-10
0.0200419 -9.38994e-10
0.0201318 -9.46327e-10
0.0202217 -9.51257e-10
0.0203116 -9.55541e-10
0.0204014 -9.65382e-10
0.0204913 -9.77501e-10
0.0205812 -9.92113e-10
0.0206711 -1.00849e-09
0.0207609 -1.02411e-09
0.0208508 -1.03995e-09
0.0209407 -1.05595e-09
0.0210306 -1.06666e-09
0.0211204 -1.07953e-09
0.0212103 -1.0913e-09
0.0213002 -1.10003e-09
0.02139 -1.11129e-09
0.0214799 -1.12618e-09
0.0215698 -1.14449e-09
0.0216597 -1.16284e-09
0.0217495 -1.18413e-09
0.0218394 -1.20506e-09
0.0219293 -1.22607e-09
0.0220192 -1.24326e-09
0.022109 -1.25798e-09
0.0221989 -1.27225e-09
0.0222888 -1.28006e-09
0.0223787 -1.28941e-09
0.0224685 -1.29923e-09
0.0225584 -1.30684e-09
0.0226483 -1.3157e-09
0.0227382 -1.32403e-09
0.022828 -1.3323e-09
0.0229179 -1.34015e-09
0.0230078 -1.34998e-09
0.0230977 -1.36126e-09
0.0231875 -1.37327e-09
0.0232774 -1.37946e-09
0.0233673 -1.38389e-09
0.0234572 -1.39394e-09
0.023547 -1.39746e-09
0.0236369 -1.40162e-09
0.0237268 -1.40489e-09
0.0238167 -1.41186e-09
0.0239065 -1.42144e-09
0.0239964 -1.4324e-09
0.0240863 -1.4453e-09
0.0241761 -1.45677e-09
0.024266 -1.47015e-09
0.0243559 -1.48321e-09
0.0244458 -1.49939e-09
0.0245356 -1.51467e-09
0.0246255 -1.52887e-09
0.0247154 -1.54286e-09
0.0248053 -1.55492e-09
0.0248951 -1.56905e-09
0.024985 -1.58358e-09
0.0250749 -1.59983e-09
0.0251648 -1.61932e-09
0.0252546 -1.64167e-09
0.0253445 -1.66552e-09
0.0254344 -1.68724e-09
0.0255243 -1.70727e-09
0.0256141 -1.72525e-09
0.025704 -1.74517e-09
0.0257939 -1.76266e-09
0.0258838 -1.77612e-09
0.0259736 -1.7853e-09
0.0260635 -1.79602e-09
0.0261534 -1.80467e-09
0.0262433 -1.81356e-09
0.0263331 -1.82612e-09
0.026423 -1.83986e-09
0.0265129 -1.85239e-09
0.0266028 -1.86312e-09
0.0266926 -1.87295e-09
0.0267825 -1.87951e-09
0.0268724 -1.88379e-09
0.0269622 -1.88601e-09
0.0270521 -1.89014e-09
0.027142 -1.89403e-09
0.0272319 -1.89507e-09
0.0273217 -1.89491e-09
0.0274116 -1.8955e-09
0.0275015 -1.89867e-09
0.0275914 -1.90399e-09
0.0276812 -1.90872e-09
0.0277711 -1.91035e-09
0.027861 -1.91499e-09
0.0279509 -1.91523e-09
0.0280407 -1.91239e-09
0.0281306 -1.91397e-09
0.0282205 -1.91521e-09
0.0283104 -1.91382e-09
0.0284002 -1.91035e-09
0.0284901 -1.90835e-09
0.02858 -1.90594e-09
0.0286699 -1.90603e-09
0.0287597 -1.90789e-09
0.0288496 -1.9129e-09
0.0289395 -1.91782e-09
0.0290294 -1.91939e-09
0.0291192 -1.92443e-09
0.0292091 -1.92553e-09
0.029299 -1.92556e-09
0.0293888 -1.92759e-09
0.0294787 -1.92969e-09
0.0295686 -1.93293e-09
0.0296585 -1.93655e-09
0.0297483 -1.94084e-09
0.0298382 -1.94109e-09
0.0299281 -1.94083e-09
0.030018 -1.93863e-09
0.0301078 -1.94264e-09
0.0301977 -1.94566e-09
0.0302876 -1.94229e-09
0.0303775 -1.94356e-09
0.0304673 -1.94531e-09
0.0305572 -1.94683e-09
0.0306471 -1.94301e-09
0.030737 -1.93766e-09
0.0308268 -1.93249e-09
0.0309167 -1.92584e-09
0.0310066 -1.91855e-09
0.0310965 -1.9102e-09
0.0311863 -1.90302e-09
0.0312762 -1.89539e-09
0.0313661 -1.88699e-09
0.031456 -1.87974e-09
0.0315458 -1.87521e-09
0.0316357 -1.87251e-09
0.0317256 -1.86581e-09
0.0318155 -1.8578e-09
0.0319053 -1.84945e-09
0.0319952 -1.83763e-09
0.0320851 -1.82449e-09
0.0321749 -1.81193e-09
0.0322648 -1.80623e-09
0.0323547 -1.80351e-09
0.0324446 -1.80145e-09
0.0325344 -1.80131e-09
0.0326243 -1.8007e-09
0.0327142 -1.80146e-09
0.0328041 -1.80691e-09
0.0328939 -1.80946e-09
0.0329838 -1.81456e-09
0.0330737 -1.819e-09
0.0331636 -1.82261e-09
0.0332534 -1.82261e-09
0.0333433 -1.82281e-09
0.0334332 -1.82167e-09
0.0335231 -1.82527e-09
0.0336129 -1.8335e-09
0.0337028 -1.83879e-09
0.0337927 -1.84943e-09
0.0338826 -1.85816e-09
0.0339724 -1.86699e-09
0.0340623 -1.87297e-09
0.0341522 -1.87913e-09
0.0342421 -1.88814e-09
0.0343319 -1.89703e-09
0.0344218 -1.90475e-09
0.0345117 -1.91363e-09
0.0346016 -1.92644e-09
0.0346914 -1.93489e-09
0.0347813 -1.94711e-09
0.0348712 -1.96088e-09
0.034961 -1.97175e-09
0.0350509 -1.98503e-09
0.0351408 -1.99892e-09
0.0352307 -2.01284e-09
0.0353205 -2.02515e-09
0.0354104 -2.03662e-09
0.0355003 -2.04535e-09
0.0355902 -2.05237e-09
0.03568 -2.06251e-09
0.0357699 -2.07373e-09
0.0358598 -2.0844e-09
0.0359497 -2.09426e-09
0.0360395 -2.10462e-09
0.0361294 -2.11591e-09
0.0362193 -2.1307e-09
0.0363092 -2.14358e-09
0.036399 -2.1584e-09
0.0364889 -2.17333e-09
0.0365788 -2.18953e-09
0.0366687 -2.20546e-09
0.0367585 -2.22201e-09
0.0368484 -2.23821e-09
0.0369383 -2.25391e-09
0.0370282 -2.27308e-09
0.037118 -2.29569e-09
0.0372079 -2.31985e-09
0.0372978 -2.34139e-09
0.0373876 -2.36098e-09
0.0374775 -2.38412e-09
0.0375674 -2.40815e-09
0.0376573 -2.43561e-09
0.0377471 -2.46332e-09
0.037837 -2.49067e-09
0.0379269 -2.51799e-09
0.0380168 -2.54708e-09
0.0381066 -2.56717e-09
0.0381965 -2.59047e-09
0.0382864 -2.61545e-09
0.0383763 -2.63266e-09
0.0384661 -2.64972e-09
0.038556 -2.6685e-09
0.0386459 -2.69059e-09
0.0387358 -2.70956e-09
0.0388256 -2.7317e-09
0.0389155 -2.75135e-09
0.0390054 -2.76889e-09
0.0390953 -2.78283e-09
0.0391851 -2.79358e-09
0.039275 -2.80325e-09
0.0393649 -2.80739e-09
0.0394548 -2.8141e-09
0.0395446 -2.82296e-09
0.0396345 -2.83248e-09
0.0397244 -2.84158e-09
0.0398143 -2.85263e-09
0.0399041 -2.86356e-09
0.039994 -2.87686e-09
0.0400839 -2.89137e-09
0.0401737 -2.90709e-09
0.0402636 -2.92001e-09
0.0403535 -2.92902e-09
0.0404434 -2.93706e-09
0.0405332 -2.94625e-09
0.0406231 -2.95722e-09
0.040713 -2.96792e-09
0.0408029 -2.97684e-09
0.0408927 -2.98982e-09
0.0409826 -3.0056e-09
0.0410725 -3.02402e-09
0.0411624 -3.0418e-09
0.0412522 -3.05919e-09
0.0413421 -3.0767e-09
0.041432 -3.09398e-09
0.0415219 -3.10458e-09
0.0416117 -3.11602e-09
0.0417016 -3.12837e-09
0.0417915 -3.13671e-09
0.0418814 -3.14486e-09
0.0419712 -3.15373e-09
0.0420611 -3.16409e-09
0.042151 -3.17278e-09
0.0422409 -3.1838e-09
0.0423307 -3.19112e-09
0.0424206 -3.19405e-09
0.0425105 -3.19634e-09
0.0426004 -3.19618e-09
0.0426902 -3.199e-09
0.0427801 -3.19063e-09
0.04287 -3.18785e-09
0.0429598 -3.19133e-09
0.0430497 -3.19956e-09
0.0431396 -3.20402e-09
0.0432295 -3.20823e-09
0.0433193 -3.21228e-09
0.0434092 -3.21472e-09
0.0434991 -3.21737e-09
0.043589 -3.22407e-09
0.0436788 -3.2313e-09
0.0437687 -3.23744e-09
0.0438586 -3.24548e-09
0.0439485 -3.25252e-09
0.0440383 -3.26363e-09
0.0441282 -3.27641e-09
0.0442181 -3.28786e-09
0.044308 -3.2986e-09
0.0443978 -3.31106e-09
0.0444877 -3.32254e-09
0.0445776 -3.33139e-09
0.0446675 -3.33723e-09
0.0447573 -3.34772e-09
0.0448472 -3.36224e-09
0.0449371 -3.37189e-09
0.045027 -3.38752e-09
0.0451168 -3.40526e-09
0.0452067 -3.41854e-09
0.0452966 -3.4355e-09
0.0453865 -3.45441e-09
0.0454763 -3.47303e-09
0.0455662 -3.49269e-09
0.0456561 -3.5139e-09
0.0457459 -3.52857e-09
0.0458358 -3.53822e-09
0.0459257 -3.55086e-09
0.0460156 -3.56401e-09
0.0461054 -3.58183e-09
0.0461953 -3.59042e-09
0.0462852 -3.6012e-09
0.0463751 -3.61481e-09
0.0464649 -3.63157e-09
0.0465548 -3.64673e-09
0.0466447 -3.65888e-09
0.0467346 -3.66914e-09
0.0468244 -3.67853e-09
0.0469143 -3.68901e-09
0.0470042 -3.70327e-09
0.0470941 -3.71779e-09
0.0471839 -3.72992e-09
0.0472738 -3.74307e-09
0.0473637 -3.76189e-09
0.0474536 -3.77883e-09
0.0475434 -3.79348e-09
0.0476333 -3.80397e-09
0.0477232 -3.81951e-09
0.0478131 -3.83785e-09
0.0479029 -3.86123e-09
0.0479928 -3.88461e-09
0.0480827 -3.90807e-09
0.0481725 -3.93296e-09
0.0482624 -3.96293e-09
0.0483523 -3.98382e-09
0.0484422 -4.0121e-09
0.048532 -4.04099e-09
0.0486219 -4.05961e-09
0.0487118 -4.07518e-09
0.0488017 -4.09317e-09
0.0488915 -4.11436e-09
0.0489814 -4.13286e-09
0.0490713 -4.15686e-09
0.0491612 -4.18038e-09
0.049251 -4.20265e-09
0.0493409 -4.22206e-09
0.0494308 -4.24062e-09
0.0495207 -4.26165e-09
0.0496105 -4.27076e-09
0.0497004 -4.28288e-09
0.0497903 -4.29394e-09
0.0498802 -4.30507e-09
0.04997 -4.3151e-09
0.0500599 -4.32387e-09
0.0501498 -4.32912e-09
0.0502397 -4.33681e-09
0.0503295 -4.34688e-09
0.0504194 -4.36043e-09
0.0505093 -4.3669e-09
0.0505992 -4.3747e-09
0.050689 -4.38295e-09
0.0507789 -4.38967e-09
0.0508688 -4.40031e-09
0.0509586 -4.40888e-09
0.0510485 -4.41214e-09
0.0511384 -4.41602e-09
0.0512283 -4.42004e-09
0.0513181 -4.42437e-09
0.051408 -4.42758e-09
0.0514979 -4.43348e-09
0.0515878 -4.44051e-09
0.0516776 -4.45288e-09
0.0517675 -4.46175e-09
0.0518574 -4.47368e-09
0.0519473 -4.48764e-09
0.0520371 -4.49693e-09
0.052127 -4.50481e-09
0.0522169 -4.51445e-09
0.0523068 -4.5211e-09
0.0523966 -4.52292e-09
0.0524865 -4.52011e-09
0.0525764 -4.51125e-09
0.0526663 -4.49894e-09
0.0527561 -4.48896e-09
0.052846 -4.48021e-09
0.0529359 -4.47507e-09
0.0530258 -4.46218e-09
0.0531156 -4.45387e-09
0.0532055 -4.44714e-09
0.0532954 -4.44727e-09
0.0533853 -4.44255e-09
0.0534751 -4.43849e-09
0.053565 -4.43124e-09
0.0536549 -4.42205e-09
0.0537447 -4.41241e-09
0.0538346 -4.40634e-09
0.0539245 -4.40063e-09
0.0540144 -4.40134e-09
0.0541042 -4.40724e-09
0.0541941 -4.4155e-09
0.054284 -4.43082e-09
0.0543739 -4.44373e-09
0.0544637 -4.4548e-09
0.0545536 -4.46879e-09
0.0546435 -4.48399e-09
0.0547334 -4.50202e-09
0.0548232 -4.51642e-09
0.0549131 -4.53453e-09
0.055003 -4.54899e-09
0.0550929 -4.56671e-09
0.0551827 -4.57503e-09
0.0552726 -4.592e-09
0.0553625 -4.61524e-09
0.0554524 -4.6317e-09
0.0555422 -4.64077e-09
0.0556321 -4.65266e-09
0.055722 -4.66832e-09
0.0558119 -4.68335e-09
0.0559017 -4.70203e-09
0.0559916 -4.7216e-09
0.0560815 -4.73758e-09
0.0561713 -4.75496e-09
0.0562612 -4.76949e-09
0.0563511 -4.77735e-09
0.056441 -4.79101e-09
0.0565308 -4.80171e-09
0.0566207 -4.81224e-09
0.0567106 -4.82948e-09
0.0568005 -4.8508e-09
0.0568903 -4.8787e-09
0.0569802 -4.9047e-09
0.0570701 -4.93443e-09
0.05716 -4.9665e-09
0.0572498 -4.99743e-09
0.0573397 -5.01689e-09
0.0574296 -5.03871e-09
0.0575195 -5.06327e-09
0.0576093 -5.0789e-09
0.0576992 -5.10752e-09
0.0577891 -5.13059e-09
0.057879 -5.15417e-09
0.0579688 -5.17757e-09
0.0580587 -5.1993e-09
0.0581486 -5.22263e-09
0.0582385 -5.24735e-09
0.0583283 -5.26962e-09
0.0584182 -5.28674e-09
0.0585081 -5.29644e-09
0.058598 -5.30474e-09
0.0586878 -5.30952e-09
0.0587777 -5.31444e-09
0.0588676 -5.32421e-09
0.0589574 -5.33572e-09
0.0590473 -5.34954e-09
0.0591372 -5.35902e-09
0.0592271 -5.36503e-09
0.0593169 -5.36547e-09
0.0594068 -5.36481e-09
0.0594967 -5.36709e-09
0.0595866 -5.37628e-09
0.0596764 -5.38499e-09
0.0597663 -5.38343e-09
0.0598562 -5.39252e-09
0.0599461 -5.39778e-09
0.0600359 -5.4039e-09
0.0601258 -5.41885e-09
0.0602157 -5.43384e-09
0.0603056 -5.4544e-09
0.0603954 -5.47394e-09
0.0604853 -5.49153e-09
0.0605752 -5.50403e-09
0.0606651 -5.51629e-09
0.0607549 -5.5368e-09
0.0608448 -5.56061e-09
0.0609347 -5.58863e-09
0.0610246 -5.61612e-09
0.0611144 -5.64779e-09
0.0612043 -5.67734e-09
0.0612942 -5.71693e-09
0.0613841 -5.75397e-09
0.0614739 -5.79284e-09
0.0615638 -5.83271e-09
0.0616537 -5.87456e-09
0.0617435 -5.91271e-09
0.0618334 -5.95075e-09
0.0619233 -5.98028e-09
0.0620132 -6.01905e-09
0.062103 -6.048e-09
0.0621929 -6.07615e-09
0.0622828 -6.10606e-09
0.0623727 -6.13136e-09
0.0624625 -6.15427e-09
0.0625524 -6.1796e-09
0.0626423 -6.20092e-09
0.0627322 -6.22589e-09
0.062822 -6.258e-09
0.0629119 -6.29792e-09
0.0630018 -6.33303e-09
0.0630917 -6.36487e-09
0.0631815 -6.38781e-09
0.0632714 -6.42382e-09
0.0633613 -6.4535e-09
0.0634512 -6.4796e-09
0.063541 -6.4964e-09
0.0636309 -6.51854e-09
0.0637208 -6.54189e-09
0.0638107 -6.56947e-09
0.0639005 -6.59718e-09
0.0639904 -6.62805e-09
0.0640803 -6.65363e-09
0.0641701 -6.67899e-09
0.06426 -6.70233e-09
0.0643499 -6.72229e-09
0.0644398 -6.73327e-09
0.0645296 -6.73597e-09
0.0646195 -6.73329e-09
0.0647094 -6.73728e-09
0.0647993 -6.73657e-09
0.0648891 -6.72965e-09
0.064979 -6.714e-09
0.0650689 -6.70012e-09
0.0651588 -6.68101e-09
0.0652486 -6.66287e-09
0.0653385 -6.63921e-09
0.0654284 -6.62561e-09
0.0655183 -6.60214e-09
0.0656081 -6.57113e-09
0.065698 -6.54567e-09
0.0657879 -6.53181e-09
0.0658778 -6.5197e-09
0.0659676 -6.50325e-09
0.0660575 -6.49232e-09
0.0661474 -6.47737e-09
0.0662373 -6.46479e-09
0.0663271 -6.45808e-09
0.066417 -6.44792e-09
0.0665069 -6.44538e-09
0.0665968 -6.4571e-09
0.0666866 -6.46439e-09
0.0667765 -6.47677e-09
0.0668664 -6.48856e-09
0.0669562 -6.49175e-09
0.0670461 -6.4975e-09
0.067136 -6.49394e-09
0.0672259 -6.49716e-09
0.0673157 -6.49713e-09
0.0674056 -6.50217e-09
0.0674955 -6.50218e-09
0.0675854 -6.50779e-09
0.0676752 -6.50556e-09
0.0677651 -6.50272e-09
0.067855 -6.51511e-09
0.0679449 -6.51293e-09
0.0680347 -6.51363e-09
0.0681246 -6.51039e-09
0.0682145 -6.51318e-09
0.0683044 -6.51681e-09
0.0683942 -6.52597e-09
0.0684841 -6.54125e-09
0.068574 -6.56873e-09
0.0686639 -6.59486e-09
0.0687537 -6.63217e-09
0.0688436 -6.66105e-09
0.0689335 -6.70441e-09
0.0690234 -6.74674e-09
0.0691132 -6.7786e-09
0.0692031 -6.80786e-09
0.069293 -6.83917e-09
0.0693829 -6.87176e-09
0.0694727 -6.90396e-09
0.0695626 -6.94165e-09
0.0696525 -6.98003e-09
0.0697423 -7.00663e-09
0.0698322 -7.02835e-09
0.0699221 -7.04752e-09
0.070012 -7.08028e-09
0.0701018 -7.08754e-09
0.0701917 -7.09374e-09
0.0702816 -7.1033e-09
0.0703715 -7.1234e-09
0.0704613 -7.13835e-09
0.0705512 -7.14074e-09
0.0706411 -7.13612e-09
0.070731 -7.13523e-09
0.0708208 -7.13759e-09
0.0709107 -7.14893e-09
0.0710006 -7.15617e-09
0.0710905 -7.17296e-09
0.0711803 -7.19342e-09
0.0712702 -7.19957e-09
0.0713601 -7.21387e-09
0.07145 -7.23355e-09
0.0715398 -7.25348e-09
0.0716297 -7.26601e-09
0.0717196 -7.27799e-09
0.0718095 -7.29333e-09
0.0718993 -7.30623e-09
0.0719892 -7.32353e-09
0.0720791 -7.34644e-09
0.0721689 -7.37851e-09
0.0722588 -7.40514e-09
0.0723487 -7.44335e-09
0.0724386 -7.48764e-09
0.0725284 -7.5254e-09
0.0726183 -7.55416e-09
0.0727082 -7.58205e-09
0.0727981 -7.60968e-09
0.0728879 -7.63482e-09
0.0729778 -7.66841e-09
0.0730677 -7.7002e-09
0.0731576 -7.73693e-09
0.0732474 -7.78311e-09
0.0733373 -7.83202e-09
0.0734272 -7.86408e-09
0.0735171 -7.91647e-09
0.0736069 -7.95369e-09
0.0736968 -7.98177e-09
0.0737867 -8.00836e-09
0.0738766 -8.03913e-09
0.0739664 -8.07999e-09
0.0740563 -8.11924e-09
0.0741462 -8.16444e-09
0.0742361 -8.20836e-09
0.0743259 -8.24559e-09
0.0744158 -8.28019e-09
0.0745057 -8.31337e-09
0.0745956 -8.35437e-09
0.0746854 -8.3845e-09
0.0747753 -8.42197e-09
0.0748652 -8.44937e-09
0.074955 -8.48518e-09
0.0750449 -8.51886e-09
0.0751348 -8.5525e-09
0.0752247 -8.57789e-09
0.0753145 -8.60337e-09
0.0754044 -8.61703e-09
0.0754943 -8.63056e-09
0.0755842 -8.62217e-09
0.075674 -8.63651e-09
0.0757639 -8.62742e-09
0.0758538 -8.60486e-09
0.0759437 -8.59836e-09
0.0760335 -8.60045e-09
0.0761234 -8.60677e-09
0.0762133 -8.60805e-09
0.0763032 -8.60907e-09
0.076393 -8.59952e-09
0.0764829 -8.59148e-09
0.0765728 -8.59211e-09
0.0766627 -8.59313e-09
0.0767525 -8.5935e-09
0.0768424 -8.59759e-09
0.0769323 -8.61695e-09
0.0770222 -8.64138e-09
0.077112 -8.6719e-09
0.0772019 -8.69746e-09
0.0772918 -8.7263e-09
0.0773817 -8.75557e-09
0.0774715 -8.79811e-09
0.0775614 -8.8315e-09
0.0776513 -8.86909e-09
0.0777411 -8.9054e-09
0.077831 -8.95001e-09
0.0779209 -8.98548e-09
0.0780108 -9.01928e-09
0.0781006 -9.07154e-09
0.0781905 -9.10373e-09
0.0782804 -9.13247e-09
0.0783703 -9.15025e-09
0.0784601 -9.17768e-09
0.07855 -9.20267e-09
0.0786399 -9.23163e-09
0.0787298 -9.26678e-09
0.0788196 -9.30582e-09
0.0789095 -9.34329e-09
0.0789994 -9.38554e-09
0.0790893 -9.4127e-09
0.0791791 -9.45311e-09
0.079269 -9.48485e-09
0.0793589 -9.502e-09
0.0794488 -9.52201e-09
0.0795386 -9.5349e-09
0.0796285 -9.54768e-09
0.0797184 -9.55914e-09
0.0798083 -9.57033e-09
0.0798981 -9.57978e-09
0.079988 -9.57615e-09
0.0800779 -9.56839e-09
0.0801677 -9.55747e-09
0.0802576 -9.56737e-09
0.0803475 -9.54266e-09
0.0804374 -9.51565e-09
0.0805272 -9.48742e-09
0.0806171 -9.4714e-09
0.080707 -9.44774e-09
0.0807969 -9.41506e-09
0.0808867 -9.3793e-09
0.0809766 -9.34712e-09
0.0810665 -9.30929e-09
0.0811564 -9.27832e-09
0.0812462 -9.24319e-09
0.0813361 -9.21287e-09
0.081426 -9.19212e-09
0.0815159 -9.15791e-09
0.0816057 -9.13752e-09
0.0816956 -9.12544e-09
0.0817855 -9.11068e-09
0.0818754 -9.09219e-09
0.0819652 -9.08701e-09
0.0820551 -9.09408e-09
0.082145 -9.10283e-09
0.0822349 -9.11964e-09
0.0823247 -9.13628e-09
0.0824146 -9.14689e-09
0.0825045 -9.1614e-09
0.0825944 -9.18899e-09
0.0826842 -9.23273e-09
0.0827741 -9.28696e-09
0.082864 -9.32172e-09
0.0829538 -9.35699e-09
0.0830437 -9.40019e-09
0.0831336 -9.44766e-09
0.0832235 -9.50954e-09
0.0833133 -9.57418e-09
0.0834032 -9.64269e-09
0.0834931 -9.70347e-09
0.083583 -9.7497e-09
0.0836728 -9.76652e-09
0.0837627 -9.80899e-09
0.0838526 -9.8384e-09
0.0839425 -9.87373e-09
0.0840323 -9.90437e-09
0.0841222 -9.94159e-09
0.0842121 -9.98348e-09
0.084302 -1.00177e-08
0.0843918 -1.00428e-08
0.0844817 -1.00689e-08
0.0845716 -1.00884e-08
0.0846615 -1.01251e-08
0.0847513 -1.01457e-08
0.0848412 -1.01537e-08
0.0849311 -1.01657e-08
0.085021 -1.01736e-08
0.0851108 -1.01875e-08
0.0852007 -1.02314e-08
0.0852906 -1.02743e-08
0.0853805 -1.03132e-08
0.0854703 -1.03396e-08
0.0855602 -1.03615e-08
0.0856501 -1.03764e-08
0.0857399 -1.0409e-08
0.0858298 -1.04485e-08
0.0859197 -1.0495e-08
0.0860096 -1.05358e-08
0.0860994 -1.05752e-08
0.0861893 -1.06037e-08
0.0862792 -1.06475e-08
0.0863691 -1.06907e-08
0.0864589 -1.07426e-08
0.0865488 -1.08044e-08
0.0866387 -1.08686e-08
0.0867286 -1.09393e-08
0.0868184 -1.09963e-08
0.0869083 -1.10393e-08
0.0869982 -1.10883e-08
0.0870881 -1.11742e-08
0.0871779 -1.12295e-08
0.0872678 -1.13027e-08
0.0873577 -1.13696e-08
0.0874476 -1.14122e-08
0.0875374 -1.14492e-08
0.0876273 -1.14682e-08
0.0877172 -1.14768e-08
0.0878071 -1.14964e-08
0.0878969 -1.1524e-08
0.0879868 -1.1547e-08
0.0880767 -1.1533e-08
0.0881665 -1.15326e-08
0.0882564 -1.15358e-08
0.0883463 -1.15047e-08
0.0884362 -1.14867e-08
0.088526 -1.1473e-08
0.0886159 -1.14445e-08
0.0887058 -1.14084e-08
0.0887957 -1.13742e-08
0.0888855 -1.13332e-08
0.0889754 -1.12877e-08
0.0890653 -1.12629e-08
0.0891552 -1.12377e-08
0.089245 -1.12262e-08
0.0893349 -1.12167e-08
0.0894248 -1.12228e-08
0.0895147 -1.12361e-08
0.0896045 -1.12496e-08
0.0896944 -1.12629e-08
0.0897843 -1.1269e-08
0.0898742 -1.12671e-08
0.089964 -1.126e-08
0.0900539 -1.12574e-08
0.0901438 -1.12492e-08
0.0902337 -1.12616e-08
0.0903235 -1.1294e-08
0.0904134 -1.13354e-08
0.0905033 -1.13332e-08
0.0905932 -1.13894e-08
0.090683 -1.14266e-08
0.0907729 -1.14677e-08
0.0908628 -1.15015e-08
0.0909526 -1.15341e-08
0.0910425 -1.15883e-08
0.0911324 -1.16489e-08
0.0912223 -1.17153e-08
0.0913121 -1.17833e-08
0.091402 -1.18502e-08
0.0914919 -1.19389e-08
0.0915818 -1.20265e-08
0.0916716 -1.21108e-08
0.0917615 -1.22008e-08
0.0918514 -1.22821e-08
0.0919413 -1.235e-08
0.0920311 -1.2418e-08
0.092121 -1.24814e-08
0.0922109 -1.25261e-08
0.0923008 -1.25466e-08
0.0923906 -1.25652e-08
0.0924805 -1.25447e-08
0.0925704 -1.25359e-08
0.0926603 -1.25111e-08
0.0927501 -1.24799e-08
0.09284 -1.24249e-08
0.0929299 -1.2353e-08
0.0930198 -1.22829e-08
0.0931096 -1.22465e-08
0.0931995 -1.22188e-08
0.0932894 -1.22015e-08
0.0933793 -1.21999e-08
0.0934691 -1.21754e-08
0.093559 -1.21428e-08
0.0936489 -1.21094e-08
0.0937387 -1.20808e-08
0.0938286 -1.20631e-08
0.0939185 -1.20925e-08
0.0940084 -1.20934e-08
0.0940982 -1.21273e-08
0.0941881 -1.21634e-08
0.094278 -1.22011e-08
0.0943679 -1.22434e-08
0.0944577 -1.2285e-08
0.0945476 -1.23341e-08
0.0946375 -1.23927e-08
0.0947274 -1.24476e-08
0.0948172 -1.24939e-08
0.0949071 -1.24998e-08
0.094997 -1.25107e-08
0.0950869 -1.2552e-08
0.0951767 -1.25678e-08
0.0952666 -1.26048e-08
0.0953565 -1.26488e-08
0.0954464 -1.26777e-08
0.0955362 -1.26955e-08
0.0956261 -1.27113e-08
0.095716 -1.27261e-08
0.0958059 -1.27564e-08
0.0958957 -1.28118e-08
0.0959856 -1.28608e-08
0.0960755 -1.28808e-08
0.0961653 -1.29352e-08
0.0962552 -1.29774e-08
0.0963451 -1.30113e-08
0.096435 -1.30622e-08
0.0965248 -1.30937e-08
0.0966147 -1.31287e-08
0.0967046 -1.31402e-08
0.0967945 -1.31267e-08
0.0968843 -1.31218e-08
0.0969742 -1.31108e-08
0.0970641 -1.31349e-08
0.097154 -1.31865e-08
0.0972438 -1.32422e-08
0.0973337 -1.32531e-08
0.0974236 -1.33167e-08
0.0975135 -1.33465e-08
0.0976033 -1.33712e-08
0.0976932 -1.33892e-08
0.0977831 -1.34115e-08
0.097873 -1.34482e-08
0.0979628 -1.35049e-08
0.0980527 -1.35587e-08
0.0981426 -1.3627e-08
0.0982325 -1.36935e-08
0.0983223 -1.3802e-08
0.0984122 -1.38935e-08
0.0985021 -1.39829e-08
0.098592 -1.41292e-08
0.0986818 -1.42532e-08
0.0987717 -1.43473e-08
0.0988616 -1.44355e-08
0.0989514 -1.45483e-08
0.0990413 -1.46491e-08
0.0991312 -1.4743e-08
0.0992211 -1.48316e-08
0.0993109 -1.49191e-08
0.0994008 -1.49805e-08
0.0994907 -1.50429e-08
0.0995806 -1.50619e-08
0.0996704 -1.50824e-08
0.0997603 -1.50914e-08
0.0998502 -1.5059e-08
0.0999401 -1.50494e-08
0.10003 -1.50402e-08
0.10012 -1.5044e-08
0.10021 -1.50527e-08
0.1003 -1.50199e-08
0.100389 -1.49677e-08
0.100479 -1.48859e-08
0.100569 -1.48203e-08
0.100659 -1.47799e-08
0.100749 -1.47389e-08
0.100839 -1.46914e-08
0.100929 -1.46326e-08
0.101019 -1.45591e-08
0.101108 -1.45294e-08
0.101198 -1.44956e-08
0.101288 -1.44535e-08
0.101378 -1.44147e-08
0.101468 -1.44072e-08
0.101558 -1.4396e-08
0.101648 -1.4397e-08
0.101738 -1.43784e-08
0.101827 -1.4373e-08
0.101917 -1.43973e-08
0.102007 -1.44159e-08
0.102097 -1.44751e-08
0.102187 -1.45195e-08
0.102277 -1.45396e-08
0.102367 -1.45339e-08
0.102457 -1.45624e-08
0.102546 -1.45958e-08
0.102636 -1.46524e-08
0.102726 -1.46496e-08
0.102816 -1.46426e-08
0.102906 -1.45862e-08
0.102996 -1.46213e-08
0.103086 -1.4596e-08
0.103176 -1.4532e-08
0.103265 -1.4509e-08
0.103355 -1.44914e-08
0.103445 -1.45002e-08
0.103535 -1.44878e-08
0.103625 -1.44532e-08
0.103715 -1.44085e-08
0.103805 -1.43789e-08
0.103895 -1.43786e-08
0.103984 -1.43915e-08
0.104074 -1.43825e-08
0.104164 -1.43865e-08
0.104254 -1.43637e-08
0.104344 -1.43928e-08
0.104434 -1.44699e-08
0.104524 -1.45584e-08
0.104614 -1.46441e-08
0.104703 -1.47329e-08
0.104793 -1.48378e-08
0.104883 -1.49273e-08
0.104973 -1.50409e-08
0.105063 -1.51894e-08
0.105153 -1.53022e-08
0.105243 -1.54433e-08
0.105333 -1.5604e-08
0.105422 -1.57462e-08
0.105512 -1.59106e-08
0.105602 -1.60631e-08
0.105692 -1.6175e-08
0.105782 -1.63067e-08
0.105872 -1.64028e-08
0.105962 -1.65084e-08
0.106052 -1.6618e-08
0.106141 -1.67729e-08
0.106231 -1.68812e-08
0.106321 -1.69723e-08
0.106411 -1.70609e-08
0.106501 -1.71596e-08
0.106591 -1.7236e-08
0.106681 -1.72889e-08
0.106771 -1.72976e-08
0.10686 -1.72718e-08
0.10695 -1.72083e-08
0.10704 -1.71266e-08
0.10713 -1.70575e-08
0.10722 -1.69703e-08
0.10731 -1.68771e-08
0.1074 -1.68081e-08
0.107489 -1.67389e-08
0.107579 -1.6546e-08
0.107669 -1.64721e-08
0.107759 -1.63262e-08
0.107849 -1.61866e-08
0.107939 -1.6044e-08
0.108029 -1.59127e-08
0.108119 -1.58192e-08
0.108208 -1.58122e-08
0.108298 -1.58122e-08
0.108388 -1.58535e-08
0.108478 -1.58899e-08
0.108568 -1.59742e-08
0.108658 -1.60425e-08
0.108748 -1.61036e-08
0.108838 -1.62591e-08
0.108927 -1.64181e-08
0.109017 -1.65639e-08
0.109107 -1.67094e-08
0.109197 -1.68882e-08
0.109287 -1.70296e-08
0.109377 -1.71557e-08
0.109467 -1.72655e-08
0.109557 -1.73481e-08
0.109646 -1.74189e-08
0.109736 -1.75158e-08
0.109826 -1.74954e-08
0.109916 -1.74656e-08
0.110006 -1.74273e-08
0.110096 -1.73045e-08
0.110186 -1.726e-08
0.110276 -1.72401e-08
0.110365 -1.72287e-08
0.110455 -1.72079e-08
0.110545 -1.71291e-08
0.110635 -1.70314e-08
0.110725 -1.69114e-08
0.110815 -1.6863e-08
0.110905 -1.68729e-08
0.110995 -1.68447e-08
0.111084 -1.68623e-08
0.111174 -1.68914e-08
0.111264 -1.68762e-08
0.111354 -1.68833e-08
0.111444 -1.69105e-08
0.111534 -1.69489e-08
0.111624 -1.70065e-08
0.111714 -1.70895e-08
0.111803 -1.71669e-08
0.111893 -1.72115e-08
0.111983 -1.72346e-08
0.112073 -1.72965e-08
0.112163 -1.74079e-08
0.112253 -1.74817e-08
0.112343 -1.75559e-08
0.112433 -1.76113e-08
0.112522 -1.76623e-08
0.112612 -1.76797e-08
0.112702 -1.77306e-08
0.112792 -1.76978e-08
0.112882 -1.76582e-08
0.112972 -1.75334e-08
0.113062 -1.74436e-08
0.113152 -1.73398e-08
0.113241 -1.73149e-08
0.113331 -1.72377e-08
0.113421 -1.70694e-08
0.113511 -1.68776e-08
0.113601 -1.68002e-08
0.113691 -1.68007e-08
0.113781 -1.67902e-08
0.113871 -1.67991e-08
0.11396 -1.6835e-08
0.11405 -1.69246e-08
0.11414 -1.70559e-08
0.11423 -1.72363e-08
0.11432 -1.73692e-08
0.11441 -1.76296e-08
0.1145 -1.78027e-08
0.11459 -1.81167e-08
0.114679 -1.8445e-08
0.114769 -1.87415e-08
0.114859 -1.90092e-08
0.114949 -1.92768e-08
0.115039 -1.95574e-08
0.115129 -1.98844e-08
0.115219 -2.01334e-08
0.115309 -2.03075e-08
0.115398 -2.03387e-08
0.115488 -2.03874e-08
0.115578 -2.04727e-08
0.115668 -2.03723e-08
0.115758 -2.03158e-08
0.115848 -2.0224e-08
0.115938 -2.01802e-08
0.116028 -2.01243e-08
0.116117 -2.01065e-08
0.116207 -2.00396e-08
0.116297 -1.99588e-08
0.116387 -1.98916e-08
0.116477 -1.98179e-08
0.116567 -1.9703e-08
0.116657 -1.97334e-08
0.116747 -1.97274e-08
0.116836 -1.97283e-08
0.116926 -1.97873e-08
0.117016 -1.98455e-08
0.117106 -1.99177e-08
0.117196 -1.99197e-08
0.117286 -1.99025e-08
0.117376 -1.99807e-08
0.117466 -2.012e-08
0.117555 -2.03145e-08
0.117645 -2.04611e-08
0.117735 -2.05409e-08
0.117825 -2.07135e-08
0.117915 -2.07913e-08
0.118005 -2.09533e-08
0.118095 -2.1213e-08
0.118185 -2.13754e-08
0.118274 -2.14454e-08
0.118364 -2.14741e-08
0.118454 -2.14216e-08
0.118544 -2.13535e-08
0.118634 -2.126e-08
0.118724 -2.11737e-08
0.118814 -2.10556e-08
0.118904 -2.0953e-08
0.118993 -2.07961e-08
0.119083 -2.05271e-08
0.119173 -2.02939e-08
0.119263 -2.00915e-08
0.119353 -1.9919e-08
0.119443 -1.98129e-08
0.119533 -1.97159e-08
0.119623 -1.9661e-08
0.119712 -1.95707e-08
0.119802 -1.96262e-08
0.119892 -1.96622e-08
0.119982 -1.96767e-08
0.120072 -1.97152e-08
0.120162 -1.98297e-08
0.120252 -2.00531e-08
0.120341 -2.03607e-08
0.120431 -2.05707e-08
0.120521 -2.06664e-08
0.120611 -2.0745e-08
0.120701 -2.08133e-08
0.120791 -2.09686e-08
0.120881 -2.11077e-08
0.120971 -2.1221e-08
0.12106 -2.12288e-08
0.12115 -2.11344e-08
0.12124 -2.09669e-08
0.12133 -2.08563e-08
0.12142 -2.06388e-08
0.12151 -2.04752e-08
0.1216 -2.02431e-08
0.12169 -2.00512e-08
0.121779 -1.98219e-08
0.121869 -1.95657e-08
0.121959 -1.92803e-08
0.122049 -1.90937e-08
0.122139 -1.9042e-08
0.122229 -1.91739e-08
0.122319 -1.92515e-08
0.122409 -1.9202e-08
0.122498 -1.93272e-08
0.122588 -1.94614e-08
0.122678 -1.96e-08
0.122768 -1.97419e-08
0.122858 -1.9996e-08
0.122948 -2.02455e-08
0.123038 -2.06389e-08
0.123128 -2.09774e-08
0.123217 -2.1515e-08
0.123307 -2.19856e-08
0.123397 -2.24666e-08
0.123487 -2.29032e-08
0.123577 -2.33959e-08
0.123667 -2.39635e-08
0.123757 -2.44822e-08
0.123847 -2.48705e-08
0.123936 -2.50299e-08
0.124026 -2.51564e-08
0.124116 -2.51341e-08
0.124206 -2.49899e-08
0.124296 -2.47542e-08
0.124386 -2.451e-08
0.124476 -2.42193e-08
0.124566 -2.39368e-08
0.124655 -2.33472e-08
0.124745 -2.30072e-08
0.124835 -2.24318e-08
0.124925 -2.18028e-08
0.125015 -2.11538e-08
0.125105 -2.05392e-08
0.125195 -1.99057e-08
0.125285 -1.9345e-08
0.125374 -1.88302e-08
0.125464 -1.8408e-08
0.125554 -1.81207e-08
0.125644 -1.8053e-08
0.125734 -1.78426e-08
0.125824 -1.75948e-08
0.125914 -1.77498e-08
0.126004 -1.79711e-08
0.126093 -1.81963e-08
0.126183 -1.82622e-08
0.126273 -1.84264e-08
0.126363 -1.85846e-08
0.126453 -1.88656e-08
0.126543 -1.9078e-08
0.126633 -1.9271e-08
0.126723 -1.94164e-08
0.126812 -1.96768e-08
0.126902 -1.96388e-08
0.126992 -1.96943e-08
0.127082 -1.97072e-08
0.127172 -1.94492e-08
0.127262 -1.92895e-08
0.127352 -1.92462e-08
0.127442 -1.93428e-08
0.127531 -1.94237e-08
0.127621 -1.9252e-08
0.127711 -1.90191e-08
0.127801 -1.89046e-08
0.127891 -1.8894e-08
0.127981 -1.9115e-08
0.128071 -1.89958e-08
0.128161 -1.92398e-08
0.12825 -1.93196e-08
0.12834 -1.92246e-08
0.12843 -1.91158e-08
0.12852 -1.90557e-08
0.12861 -1.895e-08
0.1287 -1.89864e-08
0.12879 -1.91694e-08
0.12888 -1.93521e-08
0.128969 -1.93511e-08
0.129059 -1.94291e-08
0.129149 -1.94123e-08
0.129239 -1.92811e-08
0.129329 -1.93951e-08
0.129419 -1.93872e-08
0.129509 -1.93526e-08
0.129599 -1.91299e-08
0.129688 -1.88486e-08
0.129778 -1.853e-08
0.129868 -1.81926e-08
0.129958 -1.78256e-08
0.130048 -1.7399e-08
0.130138 -1.70337e-08
0.130228 -1.69416e-08
0.130318 -1.63316e-08
0.130407 -1.57852e-08
0.130497 -1.52798e-08
0.130587 -1.44123e-08
0.130677 -1.37831e-08
0.130767 -1.32611e-08
0.130857 -1.29558e-08
0.130947 -1.28273e-08
0.131037 -1.25888e-08
0.131126 -1.23373e-08
0.131216 -1.22725e-08
0.131306 -1.24685e-08
0.131396 -1.29591e-08
0.131486 -1.34866e-08
0.131576 -1.43251e-08
0.131666 -1.52188e-08
0.131756 -1.59993e-08
0.131845 -1.66468e-08
0.131935 -1.74707e-08
0.132025 -1.81166e-08
0.132115 -1.85307e-08
0.132205 -1.886e-08
0.132295 -1.91411e-08
0.132385 -1.91987e-08
0.132475 -1.94111e-08
0.132564 -1.9424e-08
0.132654 -1.92404e-08
0.132744 -1.92987e-08
0.132834 -1.89533e-08
0.132924 -1.85687e-08
0.133014 -1.81822e-08
0.133104 -1.77088e-08
0.133194 -1.73585e-08
0.133283 -1.70361e-08
0.133373 -1.66356e-08
0.133463 -1.61479e-08
0.133553 -1.57555e-08
0.133643 -1.55919e-08
0.133733 -1.52453e-08
0.133823 -1.51055e-08
0.133912 -1.50815e-08
0.134002 -1.48445e-08
0.134092 -1.47382e-08
0.134182 -1.46077e-08
0.134272 -1.4537e-08
0.134362 -1.44978e-08
0.134452 -1.45003e-08
0.134542 -1.44674e-08
0.134631 -1.433e-08
0.134721 -1.42373e-08
0.134811 -1.4298e-08
