-0.134811 -3.85727e-09
-0.134721 -3.8596e-09
-0.134631 -3.86193e-09
-0.134542 -3.86426e-09
-0.134452 -3.86659e-09
-0.134362 -3.86892e-09
-0.134272 -3.87125e-09
-0.134182 -3.87358e-09
-0.134092 -3.87591e-09
-0.134002 -3.87824e-09
-0.133912 -3.88056e-09
-0.133823 -3.88289e-09
-0.133733 -3.88522e-09
-0.133643 -3.88755e-09
-0.133553 -3.88988e-09
-0.133463 -3.89221e-09
-0.133373 -3.89454e-09
-0.133283 -3.89687e-09
-0.133194 -3.8992e-09
-0.133104 -3.90153e-09
-0.133014 -3.90386e-09
-0.132924 -3.90618e-09
-0.132834 -3.90851e-09
-0.132744 -3.91084e-09
-0.132654 -3.91317e-09
-0.132564 -3.9155e-09
-0.132475 -3.91783e-09
-0.132385 -3.92016e-09
-0.132295 -3.92249e-09
-0.132205 -3.92482e-09
-0.132115 -3.92715e-09
-0.132025 -3.92948e-09
-0.131935 -3.9318e-09
-0.131845 -3.93413e-09
-0.131756 -3.93646e-09
-0.131666 -3.93879e-09
-0.131576 -3.94112e-09
-0.131486 -3.94345e-09
-0.131396 -3.94578e-09
-0.131306 -3.94811e-09
-0.131216 -3.95044e-09
-0.131126 -3.95277e-09
-0.131037 -3.95509e-09
-0.130947 -3.95742e-09
-0.130857 -3.95975e-09
-0.130767 -3.96208e-09
-0.130677 -3.96441e-09
-0.130587 -3.96674e-09
-0.130497 -3.96907e-09
-0.130407 -3.9714e-09
-0.130318 -3.97373e-09
-0.130228 -3.97606e-09
-0.130138 -3.97839e-09
-0.130048 -3.98071e-09
-0.129958 -3.98304e-09
-0.129868 -3.98537e-09
-0.129778 -3.9877e-09
-0.129688 -3.99003e-09
-0.129599 -3.99236e-09
-0.129509 -3.99469e-09
-0.129419 -3.99702e-09
-0.129329 -3.99935e-09
-0.129239 -4.00168e-09
-0.129149 -4.00401e-09
-0.129059 -4.00633e-09
-0.128969 -4.00866e-09
-0.12888 -4.01099e-09
-0.12879 -4.01332e-09
-0.1287 -4.01565e-09
-0.12861 -4.01798e-09
-0.12852 -4.02031e-09
-0.12843 -4.02264e-09
-0.12834 -4.02497e-09
-0.12825 -4.0273e-09
-0.128161 -4.02963e-09
-0.128071 -4.03195e-09
-0.127981 -4.03428e-09
-0.127891 -4.03661e-09
-0.127801 -4.03894e-09
-0.127711 -4.04127e-09
-0.127621 -4.0436e-09
-0.127531 -4.04593e-09
-0.127442 -4.04826e-09
-0.127352 -4.05059e-09
-0.127262 -4.05292e-09
-0.127172 -4.05525e-09
-0.127082 -4.05757e-09
-0.126992 -4.0599e-09
-0.126902 -4.06223e-09
-0.126812 -4.06456e-09
-0.126723 -4.06689e-09
-0.126633 -4.06922e-09
-0.126543 -4.07155e-09
-0.126453 -4.07388e-09
-0.126363 -4.07621e-09
-0.126273 -4.07854e-09
-0.126183 -4.08086e-09
-0.126093 -4.08319e-09
-0.126004 -4.08552e-09
-0.125914 -4.08785e-09
-0.125824 -4.09018e-09
-0.125734 -4.09251e-09
-0.125644 -4.09484e-09
-0.125554 -4.09717e-09
-0.125464 -4.0995e-09
-0.125374 -4.10183e-09
-0.125285 -4.10416e-09
-0.125195 -4.10648e-09
-0.125105 -4.10881e-09
-0.125015 -4.11114e-09
-0.124925 -4.11347e-09
-0.124835 -4.1158e-09
-0.124745 -4.11813e-09
-0.124655 -4.12046e-09
-0.124566 -4.12279e-09
-0.124476 -4.12512e-09
-0.124386 -4.12745e-09
-0.124296 -4.12978e-09
-0.124206 -4.1321e-09
-0.124116 -4.13443e-09
-0.124026 -4.13676e-09
-0.123936 -4.13909e-09
-0.123847 -4.14142e-09
-0.123757 -4.14375e-09
-0.123667 -4.14608e-09
-0.123577 -4.14841e-09
-0.123487 -4.15074e-09
-0.123397 -4.15307e-09
-0.123307 -4.1554e-09
-0.123217 -4.15772e-09
-0.123128 -4.16005e-09
-0.123038 -4.16238e-09
-0.122948 -4.16471e-09
-0.122858 -4.16704e-09
-0.122768 -4.16937e-09
-0.122678 -4.1717e-09
-0.122588 -4.17403e-09
-0.122498 -4.17636e-09
-0.122409 -4.17869e-09
-0.122319 -4.18102e-09
-0.122229 -4.18334e-09
-0.122139 -4.18567e-09
-0.122049 -4.188e-09
-0.121959 -4.19033e-09
-0.121869 -4.19266e-09
-0.121779 -4.19499e-09
-0.12169 -4.19732e-09
-0.1216 -4.19965e-09
-0.12151 -4.20198e-09
-0.12142 -4.20431e-09
-0.12133 -4.20663e-09
-0.12124 -4.20896e-09
-0.12115 -4.21129e-09
-0.12106 -4.21362e-09
-0.120971 -4.21595e-09
-0.120881 -4.21828e-09
-0.120791 -4.22061e-09
-0.120701 -4.22294e-09
-0.120611 -4.22527e-09
-0.120521 -4.2276e-09
-0.120431 -4.22993e-09
-0.120341 -4.23225e-09
-0.120252 -4.23458e-09
-0.120162 -4.23691e-09
-0.120072 -4.23924e-09
-0.119982 -4.24157e-09
-0.119892 -4.2439e-09
-0.119802 -4.24623e-09
-0.119712 -4.24856e-09
-0.119623 -4.25089e-09
-0.119533 -4.25322e-09
-0.119443 -4.25555e-09
-0.119353 -4.25787e-09
-0.119263 -4.2602e-09
-0.119173 -4.26253e-09
-0.119083 -4.26486e-09
-0.118993 -4.26719e-09
-0.118904 -4.26952e-09
-0.118814 -4.27185e-09
-0.118724 -4.27418e-09
-0.118634 -4.27651e-09
-0.118544 -4.27884e-09
-0.118454 -4.28117e-09
-0.118364 -4.28349e-09
-0.118274 -4.28582e-09
-0.118185 -4.28815e-09
-0.118095 -4.29048e-09
-0.118005 -4.29281e-09
-0.117915 -4.29514e-09
-0.117825 -4.29747e-09
-0.117735 -4.2998e-09
-0.117645 -4.30213e-09
-0.117555 -4.30446e-09
-0.117466 -4.30678e-09
-0.117376 -4.30911e-09
-0.117286 -4.31144e-09
-0.117196 -4.31377e-09
-0.117106 -4.3161e-09
-0.117016 -4.31843e-09
-0.116926 -4.32076e-09
-0.116836 -4.32309e-09
-0.116747 -4.32542e-09
-0.116657 -4.32775e-09
-0.116567 -4.33008e-09
-0.116477 -4.3324e-09
-0.116387 -4.33473e-09
-0.116297 -4.33706e-09
-0.116207 -4.33939e-09
-0.116117 -4.34172e-09
-0.116028 -4.34405e-09
-0.115938 -4.34638e-09
-0.115848 -4.34871e-09
-0.115758 -4.35104e-09
-0.115668 -4.35337e-09
-0.115578 -4.3557e-09
-0.115488 -4.35802e-09
-0.115398 -4.36035e-09
-0.115309 -4.36268e-09
-0.115219 -4.36501e-09
-0.115129 -4.36734e-09
-0.115039 -4.36967e-09
-0.114949 -4.372e-09
-0.114859 -4.37433e-09
-0.114769 -4.37666e-09
-0.114679 -4.37899e-09
-0.11459 -4.38132e-09
-0.1145 -4.38364e-09
-0.11441 -4.38597e-09
-0.11432 -4.3883e-09
-0.11423 -4.39063e-09
-0.11414 -4.39296e-09
-0.11405 -4.39529e-09
-0.11396 -4.39762e-09
-0.113871 -4.39995e-09
-0.113781 -4.40228e-09
-0.113691 -4.40461e-09
-0.113601 -4.40694e-09
-0.113511 -4.40926e-09
-0.113421 -4.41159e-09
-0.113331 -4.41392e-09
-0.113241 -4.41625e-09
-0.113152 -4.41858e-09
-0.113062 -4.42091e-09
-0.112972 -4.42324e-09
-0.112882 -4.42557e-09
-0.112792 -4.4279e-09
-0.112702 -4.43023e-09
-0.112612 -4.43255e-09
-0.112522 -4.43488e-09
-0.112433 -4.43721e-09
-0.112343 -4.43954e-09
-0.112253 -4.44187e-09
-0.112163 -4.4442e-09
-0.112073 -4.44653e-09
-0.111983 -4.44886e-09
-0.111893 -4.45119e-09
-0.111803 -4.45352e-09
-0.111714 -4.45585e-09
-0.111624 -4.45817e-09
-0.111534 -4.4605e-09
-0.111444 -4.46283e-09
-0.111354 -4.46516e-09
-0.111264 -4.46749e-09
-0.111174 -4.46982e-09
-0.111084 -4.47215e-09
-0.110995 -4.47448e-09
-0.110905 -4.47681e-09
-0.110815 -4.47914e-09
-0.110725 -4.48147e-09
-0.110635 -4.48379e-09
-0.110545 -4.48612e-09
-0.110455 -4.48845e-09
-0.110365 -4.49078e-09
-0.110276 -4.49311e-09
-0.110186 -4.49544e-09
-0.110096 -4.49777e-09
-0.110006 -4.5001e-09
-0.109916 -4.50243e-09
-0.109826 -4.50476e-09
-0.109736 -4.50709e-09
-0.109646 -4.50941e-09
-0.109557 -4.51174e-09
-0.109467 -4.51407e-09
-0.109377 -4.5164e-09
-0.109287 -4.51873e-09
-0.109197 -4.52106e-09
-0.109107 -4.52339e-09
-0.109017 -4.52572e-09
-0.108927 -4.52805e-09
-0.108838 -4.53038e-09
-0.108748 -4.53271e-09
-0.108658 -4.53503e-09
-0.108568 -4.53736e-09
-0.108478 -4.53969e-09
-0.108388 -4.54202e-09
-0.108298 -4.54435e-09
-0.108208 -4.54668e-09
-0.108119 -4.54901e-09
-0.108029 -4.55134e-09
-0.107939 -4.55367e-09
-0.107849 -4.556e-09
-0.107759 -4.55832e-09
-0.107669 -4.56065e-09
-0.107579 -4.56298e-09
-0.107489 -4.56531e-09
-0.1074 -4.56764e-09
-0.10731 -4.56997e-09
-0.10722 -4.5723e-09
-0.10713 -4.57463e-09
-0.10704 -4.57696e-09
-0.10695 -4.57929e-09
-0.10686 -4.58162e-09
-0.106771 -4.58394e-09
-0.106681 -4.58627e-09
-0.106591 -4.5886e-09
-0.106501 -4.59093e-09
-0.106411 -4.59326e-09
-0.106321 -4.59559e-09
-0.106231 -4.59792e-09
-0.106141 -4.60025e-09
-0.106052 -4.60258e-09
-0.105962 -4.60491e-09
-0.105872 -4.60724e-09
-0.105782 -4.60956e-09
-0.105692 -4.61189e-09
-0.105602 -4.61422e-09
-0.105512 -4.61655e-09
-0.105422 -4.61888e-09
-0.105333 -4.62121e-09
-0.105243 -4.62354e-09
-0.105153 -4.62587e-09
-0.105063 -4.6282e-09
-0.104973 -4.63053e-09
-0.104883 -4.63286e-09
-0.104793 -4.63518e-09
-0.104703 -4.63751e-09
-0.104614 -4.63984e-09
-0.104524 -4.64217e-09
-0.104434 -4.6445e-09
-0.104344 -4.64683e-09
-0.104254 -4.64916e-09
-0.104164 -4.65149e-09
-0.104074 -4.65382e-09
-0.103984 -4.65615e-09
-0.103895 -4.65848e-09
-0.103805 -4.6608e-09
-0.103715 -4.66313e-09
-0.103625 -4.66546e-09
-0.103535 -4.66779e-09
-0.103445 -4.67012e-09
-0.103355 -4.67245e-09
-0.103265 -4.67478e-09
-0.103176 -4.67711e-09
-0.103086 -4.67944e-09
-0.102996 -4.68177e-09
-0.102906 -4.68409e-09
-0.102816 -4.68642e-09
-0.102726 -4.68875e-09
-0.102636 -4.69108e-09
-0.102546 -4.69341e-09
-0.102457 -4.69574e-09
-0.102367 -4.69807e-09
-0.102277 -4.7004e-09
-0.102187 -4.70273e-09
-0.102097 -4.70506e-09
-0.102007 -4.70739e-09
-0.101917 -4.70971e-09
-0.101827 -4.71204e-09
-0.101738 -4.71437e-09
-0.101648 -4.7167e-09
-0.101558 -4.71903e-09
-0.101468 -4.72136e-09
-0.101378 -4.72369e-09
-0.101288 -4.72602e-09
-0.101198 -4.72835e-09
-0.101108 -4.73068e-09
-0.101019 -4.73301e-09
-0.100929 -4.73533e-09
-0.100839 -4.73766e-09
-0.100749 -4.73999e-09
-0.100659 -4.74232e-09
-0.100569 -4.74465e-09
-0.100479 -4.74698e-09
-0.100389 -4.74931e-09
-0.1003 -4.75164e-09
-0.10021 -4.75397e-09
-0.10012 -4.7563e-09
-0.10003 -4.75863e-09
-0.0999401 -4.76095e-09
-0.0998502 -4.76328e-09
-0.0997603 -4.76561e-09
-0.0996704 -4.76794e-09
-0.0995806 -4.77027e-09
-0.0994907 -4.7726e-09
-0.0994008 -4.77493e-09
-0.0993109 -4.77726e-09
-0.0992211 -4.77959e-09
-0.0991312 -4.78192e-09
-0.0990413 -4.78425e-09
-0.0989514 -4.78657e-09
-0.0988616 -4.7889e-09
-0.0987717 -4.79123e-09
-0.0986818 -4.79356e-09
-0.098592 -4.79589e-09
-0.0985021 -4.79822e-09
-0.0984122 -4.80055e-09
-0.0983223 -4.80288e-09
-0.0982325 -4.80521e-09
-0.0981426 -4.80754e-09
-0.0980527 -4.80986e-09
-0.0979628 -4.81219e-09
-0.097873 -4.81452e-09
-0.0977831 -4.81685e-09
-0.0976932 -4.81918e-09
-0.0976033 -4.82151e-09
-0.0975135 -4.82384e-09
-0.0974236 -4.82617e-09
-0.0973337 -4.8285e-09
-0.0972438 -4.83083e-09
-0.097154 -4.83316e-09
-0.0970641 -4.83548e-09
-0.0969742 -4.83781e-09
-0.0968843 -4.84014e-09
-0.0967945 -4.84247e-09
-0.0967046 -4.8448e-09
-0.0966147 -4.84713e-09
-0.0965248 -4.84946e-09
-0.096435 -4.85179e-09
-0.0963451 -4.85412e-09
-0.0962552 -4.85645e-09
-0.0961653 -4.85878e-09
-0.0960755 -4.8611e-09
-0.0959856 -4.86343e-09
-0.0958957 -4.86576e-09
-0.0958059 -4.86809e-09
-0.095716 -4.87042e-09
-0.0956261 -4.87275e-09
-0.0955362 -4.87508e-09
-0.0954464 -4.87741e-09
-0.0953565 -4.87974e-09
-0.0952666 -4.88207e-09
-0.0951767 -4.8844e-09
-0.0950869 -4.88672e-09
-0.094997 -4.88905e-09
-0.0949071 -4.89138e-09
-0.0948172 -4.89371e-09
-0.0947274 -4.89604e-09
-0.0946375 -4.89837e-09
-0.0945476 -4.9007e-09
-0.0944577 -4.90303e-09
-0.0943679 -4.90536e-09
-0.094278 -4.90769e-09
-0.0941881 -4.91001e-09
-0.0940982 -4.91234e-09
-0.0940084 -4.91467e-09
-0.0939185 -4.917e-09
-0.0938286 -4.91933e-09
-0.0937387 -4.92166e-09
-0.0936489 -4.92399e-09
-0.093559 -4.92632e-09
-0.0934691 -4.92865e-09
-0.0933793 -4.93098e-09
-0.0932894 -4.93331e-09
-0.0931995 -4.93563e-09
-0.0931096 -4.93796e-09
-0.0930198 -4.94029e-09
-0.0929299 -4.94262e-09
-0.09284 -4.94495e-09
-0.0927501 -4.94728e-09
-0.0926603 -4.94961e-09
-0.0925704 -4.95194e-09
-0.0924805 -4.95427e-09
-0.0923906 -4.9566e-09
-0.0923008 -4.95893e-09
-0.0922109 -4.96125e-09
-0.092121 -4.96358e-09
-0.0920311 -4.96591e-09
-0.0919413 -4.96824e-09
-0.0918514 -4.97057e-09
-0.0917615 -4.9729e-09
-0.0916716 -4.97523e-09
-0.0915818 -4.97756e-09
-0.0914919 -4.97989e-09
-0.091402 -4.98222e-09
-0.0913121 -4.98455e-09
-0.0912223 -4.98687e-09
-0.0911324 -4.9892e-09
-0.0910425 -4.99153e-09
-0.0909526 -4.99386e-09
-0.0908628 -4.99619e-09
-0.0907729 -4.99852e-09
-0.090683 -5.00085e-09
-0.0905932 -5.00318e-09
-0.0905033 -5.00551e-09
-0.0904134 -5.00784e-09
-0.0903235 -5.01017e-09
-0.0902337 -5.01249e-09
-0.0901438 -5.01482e-09
-0.0900539 -5.01715e-09
-0.089964 -5.01948e-09
-0.0898742 -5.02181e-09
-0.0897843 -5.02414e-09
-0.0896944 -5.02647e-09
-0.0896045 -5.0288e-09
-0.0895147 -5.03113e-09
-0.0894248 -5.03346e-09
-0.0893349 -5.03578e-09
-0.089245 -5.03811e-09
-0.0891552 -5.04044e-09
-0.0890653 -5.04277e-09
-0.0889754 -5.0451e-09
-0.0888855 -5.04743e-09
-0.0887957 -5.04976e-09
-0.0887058 -5.05209e-09
-0.0886159 -5.05442e-09
-0.088526 -5.05675e-09
-0.0884362 -5.05908e-09
-0.0883463 -5.0614e-09
-0.0882564 -5.06373e-09
-0.0881665 -5.06606e-09
-0.0880767 -5.06839e-09
-0.0879868 -5.07072e-09
-0.0878969 -5.07305e-09
-0.0878071 -5.07538e-09
-0.0877172 -5.07771e-09
-0.0876273 -5.08004e-09
-0.0875374 -5.08237e-09
-0.0874476 -5.0847e-09
-0.0873577 -5.08702e-09
-0.0872678 -5.08935e-09
-0.0871779 -5.09168e-09
-0.0870881 -5.09401e-09
-0.0869982 -5.09634e-09
-0.0869083 -5.09867e-09
-0.0868184 -5.101e-09
-0.0867286 -5.10333e-09
-0.0866387 -5.10566e-09
-0.0865488 -5.10799e-09
-0.0864589 -5.11032e-09
-0.0863691 -5.11264e-09
-0.0862792 -5.11497e-09
-0.0861893 -5.1173e-09
-0.0860994 -5.11963e-09
-0.0860096 -5.12196e-09
-0.0859197 -5.12429e-09
-0.0858298 -5.12662e-09
-0.0857399 -5.12895e-09
-0.0856501 -5.13128e-09
-0.0855602 -5.13361e-09
-0.0854703 -5.13594e-09
-0.0853805 -5.13826e-09
-0.0852906 -5.14059e-09
-0.0852007 -5.14292e-09
-0.0851108 -5.14525e-09
-0.085021 -5.14758e-09
-0.0849311 -5.14991e-09
-0.0848412 -5.15224e-09
-0.0847513 -5.15457e-09
-0.0846615 -5.1569e-09
-0.0845716 -5.15923e-09
-0.0844817 -5.16155e-09
-0.0843918 -5.16388e-09
-0.084302 -5.16621e-09
-0.0842121 -5.16854e-09
-0.0841222 -5.17087e-09
-0.0840323 -5.1732e-09
-0.0839425 -5.17553e-09
-0.0838526 -5.17786e-09
-0.0837627 -5.18019e-09
-0.0836728 -5.18252e-09
-0.083583 -5.18485e-09
-0.0834931 -5.18717e-09
-0.0834032 -5.1895e-09
-0.0833133 -5.19183e-09
-0.0832235 -5.19416e-09
-0.0831336 -5.19649e-09
-0.0830437 -5.19882e-09
-0.0829538 -5.20115e-09
-0.082864 -5.20348e-09
-0.0827741 -5.20581e-09
-0.0826842 -5.20814e-09
-0.0825944 -5.21047e-09
-0.0825045 -5.21279e-09
-0.0824146 -5.21512e-09
-0.0823247 -5.21745e-09
-0.0822349 -5.21978e-09
-0.082145 -5.22211e-09
-0.0820551 -5.22444e-09
-0.0819652 -5.22677e-09
-0.0818754 -5.2291e-09
-0.0817855 -5.23143e-09
-0.0816956 -5.23376e-09
-0.0816057 -5.23609e-09
-0.0815159 -5.23841e-09
-0.081426 -5.24074e-09
-0.0813361 -5.24307e-09
-0.0812462 -5.2454e-09
-0.0811564 -5.24773e-09
-0.0810665 -5.25006e-09
-0.0809766 -5.25239e-09
-0.0808867 -5.25472e-09
-0.0807969 -5.25705e-09
-0.080707 -5.25938e-09
-0.0806171 -5.26171e-09
-0.0805272 -5.26403e-09
-0.0804374 -5.26636e-09
-0.0803475 -5.26869e-09
-0.0802576 -5.27102e-09
-0.0801677 -5.27335e-09
-0.0800779 -5.27568e-09
-0.079988 -5.27801e-09
-0.0798981 -5.28034e-09
-0.0798083 -5.28267e-09
-0.0797184 -5.285e-09
-0.0796285 -5.28732e-09
-0.0795386 -5.28965e-09
-0.0794488 -5.29198e-09
-0.0793589 -5.29431e-09
-0.079269 -5.29664e-09
-0.0791791 -5.29897e-09
-0.0790893 -5.3013e-09
-0.0789994 -5.30363e-09
-0.0789095 -5.30596e-09
-0.0788196 -5.30829e-09
-0.0787298 -5.31062e-09
-0.0786399 -5.31294e-09
-0.07855 -5.31527e-09
-0.0784601 -5.3176e-09
-0.0783703 -5.31993e-09
-0.0782804 -5.32226e-09
-0.0781905 -5.32459e-09
-0.0781006 -5.32692e-09
-0.0780108 -5.32925e-09
-0.0779209 -5.33158e-09
-0.077831 -5.33391e-09
-0.0777411 -5.33624e-09
-0.0776513 -5.33856e-09
-0.0775614 -5.34089e-09
-0.0774715 -5.34322e-09
-0.0773817 -5.34555e-09
-0.0772918 -5.34788e-09
-0.0772019 -5.35021e-09
-0.077112 -5.35254e-09
-0.0770222 -5.35487e-09
-0.0769323 -5.3572e-09
-0.0768424 -5.35953e-09
-0.0767525 -5.36186e-09
-0.0766627 -5.36418e-09
-0.0765728 -5.36651e-09
-0.0764829 -5.36884e-09
-0.076393 -5.37117e-09
-0.0763032 -5.3735e-09
-0.0762133 -5.37583e-09
-0.0761234 -5.37816e-09
-0.0760335 -5.38049e-09
-0.0759437 -5.38282e-09
-0.0758538 -5.38515e-09
-0.0757639 -5.38747e-09
-0.075674 -5.3898e-09
-0.0755842 -5.39213e-09
-0.0754943 -5.39446e-09
-0.0754044 -5.39679e-09
-0.0753145 -5.39912e-09
-0.0752247 -5.40145e-09
-0.0751348 -5.40378e-09
-0.0750449 -5.40611e-09
-0.074955 -5.40844e-09
-0.0748652 -5.41077e-09
-0.0747753 -5.41309e-09
-0.0746854 -5.41542e-09
-0.0745956 -5.41775e-09
-0.0745057 -5.42008e-09
-0.0744158 -5.42241e-09
-0.0743259 -5.42474e-09
-0.0742361 -5.42707e-09
-0.0741462 -5.4294e-09
-0.0740563 -5.43173e-09
-0.0739664 -5.43406e-09
-0.0738766 -5.43639e-09
-0.0737867 -5.43871e-09
-0.0736968 -5.44104e-09
-0.0736069 -5.44337e-09
-0.0735171 -5.4457e-09
-0.0734272 -5.44803e-09
-0.0733373 -5.45036e-09
-0.0732474 -5.45269e-09
-0.0731576 -5.45502e-09
-0.0730677 -5.45735e-09
-0.0729778 -5.45968e-09
-0.0728879 -5.46201e-09
-0.0727981 -5.46433e-09
-0.0727082 -5.46666e-09
-0.0726183 -5.46899e-09
-0.0725284 -5.47132e-09
-0.0724386 -5.47365e-09
-0.0723487 -5.47598e-09
-0.0722588 -5.47831e-09
-0.0721689 -5.48064e-09
-0.0720791 -5.48297e-09
-0.0719892 -5.4853e-09
-0.0718993 -5.48763e-09
-0.0718095 -5.48995e-09
-0.0717196 -5.49228e-09
-0.0716297 -5.49461e-09
-0.0715398 -5.49694e-09
-0.07145 -5.49927e-09
-0.0713601 -5.5016e-09
-0.0712702 -5.50393e-09
-0.0711803 -5.50626e-09
-0.0710905 -5.50859e-09
-0.0710006 -5.51092e-09
-0.0709107 -5.51324e-09
-0.0708208 -5.51557e-09
-0.070731 -5.5179e-09
-0.0706411 -5.52023e-09
-0.0705512 -5.52256e-09
-0.0704613 -5.52489e-09
-0.0703715 -5.52722e-09
-0.0702816 -5.52955e-09
-0.0701917 -5.53188e-09
-0.0701018 -5.53421e-09
-0.070012 -5.53654e-09
-0.0699221 -5.53886e-09
-0.0698322 -5.54119e-09
-0.0697423 -5.5435e-09
-0.0696525 -5.54495e-09
-0.0695626 -5.54583e-09
-0.0694727 -5.54617e-09
-0.0693829 -5.54565e-09
-0.069293 -5.54439e-09
-0.0692031 -5.54253e-09
-0.0691132 -5.53986e-09
-0.0690234 -5.5363e-09
-0.0689335 -5.53213e-09
-0.0688436 -5.52724e-09
-0.0687537 -5.52137e-09
-0.0686639 -5.51493e-09
-0.068574 -5.50791e-09
-0.0684841 -5.49991e-09
-0.0683942 -5.4914e-09
-0.0683044 -5.4824e-09
-0.0682145 -5.47265e-09
-0.0681246 -5.46241e-09
-0.0680347 -5.45179e-09
-0.0679449 -5.44066e-09
-0.067855 -5.42913e-09
-0.0677651 -5.41733e-09
-0.0676752 -5.40523e-09
-0.0675854 -5.39283e-09
-0.0674955 -5.38028e-09
-0.0674056 -5.36758e-09
-0.0673157 -5.35473e-09
-0.0672259 -5.34181e-09
-0.067136 -5.32883e-09
-0.0670461 -5.31581e-09
-0.0669562 -5.30277e-09
-0.0668664 -5.28973e-09
-0.0667765 -5.2767e-09
-0.0666866 -5.26369e-09
-0.0665968 -5.25069e-09
-0.0665069 -5.23771e-09
-0.066417 -5.22474e-09
-0.0663271 -5.21177e-09
-0.0662373 -5.1988e-09
-0.0661474 -5.18578e-09
-0.0660575 -5.17271e-09
-0.0659676 -5.15959e-09
-0.0658778 -5.14636e-09
-0.0657879 -5.13303e-09
-0.065698 -5.11959e-09
-0.0656081 -5.10599e-09
-0.0655183 -5.09221e-09
-0.0654284 -5.07828e-09
-0.0653385 -5.06413e-09
-0.0652486 -5.04973e-09
-0.0651588 -5.03512e-09
-0.0650689 -5.02031e-09
-0.064979 -5.00514e-09
-0.0648891 -4.98977e-09
-0.0647993 -4.97419e-09
-0.0647094 -4.95824e-09
-0.0646195 -4.94208e-09
-0.0645296 -4.92573e-09
-0.0644398 -4.90906e-09
-0.0643499 -4.89217e-09
-0.06426 -4.87511e-09
-0.0641701 -4.85786e-09
-0.0640803 -4.84039e-09
-0.0639904 -4.82282e-09
-0.0639005 -4.80516e-09
-0.0638107 -4.78735e-09
-0.0637208 -4.7695e-09
-0.0636309 -4.75161e-09
-0.063541 -4.73369e-09
-0.0634512 -4.71578e-09
-0.0633613 -4.69787e-09
-0.0632714 -4.68001e-09
-0.0631815 -4.66218e-09
-0.0630917 -4.64438e-09
-0.0630018 -4.62663e-09
-0.0629119 -4.60893e-09
-0.062822 -4.59124e-09
-0.0627322 -4.57357e-09
-0.0626423 -4.55591e-09
-0.0625524 -4.53824e-09
-0.0624625 -4.52055e-09
-0.0623727 -4.50279e-09
-0.0622828 -4.48495e-09
-0.0621929 -4.46704e-09
-0.062103 -4.44899e-09
-0.0620132 -4.4308e-09
-0.0619233 -4.4125e-09
-0.0618334 -4.39403e-09
-0.0617435 -4.37536e-09
-0.0616537 -4.35654e-09
-0.0615638 -4.33756e-09
-0.0614739 -4.31836e-09
-0.0613841 -4.29903e-09
-0.0612942 -4.27957e-09
-0.0612043 -4.2599e-09
-0.0611144 -4.24015e-09
-0.0610246 -4.22033e-09
-0.0609347 -4.20039e-09
-0.0608448 -4.18042e-09
-0.0607549 -4.16042e-09
-0.0606651 -4.14044e-09
-0.0605752 -4.12049e-09
-0.0604853 -4.10059e-09
-0.0603954 -4.08076e-09
-0.0603056 -4.06108e-09
-0.0602157 -4.04151e-09
-0.0601258 -4.02204e-09
-0.0600359 -4.00277e-09
-0.0599461 -3.98365e-09
-0.0598562 -3.96467e-09
-0.0597663 -3.94592e-09
-0.0596764 -3.92735e-09
-0.0595866 -3.90892e-09
-0.0594967 -3.89067e-09
-0.0594068 -3.87264e-09
-0.0593169 -3.85476e-09
-0.0592271 -3.83707e-09
-0.0591372 -3.8196e-09
-0.0590473 -3.80228e-09
-0.0589574 -3.78512e-09
-0.0588676 -3.76827e-09
-0.0587777 -3.75158e-09
-0.0586878 -3.73506e-09
-0.058598 -3.71887e-09
-0.0585081 -3.70292e-09
-0.0584182 -3.68719e-09
-0.0583283 -3.67178e-09
-0.0582385 -3.65667e-09
-0.0581486 -3.64181e-09
-0.0580587 -3.62726e-09
-0.0579688 -3.6131e-09
-0.057879 -3.59917e-09
-0.0577891 -3.58549e-09
-0.0576992 -3.57223e-09
-0.0576093 -3.55919e-09
-0.0575195 -3.54636e-09
-0.0574296 -3.53386e-09
-0.0573397 -3.52155e-09
-0.0572498 -3.50939e-09
-0.05716 -3.49745e-09
-0.0570701 -3.48566e-09
-0.0569802 -3.47395e-09
-0.0568903 -3.46234e-09
-0.0568005 -3.45083e-09
-0.0567106 -3.43936e-09
-0.0566207 -3.42792e-09
-0.0565308 -3.41649e-09
-0.056441 -3.40509e-09
-0.0563511 -3.39371e-09
-0.0562612 -3.38233e-09
-0.0561713 -3.37097e-09
-0.0560815 -3.35962e-09
-0.0559916 -3.3483e-09
-0.0559017 -3.33705e-09
-0.0558119 -3.32586e-09
-0.055722 -3.31478e-09
-0.0556321 -3.30384e-09
-0.0555422 -3.29304e-09
-0.0554524 -3.28242e-09
-0.0553625 -3.2721e-09
-0.0552726 -3.26198e-09
-0.0551827 -3.25208e-09
-0.0550929 -3.24264e-09
-0.055003 -3.23351e-09
-0.0549131 -3.22467e-09
-0.0548232 -3.21633e-09
-0.0547334 -3.20839e-09
-0.0546435 -3.2008e-09
-0.0545536 -3.19372e-09
-0.0544637 -3.18718e-09
-0.0543739 -3.181e-09
-0.054284 -3.17525e-09
-0.0541941 -3.1701e-09
-0.0541042 -3.16533e-09
-0.0540144 -3.16092e-09
-0.0539245 -3.15709e-09
-0.0538346 -3.15359e-09
-0.0537447 -3.15041e-09
-0.0536549 -3.14768e-09
-0.053565 -3.14525e-09
-0.0534751 -3.14304e-09
-0.0533853 -3.1411e-09
-0.0532954 -3.13937e-09
-0.0532055 -3.13777e-09
-0.0531156 -3.13629e-09
-0.0530258 -3.13486e-09
-0.0529359 -3.13344e-09
-0.052846 -3.13203e-09
-0.0527561 -3.1305e-09
-0.0526663 -3.12884e-09
-0.0525764 -3.12705e-09
-0.0524865 -3.12499e-09
-0.0523966 -3.12268e-09
-0.0523068 -3.12014e-09
-0.0522169 -3.11724e-09
-0.052127 -3.11394e-09
-0.0520371 -3.11034e-09
-0.0519473 -3.10635e-09
-0.0518574 -3.1018e-09
-0.0517675 -3.09692e-09
-0.0516776 -3.09168e-09
-0.0515878 -3.08581e-09
-0.0514979 -3.07959e-09
-0.051408 -3.073e-09
-0.0513181 -3.06582e-09
-0.0512283 -3.05823e-09
-0.0511384 -3.0503e-09
-0.0510485 -3.04183e-09
-0.0509586 -3.03296e-09
-0.0508688 -3.02378e-09
-0.0507789 -3.01419e-09
-0.050689 -3.00416e-09
-0.0505992 -2.99385e-09
-0.0505093 -2.98323e-09
-0.0504194 -2.97217e-09
-0.0503295 -2.96086e-09
-0.0502397 -2.9493e-09
-0.0501498 -2.93733e-09
-0.0500599 -2.92516e-09
-0.04997 -2.9128e-09
-0.0498802 -2.90016e-09
-0.0497903 -2.88729e-09
-0.0497004 -2.87428e-09
-0.0496105 -2.86106e-09
-0.0495207 -2.84766e-09
-0.0494308 -2.83416e-09
-0.0493409 -2.82055e-09
-0.049251 -2.80678e-09
-0.0491612 -2.79298e-09
-0.0490713 -2.77915e-09
-0.0489814 -2.76531e-09
-0.0488915 -2.75146e-09
-0.0488017 -2.73763e-09
-0.0487118 -2.72389e-09
-0.0486219 -2.71023e-09
-0.048532 -2.69666e-09
-0.0484422 -2.68322e-09
-0.0483523 -2.66995e-09
-0.0482624 -2.65682e-09
-0.0481725 -2.6439e-09
-0.0480827 -2.63126e-09
-0.0479928 -2.61882e-09
-0.0479029 -2.60656e-09
-0.0478131 -2.59468e-09
-0.0477232 -2.58301e-09
-0.0476333 -2.57156e-09
-0.0475434 -2.56042e-09
-0.0474536 -2.54959e-09
-0.0473637 -2.539e-09
-0.0472738 -2.52869e-09
-0.0471839 -2.51867e-09
-0.0470941 -2.50885e-09
-0.0470042 -2.49926e-09
-0.0469143 -2.48994e-09
-0.0468244 -2.48078e-09
-0.0467346 -2.47177e-09
-0.0466447 -2.46293e-09
-0.0465548 -2.45421e-09
-0.0464649 -2.44561e-09
-0.0463751 -2.43711e-09
-0.0462852 -2.42866e-09
-0.0461953 -2.42024e-09
-0.0461054 -2.41184e-09
-0.0460156 -2.40342e-09
-0.0459257 -2.39497e-09
-0.0458358 -2.38649e-09
-0.0457459 -2.37788e-09
-0.0456561 -2.36921e-09
-0.0455662 -2.36048e-09
-0.0454763 -2.35161e-09
-0.0453865 -2.34263e-09
-0.0452966 -2.33355e-09
-0.0452067 -2.32431e-09
-0.0451168 -2.31493e-09
-0.045027 -2.30545e-09
-0.0449371 -2.29581e-09
-0.0448472 -2.286e-09
-0.0447573 -2.27607e-09
-0.0446675 -2.26606e-09
-0.0445776 -2.2559e-09
-0.0444877 -2.24565e-09
-0.0443978 -2.2353e-09
-0.044308 -2.22482e-09
-0.0442181 -2.21428e-09
-0.0441282 -2.20367e-09
-0.0440383 -2.19294e-09
-0.0439485 -2.18218e-09
-0.0438586 -2.1714e-09
-0.0437687 -2.16057e-09
-0.0436788 -2.1497e-09
-0.043589 -2.13882e-09
-0.0434991 -2.12791e-09
-0.0434092 -2.11699e-09
-0.0433193 -2.10606e-09
-0.0432295 -2.09511e-09
-0.0431396 -2.08409e-09
-0.0430497 -2.07308e-09
-0.0429598 -2.06206e-09
-0.04287 -2.05099e-09
-0.0427801 -2.03988e-09
-0.0426902 -2.02871e-09
-0.0426004 -2.01746e-09
-0.0425105 -2.00611e-09
-0.0424206 -1.99468e-09
-0.0423307 -1.98313e-09
-0.0422409 -1.97139e-09
-0.042151 -1.95955e-09
-0.0420611 -1.9476e-09
-0.0419712 -1.93541e-09
-0.0418814 -1.92308e-09
-0.0417915 -1.91061e-09
-0.0417016 -1.89786e-09
-0.0416117 -1.88497e-09
-0.0415219 -1.87192e-09
-0.041432 -1.85862e-09
-0.0413421 -1.84518e-09
-0.0412522 -1.83162e-09
-0.0411624 -1.81791e-09
-0.0410725 -1.80405e-09
-0.0409826 -1.7901e-09
-0.0408927 -1.77608e-09
-0.0408029 -1.76199e-09
-0.040713 -1.74787e-09
-0.0406231 -1.73374e-09
-0.0405332 -1.7196e-09
-0.0404434 -1.70554e-09
-0.0403535 -1.69155e-09
-0.0402636 -1.67768e-09
-0.0401737 -1.66394e-09
-0.0400839 -1.65031e-09
-0.039994 -1.63686e-09
-0.0399041 -1.62362e-09
-0.0398143 -1.61054e-09
-0.0397244 -1.59763e-09
-0.0396345 -1.58497e-09
-0.0395446 -1.57249e-09
-0.0394548 -1.56021e-09
-0.0393649 -1.54823e-09
-0.039275 -1.5364e-09
-0.0391851 -1.52472e-09
-0.0390953 -1.51326e-09
-0.0390054 -1.50197e-09
-0.0389155 -1.49079e-09
-0.0388256 -1.47977e-09
-0.0387358 -1.46884e-09
-0.0386459 -1.45799e-09
-0.038556 -1.44726e-09
-0.0384661 -1.43661e-09
-0.0383763 -1.42601e-09
-0.0382864 -1.41545e-09
-0.0381965 -1.40491e-09
-0.0381066 -1.39441e-09
-0.0380168 -1.38394e-09
-0.0379269 -1.37345e-09
-0.037837 -1.363e-09
-0.0377471 -1.35258e-09
-0.0376573 -1.3422e-09
-0.0375674 -1.33187e-09
-0.0374775 -1.32159e-09
-0.0373876 -1.31135e-09
-0.0372978 -1.30122e-09
-0.0372079 -1.29117e-09
-0.037118 -1.2812e-09
-0.0370282 -1.27138e-09
-0.0369383 -1.26169e-09
-0.0368484 -1.25213e-09
-0.0367585 -1.24283e-09
-0.0366687 -1.23369e-09
-0.0365788 -1.2247e-09
-0.0364889 -1.21596e-09
-0.036399 -1.20745e-09
-0.0363092 -1.19911e-09
-0.0362193 -1.19099e-09
-0.0361294 -1.1831e-09
-0.0360395 -1.17539e-09
-0.0359497 -1.16785e-09
-0.0358598 -1.1606e-09
-0.0357699 -1.15347e-09
-0.03568 -1.14646e-09
-0.0355902 -1.13965e-09
-0.0355003 -1.13293e-09
-0.0354104 -1.12628e-09
-0.0353205 -1.11973e-09
-0.0352307 -1.11319e-09
-0.0351408 -1.10668e-09
-0.0350509 -1.10021e-09
-0.034961 -1.09377e-09
-0.0348712 -1.0873e-09
-0.0347813 -1.08074e-09
-0.0346914 -1.07413e-09
-0.0346016 -1.06752e-09
-0.0345117 -1.06091e-09
-0.0344218 -1.05416e-09
-0.0343319 -1.04742e-09
-0.0342421 -1.04066e-09
-0.0341522 -1.03379e-09
-0.0340623 -1.02697e-09
-0.0339724 -1.02015e-09
-0.0338826 -1.01326e-09
-0.0337927 -1.00641e-09
-0.0337028 -9.99628e-10
-0.0336129 -9.92934e-10
-0.0335231 -9.86268e-10
-0.0334332 -9.79696e-10
-0.0333433 -9.73229e-10
-0.0332534 -9.66848e-10
-0.0331636 -9.60559e-10
-0.0330737 -9.54373e-10
-0.0329838 -9.4842e-10
-0.0328939 -9.42529e-10
-0.0328041 -9.36728e-10
-0.0327142 -9.31129e-10
-0.0326243 -9.25587e-10
-0.0325344 -9.20135e-10
-0.0324446 -9.14827e-10
-0.0323547 -9.0954e-10
-0.0322648 -9.04299e-10
-0.0321749 -8.99114e-10
-0.0320851 -8.94051e-10
-0.0319952 -8.88957e-10
-0.0319053 -8.83847e-10
-0.0318155 -8.78805e-10
-0.0317256 -8.73698e-10
-0.0316357 -8.68566e-10
-0.0315458 -8.63461e-10
-0.031456 -8.58269e-10
-0.0313661 -8.53031e-10
-0.0312762 -8.4775e-10
-0.0311863 -8.42506e-10
-0.0310965 -8.37222e-10
-0.0310066 -8.31876e-10
-0.0309167 -8.26607e-10
-0.0308268 -8.21286e-10
-0.030737 -8.15927e-10
-0.0306471 -8.10646e-10
-0.0305572 -8.05318e-10
-0.0304673 -7.99966e-10
-0.0303775 -7.94629e-10
-0.0302876 -7.89344e-10
-0.0301977 -7.8405e-10
-0.0301078 -7.78694e-10
-0.030018 -7.73373e-10
-0.0299281 -7.68005e-10
-0.0298382 -7.62561e-10
-0.0297483 -7.5709e-10
-0.0296585 -7.51515e-10
-0.0295686 -7.45833e-10
-0.0294787 -7.4002e-10
-0.0293888 -7.34147e-10
-0.029299 -7.2819e-10
-0.0292091 -7.22012e-10
-0.0291192 -7.15735e-10
-0.0290294 -7.09338e-10
-0.0289395 -7.02732e-10
-0.0288496 -6.96009e-10
-0.0287597 -6.8915e-10
-0.0286699 -6.82116e-10
-0.02858 -6.74897e-10
-0.0284901 -6.67626e-10
-0.0284002 -6.60303e-10
-0.0283104 -6.52776e-10
-0.0282205 -6.45248e-10
-0.0281306 -6.377e-10
-0.0280407 -6.30053e-10
-0.0279509 -6.22484e-10
-0.027861 -6.14947e-10
-0.0277711 -6.07411e-10
-0.0276812 -6.00007e-10
-0.0275914 -5.92743e-10
-0.0275015 -5.85663e-10
-0.0274116 -5.78762e-10
-0.0273217 -5.72082e-10
-0.0272319 -5.65637e-10
-0.027142 -5.59467e-10
-0.0270521 -5.53587e-10
-0.0269622 -5.47958e-10
-0.0268724 -5.4263e-10
-0.0267825 -5.37594e-10
-0.0266926 -5.32807e-10
-0.0266028 -5.28383e-10
-0.0265129 -5.24192e-10
-0.026423 -5.20196e-10
-0.0263331 -5.16449e-10
-0.0262433 -5.12856e-10
-0.0261534 -5.09371e-10
-0.0260635 -5.05996e-10
-0.0259736 -5.02809e-10
-0.0258838 -4.99604e-10
-0.0257939 -4.96396e-10
-0.025704 -4.93247e-10
-0.0256141 -4.90021e-10
-0.0255243 -4.86763e-10
-0.0254344 -4.83518e-10
-0.0253445 -4.80146e-10
-0.0252546 -4.76717e-10
-0.0251648 -4.73248e-10
-0.0250749 -4.69802e-10
-0.024985 -4.66328e-10
-0.0248951 -4.62815e-10
-0.0248053 -4.59408e-10
-0.0247154 -4.56001e-10
-0.0246255 -4.52615e-10
-0.0245356 -4.49397e-10
-0.0244458 -4.4623e-10
-0.0243559 -4.43126e-10
-0.024266 -4.40155e-10
-0.0241761 -4.37381e-10
-0.0240863 -4.34697e-10
-0.0239964 -4.32077e-10
-0.0239065 -4.29629e-10
-0.0238167 -4.27215e-10
-0.0237268 -4.24811e-10
-0.0236369 -4.22511e-10
-0.023547 -4.20142e-10
-0.0234572 -4.17698e-10
-0.0233673 -4.15125e-10
-0.0232774 -4.1245e-10
-0.0231875 -4.09636e-10
-0.0230977 -4.06485e-10
-0.0230078 -4.03053e-10
-0.0229179 -3.99341e-10
-0.022828 -3.95197e-10
-0.0227382 -3.90562e-10
-0.0226483 -3.85508e-10
-0.0225584 -3.79968e-10
-0.0224685 -3.73655e-10
-0.0223787 -3.66898e-10
-0.0222888 -3.59684e-10
-0.0221989 -3.51545e-10
-0.022109 -3.42871e-10
-0.0220192 -3.33695e-10
-0.0219293 -3.23685e-10
-0.0218394 -3.13069e-10
-0.0217495 -3.01966e-10
-0.0216597 -2.90195e-10
-0.0215698 -2.77781e-10
-0.0214799 -2.6501e-10
-0.02139 -2.51877e-10
-0.0213002 -2.38175e-10
-0.0212103 -2.24289e-10
-0.0211204 -2.10238e-10
-0.0210306 -1.95913e-10
-0.0209407 -1.81614e-10
-0.0208508 -1.67345e-10
-0.0207609 -1.53153e-10
-0.0206711 -1.3922e-10
-0.0205812 -1.25554e-10
-0.0204913 -1.1234e-10
-0.0204014 -9.96698e-11
-0.0203116 -8.74763e-11
-0.0202217 -7.58831e-11
-0.0201318 -6.51859e-11
-0.0200419 -5.51509e-11
-0.0199521 -4.57961e-11
-0.0198622 -3.75843e-11
-0.0197723 -3.01424e-11
-0.0196824 -2.34427e-11
-0.0195926 -1.79668e-11
-0.0195027 -1.33737e-11
-0.0194128 -9.51935e-12
-0.0193229 -6.7272e-12
-0.0192331 -4.88975e-12
-0.0191432 -3.7112e-12
-0.0190533 -3.30086e-12
-0.0189634 -3.94919e-12
-0.0188736 -5.1148e-12
-0.0187837 -6.77225e-12
-0.0186938 -9.33054e-12
-0.018604 -1.22164e-11
-0.0185141 -1.54253e-11
-0.0184242 -1.91673e-11
-0.0183343 -2.31011e-11
-0.0182445 -2.71746e-11
-0.0181546 -3.14076e-11
-0.0180647 -3.57334e-11
-0.0179748 -4.0024e-11
-0.017885 -4.4194e-11
-0.0177951 -4.82194e-11
-0.0177052 -5.20279e-11
-0.0176153 -5.55861e-11
-0.0175255 -5.87663e-11
-0.0174356 -6.15825e-11
-0.0173457 -6.40373e-11
-0.0172558 -6.59324e-11
-0.017166 -6.74295e-11
-0.0170761 -6.85549e-11
-0.0169862 -6.9066e-11
-0.0168963 -6.90945e-11
-0.0168065 -6.87277e-11
-0.0167166 -6.78313e-11
-0.0166267 -6.64284e-11
-0.0165368 -6.46595e-11
-0.016447 -6.24963e-11
-0.0163571 -5.98235e-11
-0.0162672 -5.69491e-11
-0.0161773 -5.38705e-11
-0.0160875 -5.0398e-11
-0.0159976 -4.68279e-11
-0.0159077 -4.31659e-11
-0.0158179 -3.93498e-11
-0.015728 -3.56012e-11
-0.0156381 -3.18872e-11
-0.0155482 -2.82005e-11
-0.0154584 -2.47185e-11
-0.0153685 -2.14372e-11
-0.0152786 -1.83979e-11
-0.0151887 -1.57086e-11
-0.0150989 -1.33441e-11
-0.015009 -1.13071e-11
-0.0149191 -9.73543e-12
-0.0148292 -8.61142e-12
-0.0147394 -7.86224e-12
-0.0146495 -7.59256e-12
-0.0145596 -7.82881e-12
-0.0144697 -8.46374e-12
-0.0143799 -9.63382e-12
-0.01429 -1.12881e-11
-0.0142001 -1.33109e-11
-0.0141102 -1.57632e-11
-0.0140204 -1.8676e-11
-0.0139305 -2.19052e-11
-0.0138406 -2.54442e-11
-0.0137507 -2.93007e-11
-0.0136609 -3.33689e-11
-0.013571 -3.76287e-11
-0.0134811 -4.21675e-11
-0.0133912 -4.67611e-11
-0.0133014 -5.14162e-11
-0.0132115 -5.61804e-11
-0.0131216 -6.08655e-11
-0.0130318 -6.54901e-11
-0.0129419 -7.00418e-11
-0.012852 -7.44805e-11
-0.0127621 -7.87465e-11
-0.0126723 -8.28258e-11
-0.0125824 -8.66669e-11
-0.0124925 -9.02406e-11
-0.0124026 -9.35768e-11
-0.0123128 -9.66173e-11
-0.0122229 -9.93071e-11
-0.012133 -1.01731e-10
-0.0120431 -1.03819e-10
-0.0119533 -1.05637e-10
-0.0118634 -1.07215e-10
-0.0117735 -1.08476e-10
-0.0116836 -1.09499e-10
-0.0115938 -1.10315e-10
-0.0115039 -1.10915e-10
-0.011414 -1.11365e-10
-0.0113241 -1.11685e-10
-0.0112343 -1.11893e-10
-0.0111444 -1.1201e-10
-0.0110545 -1.12169e-10
-0.0109646 -1.12338e-10
-0.0108748 -1.12476e-10
-0.0107849 -1.12766e-10
-0.010695 -1.13119e-10
-0.0106052 -1.13511e-10
-0.0105153 -1.14138e-10
-0.0104254 -1.14847e-10
-0.0103355 -1.15622e-10
-0.0102457 -1.16596e-10
-0.0101558 -1.17723e-10
-0.0100659 -1.18985e-10
-0.00997603 -1.2033e-10
-0.00988616 -1.21826e-10
-0.00979628 -1.23414e-10
-0.00970641 -1.25043e-10
-0.00961653 -1.26787e-10
-0.00952666 -1.28562e-10
-0.00943679 -1.3033e-10
-0.00934691 -1.32122e-10
-0.00925704 -1.33959e-10
-0.00916716 -1.35851e-10
-0.00907729 -1.37634e-10
-0.00898742 -1.39445e-10
-0.00889754 -1.41275e-10
-0.00880767 -1.42998e-10
-0.00871779 -1.44745e-10
-0.00862792 -1.46484e-10
-0.00853805 -1.48126e-10
-0.00844817 -1.49737e-10
-0.0083583 -1.51351e-10
-0.00826842 -1.52993e-10
-0.00817855 -1.54545e-10
-0.00808867 -1.56095e-10
-0.0079988 -1.57665e-10
-0.00790893 -1.59118e-10
-0.00781905 -1.60579e-10
-0.00772918 -1.62043e-10
-0.0076393 -1.63366e-10
-0.00754943 -1.64637e-10
-0.00745956 -1.6587e-10
-0.00736968 -1.67077e-10
-0.00727981 -1.68118e-10
-0.00718993 -1.6907e-10
-0.00710006 -1.69953e-10
-0.00701018 -1.70602e-10
-0.00692031 -1.71134e-10
-0.00683044 -1.71556e-10
-0.00674056 -1.71657e-10
-0.00665069 -1.71572e-10
-0.00656081 -1.71308e-10
-0.00647094 -1.70814e-10
-0.00638107 -1.70038e-10
-0.00629119 -1.69028e-10
-0.00620132 -1.67764e-10
-0.00611144 -1.66141e-10
-0.00602157 -1.64259e-10
-0.00593169 -1.62068e-10
-0.00584182 -1.59579e-10
-0.00575195 -1.56831e-10
-0.00566207 -1.53756e-10
-0.0055722 -1.50335e-10
-0.00548232 -1.46637e-10
-0.00539245 -1.42655e-10
-0.00530258 -1.38321e-10
-0.0052127 -1.33704e-10
-0.00512283 -1.28828e-10
-0.00503295 -1.23606e-10
-0.00494308 -1.18203e-10
-0.0048532 -1.12622e-10
-0.00476333 -1.06745e-10
-0.00467346 -1.00712e-10
-0.00458358 -9.45444e-11
-0.00449371 -8.81991e-11
-0.00440383 -8.18025e-11
-0.00431396 -7.53338e-11
-0.00422409 -6.87858e-11
-0.00413421 -6.22481e-11
-0.00404434 -5.58055e-11
-0.00395446 -4.94444e-11
-0.00386459 -4.31426e-11
-0.00377471 -3.70409e-11
-0.00368484 -3.10828e-11
-0.00359497 -2.52815e-11
-0.00350509 -1.9781e-11
-0.00341522 -1.44532e-11
-0.00332534 -9.30023e-12
-0.00323547 -4.47953e-12
-0.0031456 9.76554e-14
-0.00305572 4.41832e-12
-0.00296585 8.45993e-12
-0.00287597 1.22633e-11
-0.0027861 1.58472e-11
-0.00269622 1.92221e-11
-0.00260635 2.23594e-11
-0.00251648 2.53378e-11
-0.0024266 2.8191e-11
-0.00233673 3.09096e-11
-0.00224685 3.35145e-11
-0.00215698 3.59634e-11
-0.00206711 3.84192e-11
-0.00197723 4.08351e-11
-0.00188736 4.31946e-11
-0.00179748 4.56292e-11
-0.00170761 4.80663e-11
-0.00161773 5.05175e-11
-0.00152786 5.31254e-11
-0.00143799 5.58338e-11
-0.00134811 5.86141e-11
-0.00125824 6.14545e-11
-0.00116836 6.45121e-11
-0.00107849 6.76828e-11
-0.000988616 7.09431e-11
-0.000898742 7.44818e-11
-0.000808867 7.81291e-11
-0.000718993 8.18643e-11
-0.000629119 8.59121e-11
-0.000539245 9.00999e-11
-0.000449371 9.44179e-11
-0.000359497 9.88747e-11
-0.000269622 1.03519e-10
-0.000179748 1.08297e-10
-8.98742e-05 1.13162e-10
0 1.18148e-10
8.98742e-05 1.23255e-10
0.000179748 1.28557e-10
0.000269622 1.33787e-10
0.000359497 1.38992e-10
0.000449371 1.44181e-10
0.000539245 1.49471e-10
0.000629119 1.54614e-10
0.000718993 1.59587e-10
0.000808867 1.64333e-10
0.000898742 1.68888e-10
0.000988616 1.73276e-10
0.00107849 1.77446e-10
0.00116836 1.8117e-10
0.00125824 1.84557e-10
0.00134811 1.8751e-10
0.00143799 1.90085e-10
0.00152786 1.9226e-10
0.00161773 1.93892e-10
0.00170761 1.94852e-10
0.00179748 1.95395e-10
0.00188736 1.95521e-10
0.00197723 1.95029e-10
0.00206711 1.94006e-10
0.00215698 1.92494e-10
0.00224685 1.90299e-10
0.00233673 1.87711e-10
0.0024266 1.84733e-10
0.00251648 1.81096e-10
0.00260635 1.76931e-10
0.00269622 1.72425e-10
0.0027861 1.67536e-10
0.00287597 1.62284e-10
0.00296585 1.56706e-10
0.00305572 1.5078e-10
0.0031456 1.44474e-10
0.00323547 1.38068e-10
0.00332534 1.31537e-10
0.00341522 1.24652e-10
0.00350509 1.17664e-10
0.00359497 1.1064e-10
0.00368484 1.03675e-10
0.00377471 9.65878e-11
0.00386459 8.94963e-11
0.00395446 8.2469e-11
0.00404434 7.55854e-11
0.00413421 6.88912e-11
0.00422409 6.24172e-11
0.00431396 5.60938e-11
0.00440383 4.9972e-11
0.00449371 4.40744e-11
0.00458358 3.86992e-11
0.00467346 3.35092e-11
0.00476333 2.85204e-11
0.0048532 2.39277e-11
0.00494308 1.97159e-11
0.00503295 1.58332e-11
0.00512283 1.24093e-11
0.0052127 9.291e-12
0.00530258 6.4231e-12
0.00539245 3.8371e-12
0.00548232 1.86701e-12
0.0055722 5.81363e-14
0.00566207 -1.59164e-12
0.00575195 -2.89482e-12
0.00584182 -3.98625e-12
0.00593169 -4.87622e-12
0.00602157 -5.42297e-12
0.00611144 -5.92681e-12
0.00620132 -6.37039e-12
0.00629119 -6.70498e-12
0.00638107 -6.82874e-12
0.00647094 -6.96159e-12
0.00656081 -7.16552e-12
0.00665069 -7.39708e-12
0.00674056 -7.6599e-12
0.00683044 -7.95001e-12
0.00692031 -8.21217e-12
0.00701018 -8.6637e-12
0.00710006 -9.26757e-12
0.00718993 -1.00369e-11
0.00727981 -1.08563e-11
0.00736968 -1.18019e-11
0.00745956 -1.30299e-11
0.00754943 -1.44945e-11
0.0076393 -1.61159e-11
0.00772918 -1.79115e-11
0.00781905 -1.98571e-11
0.00790893 -2.20465e-11
0.0079988 -2.44939e-11
0.00808867 -2.72528e-11
0.00817855 -3.01304e-11
0.00826842 -3.3165e-11
0.0083583 -3.6635e-11
0.00844817 -4.03637e-11
0.00853805 -4.42969e-11
0.00862792 -4.85056e-11
0.00871779 -5.28955e-11
0.00880767 -5.75212e-11
0.00889754 -6.24856e-11
0.00898742 -6.78155e-11
0.00907729 -7.32851e-11
0.00916716 -7.8888e-11
0.00925704 -8.50315e-11
0.00934691 -9.14058e-11
0.00943679 -9.80024e-11
0.00952666 -1.04953e-10
0.00961653 -1.12062e-10
0.00970641 -1.19376e-10
0.00979628 -1.2711e-10
0.00988616 -1.35161e-10
0.00997603 -1.43365e-10
0.0100659 -1.51702e-10
0.0101558 -1.60485e-10
0.0102457 -1.69467e-10
0.0103355 -1.78628e-10
0.0104254 -1.88038e-10
0.0105153 -1.97483e-10
0.0106052 -2.0699e-10
0.010695 -2.16766e-10
0.0107849 -2.26592e-10
0.0108748 -2.36407e-10
0.0109646 -2.46097e-10
0.0110545 -2.5583e-10
0.0111444 -2.65519e-10
0.0112343 -2.75094e-10
0.0113241 -2.84419e-10
0.011414 -2.93485e-10
0.0115039 -3.02259e-10
0.0115938 -3.10756e-10
0.0116836 -3.18959e-10
0.0117735 -3.26846e-10
0.0118634 -3.34063e-10
0.0119533 -3.4098e-10
0.0120431 -3.47595e-10
0.012133 -3.5366e-10
0.0122229 -3.59204e-10
0.0123128 -3.64312e-10
0.0124026 -3.68821e-10
0.0124925 -3.72893e-10
0.0125824 -3.76622e-10
0.0126723 -3.79968e-10
0.0127621 -3.82591e-10
0.012852 -3.84995e-10
0.0129419 -3.87187e-10
0.0130318 -3.88974e-10
0.0131216 -3.90535e-10
0.0132115 -3.9189e-10
0.0133014 -3.92921e-10
0.0133912 -3.93954e-10
0.0134811 -3.94984e-10
0.013571 -3.96004e-10
0.0136609 -3.96948e-10
0.0137507 -3.98015e-10
0.0138406 -3.99288e-10
0.0139305 -4.00819e-10
0.0140204 -4.02547e-10
0.0141102 -4.04472e-10
0.0142001 -4.0665e-10
0.01429 -4.09216e-10
0.0143799 -4.12113e-10
0.0144697 -4.15439e-10
0.0145596 -4.19017e-10
0.0146495 -4.22878e-10
0.0147394 -4.27232e-10
0.0148292 -4.31986e-10
0.0149191 -4.36986e-10
0.015009 -4.4225e-10
0.0150989 -4.47715e-10
0.0151887 -4.53405e-10
0.0152786 -4.59326e-10
0.0153685 -4.65456e-10
0.0154584 -4.7155e-10
0.0155482 -4.77644e-10
0.0156381 -4.83882e-10
0.015728 -4.90053e-10
0.0158179 -4.96151e-10
0.0159077 -5.02122e-10
0.0159976 -5.07746e-10
0.0160875 -5.13223e-10
0.0161773 -5.18585e-10
0.0162672 -5.23599e-10
0.0163571 -5.28305e-10
0.016447 -5.32694e-10
0.0165368 -5.36792e-10
0.0166267 -5.40617e-10
0.0167166 -5.44163e-10
0.0168065 -5.47187e-10
0.0168963 -5.50023e-10
0.0169862 -5.52683e-10
0.0170761 -5.55053e-10
0.017166 -5.57132e-10
0.0172558 -5.58994e-10
0.0173457 -5.60586e-10
0.0174356 -5.62113e-10
0.0175255 -5.63575e-10
0.0176153 -5.64966e-10
0.0177052 -5.66128e-10
0.0177951 -5.67383e-10
0.017885 -5.68723e-10
0.0179748 -5.70159e-10
0.0180647 -5.71701e-10
0.0181546 -5.73312e-10
0.0182445 -5.74983e-10
0.0183343 -5.7702e-10
0.0184242 -5.79287e-10
0.0185141 -5.81808e-10
0.018604 -5.84558e-10
0.0186938 -5.87618e-10
0.0187837 -5.91044e-10
0.0188736 -5.94977e-10
0.0189634 -5.99223e-10
0.0190533 -6.03768e-10
0.0191432 -6.08682e-10
0.0192331 -6.14085e-10
0.0193229 -6.19874e-10
0.0194128 -6.26135e-10
0.0195027 -6.32705e-10
0.0195926 -6.39595e-10
0.0196824 -6.4698e-10
0.0197723 -6.54799e-10
0.0198622 -6.62879e-10
0.0199521 -6.71232e-10
0.0200419 -6.79824e-10
0.0201318 -6.88689e-10
0.0202217 -6.97816e-10
0.0203116 -7.07192e-10
0.0204014 -7.16593e-10
0.0204913 -7.26058e-10
0.0205812 -7.35749e-10
0.0206711 -7.45476e-10
0.0207609 -7.55206e-10
0.0208508 -7.64907e-10
0.0209407 -7.74394e-10
0.0210306 -7.83826e-10
0.0211204 -7.93234e-10
0.0212103 -8.02418e-10
0.0213002 -8.11348e-10
0.02139 -8.20026e-10
0.0214799 -8.28506e-10
0.0215698 -8.36712e-10
0.0216597 -8.44664e-10
0.0217495 -8.52219e-10
0.0218394 -8.59275e-10
0.0219293 -8.66023e-10
0.0220192 -8.72472e-10
0.022109 -8.78434e-10
0.0221989 -8.84011e-10
0.0222888 -8.89123e-10
0.0223787 -8.93821e-10
0.0224685 -8.98218e-10
0.0225584 -9.02308e-10
0.0226483 -9.05907e-10
0.0227382 -9.09144e-10
0.022828 -9.12103e-10
0.0229179 -9.14901e-10
0.0230078 -9.17545e-10
0.0230977 -9.20061e-10
0.0231875 -9.22398e-10
0.0232774 -9.249e-10
0.0233673 -9.27523e-10
0.0234572 -9.3029e-10
0.023547 -9.33408e-10
0.0236369 -9.36726e-10
0.0237268 -9.40251e-10
0.0238167 -9.44587e-10
0.0239065 -9.49371e-10
0.0239964 -9.54578e-10
0.0240863 -9.60382e-10
0.0241761 -9.66917e-10
0.024266 -9.74015e-10
0.0243559 -9.81834e-10
0.0244458 -9.904e-10
0.0245356 -9.99424e-10
0.0246255 -1.00894e-09
0.0247154 -1.0194e-09
0.0248053 -1.03034e-09
0.0248951 -1.04175e-09
0.024985 -1.05378e-09
0.0250749 -1.06631e-09
0.0251648 -1.07929e-09
0.0252546 -1.09286e-09
0.0253445 -1.10684e-09
0.0254344 -1.1211e-09
0.0255243 -1.13564e-09
0.0256141 -1.15068e-09
0.025704 -1.166e-09
0.0257939 -1.1816e-09
0.0258838 -1.19739e-09
0.0259736 -1.2134e-09
0.0260635 -1.22968e-09
0.0261534 -1.24621e-09
0.0262433 -1.26286e-09
0.0263331 -1.27962e-09
0.026423 -1.29638e-09
0.0265129 -1.31331e-09
0.0266028 -1.33036e-09
0.0266926 -1.34746e-09
0.0267825 -1.36447e-09
0.0268724 -1.38148e-09
0.0269622 -1.39859e-09
0.0270521 -1.41565e-09
0.027142 -1.43265e-09
0.0272319 -1.44957e-09
0.0273217 -1.4662e-09
0.0274116 -1.48278e-09
0.0275015 -1.49932e-09
0.0275914 -1.51564e-09
0.0276812 -1.53167e-09
0.0277711 -1.5475e-09
0.027861 -1.56317e-09
0.0279509 -1.57858e-09
0.0280407 -1.59378e-09
0.0281306 -1.60869e-09
0.0282205 -1.6231e-09
0.0283104 -1.6373e-09
0.0284002 -1.65132e-09
0.0284901 -1.6649e-09
0.02858 -1.67813e-09
0.0286699 -1.69102e-09
0.0287597 -1.70357e-09
0.0288496 -1.71582e-09
0.0289395 -1.72779e-09
0.0290294 -1.73932e-09
0.0291192 -1.75035e-09
0.0292091 -1.76108e-09
0.029299 -1.77154e-09
0.0293888 -1.78155e-09
0.0294787 -1.79119e-09
0.0295686 -1.80037e-09
0.0296585 -1.80919e-09
0.0297483 -1.8177e-09
0.0298382 -1.82591e-09
0.0299281 -1.83357e-09
0.030018 -1.84084e-09
0.0301078 -1.84776e-09
0.0301977 -1.85438e-09
0.0302876 -1.86067e-09
0.0303775 -1.86667e-09
0.0304673 -1.87223e-09
0.0305572 -1.87762e-09
0.0306471 -1.88286e-09
0.030737 -1.88792e-09
0.0308268 -1.89262e-09
0.0309167 -1.89729e-09
0.0310066 -1.90199e-09
0.0310965 -1.90662e-09
0.0311863 -1.91127e-09
0.0312762 -1.91594e-09
0.0313661 -1.92057e-09
0.031456 -1.92542e-09
0.0315458 -1.93043e-09
0.0316357 -1.93565e-09
0.0317256 -1.94095e-09
0.0318155 -1.94643e-09
0.0319053 -1.95223e-09
0.0319952 -1.95832e-09
0.0320851 -1.96459e-09
0.0321749 -1.97103e-09
0.0322648 -1.97762e-09
0.0323547 -1.98443e-09
0.0324446 -1.99146e-09
0.0325344 -1.99867e-09
0.0326243 -2.00589e-09
0.0327142 -2.01316e-09
0.0328041 -2.02065e-09
0.0328939 -2.02818e-09
0.0329838 -2.03571e-09
0.0330737 -2.04323e-09
0.0331636 -2.05056e-09
0.0332534 -2.05788e-09
0.0333433 -2.06523e-09
0.0334332 -2.07243e-09
0.0335231 -2.07943e-09
0.0336129 -2.08628e-09
0.0337028 -2.09308e-09
0.0337927 -2.09974e-09
0.0338826 -2.10626e-09
0.0339724 -2.1126e-09
0.0340623 -2.11865e-09
0.0341522 -2.12458e-09
0.0342421 -2.13046e-09
0.0343319 -2.13614e-09
0.0344218 -2.14163e-09
0.0345117 -2.14691e-09
0.0346016 -2.15214e-09
0.0346914 -2.15728e-09
0.0347813 -2.16232e-09
0.0348712 -2.16718e-09
0.034961 -2.17185e-09
0.0350509 -2.17641e-09
0.0351408 -2.18096e-09
0.0352307 -2.18542e-09
0.0353205 -2.18975e-09
0.0354104 -2.19389e-09
0.0355003 -2.19806e-09
0.0355902 -2.2022e-09
0.03568 -2.20628e-09
0.0357699 -2.21029e-09
0.0358598 -2.21419e-09
0.0359497 -2.21799e-09
0.0360395 -2.22193e-09
0.0361294 -2.22589e-09
0.0362193 -2.22984e-09
0.0363092 -2.2337e-09
0.036399 -2.23778e-09
0.0364889 -2.24198e-09
0.0365788 -2.24631e-09
0.0366687 -2.25084e-09
0.0367585 -2.25546e-09
0.0368484 -2.26019e-09
0.0369383 -2.26539e-09
0.0370282 -2.27083e-09
0.037118 -2.27651e-09
0.0372079 -2.28249e-09
0.0372978 -2.28887e-09
0.0373876 -2.29559e-09
0.0374775 -2.30276e-09
0.0375674 -2.31032e-09
0.0376573 -2.31814e-09
0.0377471 -2.32624e-09
0.037837 -2.3349e-09
0.0379269 -2.34386e-09
0.0380168 -2.35311e-09
0.0381066 -2.36265e-09
0.0381965 -2.37245e-09
0.0382864 -2.38255e-09
0.0383763 -2.39297e-09
0.0384661 -2.40353e-09
0.038556 -2.41419e-09
0.0386459 -2.42487e-09
0.0387358 -2.43572e-09
0.0388256 -2.44667e-09
0.0389155 -2.45765e-09
0.0390054 -2.46849e-09
0.0390953 -2.47932e-09
0.0391851 -2.49019e-09
0.039275 -2.50095e-09
0.0393649 -2.51163e-09
0.0394548 -2.52222e-09
0.0395446 -2.53245e-09
0.0396345 -2.54267e-09
0.0397244 -2.55284e-09
0.0398143 -2.56281e-09
0.0399041 -2.57254e-09
0.039994 -2.58212e-09
0.0400839 -2.59166e-09
0.0401737 -2.60107e-09
0.0402636 -2.61037e-09
0.0403535 -2.61955e-09
0.0404434 -2.62845e-09
0.0405332 -2.63732e-09
0.0406231 -2.64623e-09
0.040713 -2.65504e-09
0.0408029 -2.66375e-09
0.0408927 -2.67236e-09
0.0409826 -2.6811e-09
0.0410725 -2.68987e-09
0.0411624 -2.69866e-09
0.0412522 -2.7075e-09
0.0413421 -2.71632e-09
0.041432 -2.72522e-09
0.0415219 -2.73433e-09
0.0416117 -2.74362e-09
0.0417016 -2.75297e-09
0.0417915 -2.76237e-09
0.0418814 -2.77219e-09
0.0419712 -2.7822e-09
0.0420611 -2.79239e-09
0.042151 -2.8029e-09
0.0422409 -2.81356e-09
0.0423307 -2.82442e-09
0.0424206 -2.83575e-09
0.0425105 -2.84741e-09
0.0426004 -2.85929e-09
0.0426902 -2.87139e-09
0.0427801 -2.88403e-09
0.04287 -2.89698e-09
0.0429598 -2.91023e-09
0.0430497 -2.92396e-09
0.0431396 -2.9379e-09
0.0432295 -2.95207e-09
0.0433193 -2.96686e-09
0.0434092 -2.98196e-09
0.0434991 -2.99731e-09
0.043589 -3.01293e-09
0.0436788 -3.029e-09
0.0437687 -3.04536e-09
0.0438586 -3.06204e-09
0.0439485 -3.07892e-09
0.0440383 -3.09605e-09
0.0441282 -3.11351e-09
0.0442181 -3.13127e-09
0.044308 -3.1492e-09
0.0443978 -3.16728e-09
0.0444877 -3.18546e-09
0.0445776 -3.20386e-09
0.0446675 -3.22245e-09
0.0447573 -3.24117e-09
0.0448472 -3.25988e-09
0.0449371 -3.27864e-09
0.045027 -3.29759e-09
0.0451168 -3.31658e-09
0.0452067 -3.33559e-09
0.0452966 -3.35462e-09
0.0453865 -3.37347e-09
0.0454763 -3.39235e-09
0.0455662 -3.41128e-09
0.0456561 -3.43012e-09
0.0457459 -3.44879e-09
0.0458358 -3.46735e-09
0.0459257 -3.4859e-09
0.0460156 -3.50433e-09
0.0461054 -3.52264e-09
0.0461953 -3.54079e-09
0.0462852 -3.55862e-09
0.0463751 -3.57634e-09
0.0464649 -3.594e-09
0.0465548 -3.6114e-09
0.0466447 -3.62858e-09
0.0467346 -3.64551e-09
0.0468244 -3.6623e-09
0.0469143 -3.67893e-09
0.0470042 -3.69539e-09
0.0470941 -3.71156e-09
0.0471839 -3.72744e-09
0.0472738 -3.74313e-09
0.0473637 -3.75871e-09
0.0474536 -3.77406e-09
0.0475434 -3.78921e-09
0.0476333 -3.80407e-09
0.0477232 -3.81884e-09
0.0478131 -3.8335e-09
0.0479029 -3.84802e-09
0.0479928 -3.86234e-09
0.0480827 -3.87649e-09
0.0481725 -3.89049e-09
0.0482624 -3.9045e-09
0.0483523 -3.91843e-09
0.0484422 -3.93227e-09
0.048532 -3.94591e-09
0.0486219 -3.95963e-09
0.0487118 -3.97335e-09
0.0488017 -3.98703e-09
0.0488915 -4.00065e-09
0.0489814 -4.01419e-09
0.0490713 -4.02762e-09
0.0491612 -4.04114e-09
0.049251 -4.05464e-09
0.0493409 -4.0681e-09
0.0494308 -4.08132e-09
0.0495207 -4.09458e-09
0.0496105 -4.10784e-09
0.0497004 -4.121e-09
0.0497903 -4.13407e-09
0.0498802 -4.14702e-09
0.04997 -4.15975e-09
0.0500599 -4.17248e-09
0.0501498 -4.18515e-09
0.0502397 -4.19772e-09
0.0503295 -4.21e-09
0.0504194 -4.22227e-09
0.0505093 -4.23453e-09
0.0505992 -4.24667e-09
0.050689 -4.25875e-09
0.0507789 -4.27075e-09
0.0508688 -4.28256e-09
0.0509586 -4.29444e-09
0.0510485 -4.30634e-09
0.0511384 -4.31822e-09
0.0512283 -4.32998e-09
0.0513181 -4.34178e-09
0.051408 -4.35368e-09
0.0514979 -4.36563e-09
0.0515878 -4.37761e-09
0.0516776 -4.38962e-09
0.0517675 -4.40153e-09
0.0518574 -4.41357e-09
0.0519473 -4.42572e-09
0.0520371 -4.43791e-09
0.052127 -4.45002e-09
0.0522169 -4.46215e-09
0.0523068 -4.47443e-09
0.0523966 -4.48671e-09
0.0524865 -4.499e-09
0.0525764 -4.51128e-09
0.0526663 -4.52338e-09
0.0527561 -4.53551e-09
0.052846 -4.5477e-09
0.0529359 -4.55982e-09
0.0530258 -4.57179e-09
0.0531156 -4.58365e-09
0.0532055 -4.59555e-09
0.0532954 -4.60737e-09
0.0533853 -4.61911e-09
0.0534751 -4.63074e-09
0.053565 -4.64212e-09
0.0536549 -4.65343e-09
0.0537447 -4.66474e-09
0.0538346 -4.67589e-09
0.0539245 -4.68688e-09
0.0540144 -4.69768e-09
0.0541042 -4.70848e-09
0.0541941 -4.71917e-09
0.054284 -4.72976e-09
0.0543739 -4.74021e-09
0.0544637 -4.75045e-09
0.0545536 -4.76059e-09
0.0546435 -4.77074e-09
0.0547334 -4.78079e-09
0.0548232 -4.79074e-09
0.0549131 -4.80053e-09
0.055003 -4.81041e-09
0.0550929 -4.8203e-09
0.0551827 -4.83019e-09
0.0552726 -4.84012e-09
0.0553625 -4.85003e-09
0.0554524 -4.85994e-09
0.0555422 -4.87013e-09
0.0556321 -4.88048e-09
0.055722 -4.89094e-09
0.0558119 -4.9015e-09
0.0559017 -4.91246e-09
0.0559916 -4.92367e-09
0.0560815 -4.93516e-09
0.0561713 -4.94707e-09
0.0562612 -4.95918e-09
0.0563511 -4.97149e-09
0.056441 -4.98449e-09
0.0565308 -4.9978e-09
0.0566207 -5.01141e-09
0.0567106 -5.02541e-09
0.0568005 -5.03985e-09
0.0568903 -5.05465e-09
0.0569802 -5.06991e-09
0.0570701 -5.08542e-09
0.05716 -5.1012e-09
0.0572498 -5.11742e-09
0.0573397 -5.13401e-09
0.0574296 -5.15081e-09
0.0575195 -5.16785e-09
0.0576093 -5.18505e-09
0.0576992 -5.20248e-09
0.0577891 -5.22014e-09
0.057879 -5.23805e-09
0.0579688 -5.25598e-09
0.0580587 -5.27398e-09
0.0581486 -5.29228e-09
0.0582385 -5.31069e-09
0.0583283 -5.32916e-09
0.0584182 -5.34773e-09
0.0585081 -5.36626e-09
0.058598 -5.38487e-09
0.0586878 -5.40365e-09
0.0587777 -5.4225e-09
0.0588676 -5.44132e-09
0.0589574 -5.46011e-09
0.0590473 -5.47911e-09
0.0591372 -5.49817e-09
0.0592271 -5.51727e-09
0.0593169 -5.53643e-09
0.0594068 -5.55555e-09
0.0594967 -5.57471e-09
0.0595866 -5.59407e-09
0.0596764 -5.61352e-09
0.0597663 -5.63299e-09
0.0598562 -5.65245e-09
0.0599461 -5.67221e-09
0.0600359 -5.69208e-09
0.0601258 -5.71205e-09
0.0602157 -5.73224e-09
0.0603056 -5.75246e-09
0.0603954 -5.77277e-09
0.0604853 -5.79344e-09
0.0605752 -5.81429e-09
0.0606651 -5.83525e-09
0.0607549 -5.85631e-09
0.0608448 -5.8777e-09
0.0609347 -5.89928e-09
0.0610246 -5.92104e-09
0.0611144 -5.94304e-09
0.0612043 -5.96509e-09
0.0612942 -5.9872e-09
0.0613841 -6.00967e-09
0.0614739 -6.03223e-09
0.0615638 -6.05485e-09
0.0616537 -6.07745e-09
0.0617435 -6.10019e-09
0.0618334 -6.123e-09
0.0619233 -6.14582e-09
0.0620132 -6.1686e-09
0.062103 -6.19128e-09
0.0621929 -6.21377e-09
0.0622828 -6.23627e-09
0.0623727 -6.25866e-09
0.0624625 -6.28093e-09
0.0625524 -6.30283e-09
0.0626423 -6.32464e-09
0.0627322 -6.34636e-09
0.062822 -6.36781e-09
0.0629119 -6.38907e-09
0.0630018 -6.41013e-09
0.0630917 -6.4308e-09
0.0631815 -6.45134e-09
0.0632714 -6.47175e-09
0.0633613 -6.49194e-09
0.0634512 -6.51173e-09
0.063541 -6.5314e-09
0.0636309 -6.55098e-09
0.0637208 -6.57026e-09
0.0638107 -6.58938e-09
0.0639005 -6.60834e-09
0.0639904 -6.62687e-09
0.0640803 -6.64533e-09
0.0641701 -6.66368e-09
0.06426 -6.6818e-09
0.0643499 -6.6996e-09
0.0644398 -6.71724e-09
0.0645296 -6.73479e-09
0.0646195 -6.7521e-09
0.0647094 -6.76927e-09
0.0647993 -6.78628e-09
0.0648891 -6.80287e-09
0.064979 -6.81939e-09
0.0650689 -6.83584e-09
0.0651588 -6.85205e-09
0.0652486 -6.86801e-09
0.0653385 -6.88379e-09
0.0654284 -6.89948e-09
0.0655183 -6.91498e-09
0.0656081 -6.93033e-09
0.065698 -6.94549e-09
0.0657879 -6.96029e-09
0.0658778 -6.97496e-09
0.0659676 -6.98953e-09
0.0660575 -7.00382e-09
0.0661474 -7.01785e-09
0.0662373 -7.0316e-09
0.0663271 -7.04516e-09
0.066417 -7.05849e-09
0.0665069 -7.07161e-09
0.0665968 -7.08438e-09
0.0666866 -7.09673e-09
0.0667765 -7.10882e-09
0.0668664 -7.12068e-09
0.0669562 -7.13216e-09
0.0670461 -7.14331e-09
0.067136 -7.15402e-09
0.0672259 -7.16442e-09
0.0673157 -7.17454e-09
0.0674056 -7.18437e-09
0.0674955 -7.19366e-09
0.0675854 -7.20255e-09
0.0676752 -7.21109e-09
0.0677651 -7.21928e-09
0.067855 -7.22711e-09
0.0679449 -7.23459e-09
0.0680347 -7.24152e-09
0.0681246 -7.24815e-09
0.0682145 -7.2545e-09
0.0683044 -7.26047e-09
0.0683942 -7.26595e-09
0.0684841 -7.27105e-09
0.068574 -7.27574e-09
0.0686639 -7.28001e-09
0.0687537 -7.28397e-09
0.0688436 -7.28761e-09
0.0689335 -7.29058e-09
0.0690234 -7.29328e-09
0.0691132 -7.29571e-09
0.0692031 -7.29769e-09
0.069293 -7.29925e-09
0.0693829 -7.30046e-09
0.0694727 -7.30117e-09
0.0695626 -7.30155e-09
0.0696525 -7.30166e-09
0.0697423 -7.30148e-09
0.0698322 -7.30069e-09
0.0699221 -7.29988e-09
0.070012 -7.29906e-09
0.0701018 -7.29825e-09
0.0701917 -7.29744e-09
0.0702816 -7.29663e-09
0.0703715 -7.29581e-09
0.0704613 -7.295e-09
0.0705512 -7.29419e-09
0.0706411 -7.29338e-09
0.070731 -7.29256e-09
0.0708208 -7.29175e-09
0.0709107 -7.29094e-09
0.0710006 -7.29013e-09
0.0710905 -7.28931e-09
0.0711803 -7.2885e-09
0.0712702 -7.28769e-09
0.0713601 -7.28688e-09
0.07145 -7.28607e-09
0.0715398 -7.28525e-09
0.0716297 -7.28444e-09
0.0717196 -7.28363e-09
0.0718095 -7.28282e-09
0.0718993 -7.282e-09
0.0719892 -7.28119e-09
0.0720791 -7.28038e-09
0.0721689 -7.27957e-09
0.0722588 -7.27875e-09
0.0723487 -7.27794e-09
0.0724386 -7.27713e-09
0.0725284 -7.27632e-09
0.0726183 -7.2755e-09
0.0727082 -7.27469e-09
0.0727981 -7.27388e-09
0.0728879 -7.27307e-09
0.0729778 -7.27225e-09
0.0730677 -7.27144e-09
0.0731576 -7.27063e-09
0.0732474 -7.26982e-09
0.0733373 -7.26901e-09
0.0734272 -7.26819e-09
0.0735171 -7.26738e-09
0.0736069 -7.26657e-09
0.0736968 -7.26576e-09
0.0737867 -7.26494e-09
0.0738766 -7.26413e-09
0.0739664 -7.26332e-09
0.0740563 -7.26251e-09
0.0741462 -7.26169e-09
0.0742361 -7.26088e-09
0.0743259 -7.26007e-09
0.0744158 -7.25926e-09
0.0745057 -7.25844e-09
0.0745956 -7.25763e-09
0.0746854 -7.25682e-09
0.0747753 -7.25601e-09
0.0748652 -7.25519e-09
0.074955 -7.25438e-09
0.0750449 -7.25357e-09
0.0751348 -7.25276e-09
0.0752247 -7.25194e-09
0.0753145 -7.25113e-09
0.0754044 -7.25032e-09
0.0754943 -7.24951e-09
0.0755842 -7.2487e-09
0.075674 -7.24788e-09
0.0757639 -7.24707e-09
0.0758538 -7.24626e-09
0.0759437 -7.24545e-09
0.0760335 -7.24463e-09
0.0761234 -7.24382e-09
0.0762133 -7.24301e-09
0.0763032 -7.2422e-09
0.076393 -7.24138e-09
0.0764829 -7.24057e-09
0.0765728 -7.23976e-09
0.0766627 -7.23895e-09
0.0767525 -7.23813e-09
0.0768424 -7.23732e-09
0.0769323 -7.23651e-09
0.0770222 -7.2357e-09
0.077112 -7.23488e-09
0.0772019 -7.23407e-09
0.0772918 -7.23326e-09
0.0773817 -7.23245e-09
0.0774715 -7.23163e-09
0.0775614 -7.23082e-09
0.0776513 -7.23001e-09
0.0777411 -7.2292e-09
0.077831 -7.22839e-09
0.0779209 -7.22757e-09
0.0780108 -7.22676e-09
0.0781006 -7.22595e-09
0.0781905 -7.22514e-09
0.0782804 -7.22432e-09
0.0783703 -7.22351e-09
0.0784601 -7.2227e-09
0.07855 -7.22189e-09
0.0786399 -7.22107e-09
0.0787298 -7.22026e-09
0.0788196 -7.21945e-09
0.0789095 -7.21864e-09
0.0789994 -7.21782e-09
0.0790893 -7.21701e-09
0.0791791 -7.2162e-09
0.079269 -7.21539e-09
0.0793589 -7.21457e-09
0.0794488 -7.21376e-09
0.0795386 -7.21295e-09
0.0796285 -7.21214e-09
0.0797184 -7.21132e-09
0.0798083 -7.21051e-09
0.0798981 -7.2097e-09
0.079988 -7.20889e-09
0.0800779 -7.20808e-09
0.0801677 -7.20726e-09
0.0802576 -7.20645e-09
0.0803475 -7.20564e-09
0.0804374 -7.20483e-09
0.0805272 -7.20401e-09
0.0806171 -7.2032e-09
0.080707 -7.20239e-09
0.0807969 -7.20158e-09
0.0808867 -7.20076e-09
0.0809766 -7.19995e-09
0.0810665 -7.19914e-09
0.0811564 -7.19833e-09
0.0812462 -7.19751e-09
0.0813361 -7.1967e-09
0.081426 -7.19589e-09
0.0815159 -7.19508e-09
0.0816057 -7.19426e-09
0.0816956 -7.19345e-09
0.0817855 -7.19264e-09
0.0818754 -7.19183e-09
0.0819652 -7.19101e-09
0.0820551 -7.1902e-09
0.082145 -7.18939e-09
0.0822349 -7.18858e-09
0.0823247 -7.18777e-09
0.0824146 -7.18695e-09
0.0825045 -7.18614e-09
0.0825944 -7.18533e-09
0.0826842 -7.18452e-09
0.0827741 -7.1837e-09
0.082864 -7.18289e-09
0.0829538 -7.18208e-09
0.0830437 -7.18127e-09
0.0831336 -7.18045e-09
0.0832235 -7.17964e-09
0.0833133 -7.17883e-09
0.0834032 -7.17802e-09
0.0834931 -7.1772e-09
0.083583 -7.17639e-09
0.0836728 -7.17558e-09
0.0837627 -7.17477e-09
0.0838526 -7.17395e-09
0.0839425 -7.17314e-09
0.0840323 -7.17233e-09
0.0841222 -7.17152e-09
0.0842121 -7.1707e-09
0.084302 -7.16989e-09
0.0843918 -7.16908e-09
0.0844817 -7.16827e-09
0.0845716 -7.16746e-09
0.0846615 -7.16664e-09
0.0847513 -7.16583e-09
0.0848412 -7.16502e-09
0.0849311 -7.16421e-09
0.085021 -7.16339e-09
0.0851108 -7.16258e-09
0.0852007 -7.16177e-09
0.0852906 -7.16096e-09
0.0853805 -7.16014e-09
0.0854703 -7.15933e-09
0.0855602 -7.15852e-09
0.0856501 -7.15771e-09
0.0857399 -7.15689e-09
0.0858298 -7.15608e-09
0.0859197 -7.15527e-09
0.0860096 -7.15446e-09
0.0860994 -7.15364e-09
0.0861893 -7.15283e-09
0.0862792 -7.15202e-09
0.0863691 -7.15121e-09
0.0864589 -7.15039e-09
0.0865488 -7.14958e-09
0.0866387 -7.14877e-09
0.0867286 -7.14796e-09
0.0868184 -7.14715e-09
0.0869083 -7.14633e-09
0.0869982 -7.14552e-09
0.0870881 -7.14471e-09
0.0871779 -7.1439e-09
0.0872678 -7.14308e-09
0.0873577 -7.14227e-09
0.0874476 -7.14146e-09
0.0875374 -7.14065e-09
0.0876273 -7.13983e-09
0.0877172 -7.13902e-09
0.0878071 -7.13821e-09
0.0878969 -7.1374e-09
0.0879868 -7.13658e-09
0.0880767 -7.13577e-09
0.0881665 -7.13496e-09
0.0882564 -7.13415e-09
0.0883463 -7.13333e-09
0.0884362 -7.13252e-09
0.088526 -7.13171e-09
0.0886159 -7.1309e-09
0.0887058 -7.13008e-09
0.0887957 -7.12927e-09
0.0888855 -7.12846e-09
0.0889754 -7.12765e-09
0.0890653 -7.12684e-09
0.0891552 -7.12602e-09
0.089245 -7.12521e-09
0.0893349 -7.1244e-09
0.0894248 -7.12359e-09
0.0895147 -7.12277e-09
0.0896045 -7.12196e-09
0.0896944 -7.12115e-09
0.0897843 -7.12034e-09
0.0898742 -7.11952e-09
0.089964 -7.11871e-09
0.0900539 -7.1179e-09
0.0901438 -7.11709e-09
0.0902337 -7.11627e-09
0.0903235 -7.11546e-09
0.0904134 -7.11465e-09
0.0905033 -7.11384e-09
0.0905932 -7.11302e-09
0.090683 -7.11221e-09
0.0907729 -7.1114e-09
0.0908628 -7.11059e-09
0.0909526 -7.10977e-09
0.0910425 -7.10896e-09
0.0911324 -7.10815e-09
0.0912223 -7.10734e-09
0.0913121 -7.10653e-09
0.091402 -7.10571e-09
0.0914919 -7.1049e-09
0.0915818 -7.10409e-09
0.0916716 -7.10328e-09
0.0917615 -7.10246e-09
0.0918514 -7.10165e-09
0.0919413 -7.10084e-09
0.0920311 -7.10003e-09
0.092121 -7.09921e-09
0.0922109 -7.0984e-09
0.0923008 -7.09759e-09
0.0923906 -7.09678e-09
0.0924805 -7.09596e-09
0.0925704 -7.09515e-09
0.0926603 -7.09434e-09
0.0927501 -7.09353e-09
0.09284 -7.09271e-09
0.0929299 -7.0919e-09
0.0930198 -7.09109e-09
0.0931096 -7.09028e-09
0.0931995 -7.08946e-09
0.0932894 -7.08865e-09
0.0933793 -7.08784e-09
0.0934691 -7.08703e-09
0.093559 -7.08622e-09
0.0936489 -7.0854e-09
0.0937387 -7.08459e-09
0.0938286 -7.08378e-09
0.0939185 -7.08297e-09
0.0940084 -7.08215e-09
0.0940982 -7.08134e-09
0.0941881 -7.08053e-09
0.094278 -7.07972e-09
0.0943679 -7.0789e-09
0.0944577 -7.07809e-09
0.0945476 -7.07728e-09
0.0946375 -7.07647e-09
0.0947274 -7.07565e-09
0.0948172 -7.07484e-09
0.0949071 -7.07403e-09
0.094997 -7.07322e-09
0.0950869 -7.0724e-09
0.0951767 -7.07159e-09
0.0952666 -7.07078e-09
0.0953565 -7.06997e-09
0.0954464 -7.06916e-09
0.0955362 -7.06834e-09
0.0956261 -7.06753e-09
0.095716 -7.06672e-09
0.0958059 -7.06591e-09
0.0958957 -7.06509e-09
0.0959856 -7.06428e-09
0.0960755 -7.06347e-09
0.0961653 -7.06266e-09
0.0962552 -7.06184e-09
0.0963451 -7.06103e-09
0.096435 -7.06022e-09
0.0965248 -7.05941e-09
0.0966147 -7.05859e-09
0.0967046 -7.05778e-09
0.0967945 -7.05697e-09
0.0968843 -7.05616e-09
0.0969742 -7.05534e-09
0.0970641 -7.05453e-09
0.097154 -7.05372e-09
0.0972438 -7.05291e-09
0.0973337 -7.05209e-09
0.0974236 -7.05128e-09
0.0975135 -7.05047e-09
0.0976033 -7.04966e-09
0.0976932 -7.04885e-09
0.0977831 -7.04803e-09
0.097873 -7.04722e-09
0.0979628 -7.04641e-09
0.0980527 -7.0456e-09
0.0981426 -7.04478e-09
0.0982325 -7.04397e-09
0.0983223 -7.04316e-09
0.0984122 -7.04235e-09
0.0985021 -7.04153e-09
0.098592 -7.04072e-09
0.0986818 -7.03991e-09
0.0987717 -7.0391e-09
0.0988616 -7.03828e-09
0.0989514 -7.03747e-09
0.0990413 -7.03666e-09
0.0991312 -7.03585e-09
0.0992211 -7.03503e-09
0.0993109 -7.03422e-09
0.0994008 -7.03341e-09
0.0994907 -7.0326e-09
0.0995806 -7.03178e-09
0.0996704 -7.03097e-09
0.0997603 -7.03016e-09
0.0998502 -7.02935e-09
0.0999401 -7.02854e-09
0.10003 -7.02772e-09
0.10012 -7.02691e-09
0.10021 -7.0261e-09
0.1003 -7.02529e-09
0.100389 -7.02447e-09
0.100479 -7.02366e-09
0.100569 -7.02285e-09
0.100659 -7.02204e-09
0.100749 -7.02122e-09
0.100839 -7.02041e-09
0.100929 -7.0196e-09
0.101019 -7.01879e-09
0.101108 -7.01797e-09
0.101198 -7.01716e-09
0.101288 -7.01635e-09
0.101378 -7.01554e-09
0.101468 -7.01472e-09
0.101558 -7.01391e-09
0.101648 -7.0131e-09
0.101738 -7.01229e-09
0.101827 -7.01147e-09
0.101917 -7.01066e-09
0.102007 -7.00985e-09
0.102097 -7.00904e-09
0.102187 -7.00823e-09
0.102277 -7.00741e-09
0.102367 -7.0066e-09
0.102457 -7.00579e-09
0.102546 -7.00498e-09
0.102636 -7.00416e-09
0.102726 -7.00335e-09
0.102816 -7.00254e-09
0.102906 -7.00173e-09
0.102996 -7.00091e-09
0.103086 -7.0001e-09
0.103176 -6.99929e-09
0.103265 -6.99848e-09
0.103355 -6.99766e-09
0.103445 -6.99685e-09
0.103535 -6.99604e-09
0.103625 -6.99523e-09
0.103715 -6.99441e-09
0.103805 -6.9936e-09
0.103895 -6.99279e-09
0.103984 -6.99198e-09
0.104074 -6.99116e-09
0.104164 -6.99035e-09
0.104254 -6.98954e-09
0.104344 -6.98873e-09
0.104434 -6.98792e-09
0.104524 -6.9871e-09
0.104614 -6.98629e-09
0.104703 -6.98548e-09
0.104793 -6.98467e-09
0.104883 -6.98385e-09
0.104973 -6.98304e-09
0.105063 -6.98223e-09
0.105153 -6.98142e-09
0.105243 -6.9806e-09
0.105333 -6.97979e-09
0.105422 -6.97898e-09
0.105512 -6.97817e-09
0.105602 -6.97735e-09
0.105692 -6.97654e-09
0.105782 -6.97573e-09
0.105872 -6.97492e-09
0.105962 -6.9741e-09
0.106052 -6.97329e-09
0.106141 -6.97248e-09
0.106231 -6.97167e-09
0.106321 -6.97085e-09
0.106411 -6.97004e-09
0.106501 -6.96923e-09
0.106591 -6.96842e-09
0.106681 -6.96761e-09
0.106771 -6.96679e-09
0.10686 -6.96598e-09
0.10695 -6.96517e-09
0.10704 -6.96436e-09
0.10713 -6.96354e-09
0.10722 -6.96273e-09
0.10731 -6.96192e-09
0.1074 -6.96111e-09
0.107489 -6.96029e-09
0.107579 -6.95948e-09
0.107669 -6.95867e-09
0.107759 -6.95786e-09
0.107849 -6.95704e-09
0.107939 -6.95623e-09
0.108029 -6.95542e-09
0.108119 -6.95461e-09
0.108208 -6.95379e-09
0.108298 -6.95298e-09
0.108388 -6.95217e-09
0.108478 -6.95136e-09
0.108568 -6.95054e-09
0.108658 -6.94973e-09
0.108748 -6.94892e-09
0.108838 -6.94811e-09
0.108927 -6.9473e-09
0.109017 -6.94648e-09
0.109107 -6.94567e-09
0.109197 -6.94486e-09
0.109287 -6.94405e-09
0.109377 -6.94323e-09
0.109467 -6.94242e-09
0.109557 -6.94161e-09
0.109646 -6.9408e-09
0.109736 -6.93998e-09
0.109826 -6.93917e-09
0.109916 -6.93836e-09
0.110006 -6.93755e-09
0.110096 -6.93673e-09
0.110186 -6.93592e-09
0.110276 -6.93511e-09
0.110365 -6.9343e-09
0.110455 -6.93348e-09
0.110545 -6.93267e-09
0.110635 -6.93186e-09
0.110725 -6.93105e-09
0.110815 -6.93023e-09
0.110905 -6.92942e-09
0.110995 -6.92861e-09
0.111084 -6.9278e-09
0.111174 -6.92699e-09
0.111264 -6.92617e-09
0.111354 -6.92536e-09
0.111444 -6.92455e-09
0.111534 -6.92374e-09
0.111624 -6.92292e-09
0.111714 -6.92211e-09
0.111803 -6.9213e-09
0.111893 -6.92049e-09
0.111983 -6.91967e-09
0.112073 -6.91886e-09
0.112163 -6.91805e-09
0.112253 -6.91724e-09
0.112343 -6.91642e-09
0.112433 -6.91561e-09
0.112522 -6.9148e-09
0.112612 -6.91399e-09
0.112702 -6.91317e-09
0.112792 -6.91236e-09
0.112882 -6.91155e-09
0.112972 -6.91074e-09
0.113062 -6.90992e-09
0.113152 -6.90911e-09
0.113241 -6.9083e-09
0.113331 -6.90749e-09
0.113421 -6.90668e-09
0.113511 -6.90586e-09
0.113601 -6.90505e-09
0.113691 -6.90424e-09
0.113781 -6.90343e-09
0.113871 -6.90261e-09
0.11396 -6.9018e-09
0.11405 -6.90099e-09
0.11414 -6.90018e-09
0.11423 -6.89936e-09
0.11432 -6.89855e-09
0.11441 -6.89774e-09
0.1145 -6.89693e-09
0.11459 -6.89611e-09
0.114679 -6.8953e-09
0.114769 -6.89449e-09
0.114859 -6.89368e-09
0.114949 -6.89286e-09
0.115039 -6.89205e-09
0.115129 -6.89124e-09
0.115219 -6.89043e-09
0.115309 -6.88961e-09
0.115398 -6.8888e-09
0.115488 -6.88799e-09
0.115578 -6.88718e-09
0.115668 -6.88637e-09
0.115758 -6.88555e-09
0.115848 -6.88474e-09
0.115938 -6.88393e-09
0.116028 -6.88312e-09
0.116117 -6.8823e-09
0.116207 -6.88149e-09
0.116297 -6.88068e-09
0.116387 -6.87987e-09
0.116477 -6.87905e-09
0.116567 -6.87824e-09
0.116657 -6.87743e-09
0.116747 -6.87662e-09
0.116836 -6.8758e-09
0.116926 -6.87499e-09
0.117016 -6.87418e-09
0.117106 -6.87337e-09
0.117196 -6.87255e-09
0.117286 -6.87174e-09
0.117376 -6.87093e-09
0.117466 -6.87012e-09
0.117555 -6.8693e-09
0.117645 -6.86849e-09
0.117735 -6.86768e-09
0.117825 -6.86687e-09
0.117915 -6.86606e-09
0.118005 -6.86524e-09
0.118095 -6.86443e-09
0.118185 -6.86362e-09
0.118274 -6.86281e-09
0.118364 -6.86199e-09
0.118454 -6.86118e-09
0.118544 -6.86037e-09
0.118634 -6.85956e-09
0.118724 -6.85874e-09
0.118814 -6.85793e-09
0.118904 -6.85712e-09
0.118993 -6.85631e-09
0.119083 -6.85549e-09
0.119173 -6.85468e-09
0.119263 -6.85387e-09
0.119353 -6.85306e-09
0.119443 -6.85224e-09
0.119533 -6.85143e-09
0.119623 -6.85062e-09
0.119712 -6.84981e-09
0.119802 -6.849e-09
0.119892 -6.84818e-09
0.119982 -6.84737e-09
0.120072 -6.84656e-09
0.120162 -6.84575e-09
0.120252 -6.84493e-09
0.120341 -6.84412e-09
0.120431 -6.84331e-09
0.120521 -6.8425e-09
0.120611 -6.84168e-09
0.120701 -6.84087e-09
0.120791 -6.84006e-09
0.120881 -6.83925e-09
0.120971 -6.83843e-09
0.12106 -6.83762e-09
0.12115 -6.83681e-09
0.12124 -6.836e-09
0.12133 -6.83518e-09
0.12142 -6.83437e-09
0.12151 -6.83356e-09
0.1216 -6.83275e-09
0.12169 -6.83193e-09
0.121779 -6.83112e-09
0.121869 -6.83031e-09
0.121959 -6.8295e-09
0.122049 -6.82869e-09
0.122139 -6.82787e-09
0.122229 -6.82706e-09
0.122319 -6.82625e-09
0.122409 -6.82544e-09
0.122498 -6.82462e-09
0.122588 -6.82381e-09
0.122678 -6.823e-09
0.122768 -6.82219e-09
0.122858 -6.82137e-09
0.122948 -6.82056e-09
0.123038 -6.81975e-09
0.123128 -6.81894e-09
0.123217 -6.81812e-09
0.123307 -6.81731e-09
0.123397 -6.8165e-09
0.123487 -6.81569e-09
0.123577 -6.81487e-09
0.123667 -6.81406e-09
0.123757 -6.81325e-09
0.123847 -6.81244e-09
0.123936 -6.81162e-09
0.124026 -6.81081e-09
0.124116 -6.81e-09
0.124206 -6.80919e-09
0.124296 -6.80838e-09
0.124386 -6.80756e-09
0.124476 -6.80675e-09
0.124566 -6.80594e-09
0.124655 -6.80513e-09
0.124745 -6.80431e-09
0.124835 -6.8035e-09
0.124925 -6.80269e-09
0.125015 -6.80188e-09
0.125105 -6.80106e-09
0.125195 -6.80025e-09
0.125285 -6.79944e-09
0.125374 -6.79863e-09
0.125464 -6.79781e-09
0.125554 -6.797e-09
0.125644 -6.79619e-09
0.125734 -6.79538e-09
0.125824 -6.79456e-09
0.125914 -6.79375e-09
0.126004 -6.79294e-09
0.126093 -6.79213e-09
0.126183 -6.79131e-09
0.126273 -6.7905e-09
0.126363 -6.78969e-09
0.126453 -6.78888e-09
0.126543 -6.78807e-09
0.126633 -6.78725e-09
0.126723 -6.78644e-09
0.126812 -6.78563e-09
0.126902 -6.78482e-09
0.126992 -6.784e-09
0.127082 -6.78319e-09
0.127172 -6.78238e-09
0.127262 -6.78157e-09
0.127352 -6.78075e-09
0.127442 -6.77994e-09
0.127531 -6.77913e-09
0.127621 -6.77832e-09
0.127711 -6.7775e-09
0.127801 -6.77669e-09
0.127891 -6.77588e-09
0.127981 -6.77507e-09
0.128071 -6.77425e-09
0.128161 -6.77344e-09
0.12825 -6.77263e-09
0.12834 -6.77182e-09
0.12843 -6.771e-09
0.12852 -6.77019e-09
0.12861 -6.76938e-09
0.1287 -6.76857e-09
0.12879 -6.76776e-09
0.12888 -6.76694e-09
0.128969 -6.76613e-09
0.129059 -6.76532e-09
0.129149 -6.76451e-09
0.129239 -6.76369e-09
0.129329 -6.76288e-09
0.129419 -6.76207e-09
0.129509 -6.76126e-09
0.129599 -6.76044e-09
0.129688 -6.75963e-09
0.129778 -6.75882e-09
0.129868 -6.75801e-09
0.129958 -6.75719e-09
0.130048 -6.75638e-09
0.130138 -6.75557e-09
0.130228 -6.75476e-09
0.130318 -6.75394e-09
0.130407 -6.75313e-09
0.130497 -6.75232e-09
0.130587 -6.75151e-09
0.130677 -6.75069e-09
0.130767 -6.74988e-09
0.130857 -6.74907e-09
0.130947 -6.74826e-09
0.131037 -6.74745e-09
0.131126 -6.74663e-09
0.131216 -6.74582e-09
0.131306 -6.74501e-09
0.131396 -6.7442e-09
0.131486 -6.74338e-09
0.131576 -6.74257e-09
0.131666 -6.74176e-09
0.131756 -6.74095e-09
0.131845 -6.74013e-09
0.131935 -6.73932e-09
0.132025 -6.73851e-09
0.132115 -6.7377e-09
0.132205 -6.73688e-09
0.132295 -6.73607e-09
0.132385 -6.73526e-09
0.132475 -6.73445e-09
0.132564 -6.73363e-09
0.132654 -6.73282e-09
0.132744 -6.73201e-09
0.132834 -6.7312e-09
0.132924 -6.73038e-09
0.133014 -6.72957e-09
0.133104 -6.72876e-09
0.133194 -6.72795e-09
0.133283 -6.72714e-09
0.133373 -6.72632e-09
0.133463 -6.72551e-09
0.133553 -6.7247e-09
0.133643 -6.72389e-09
0.133733 -6.72307e-09
0.133823 -6.72226e-09
0.133912 -6.72145e-09
0.134002 -6.72064e-09
0.134092 -6.71982e-09
0.134182 -6.71901e-09
0.134272 -6.7182e-09
0.134362 -6.71739e-09
0.134452 -6.71657e-09
0.134542 -6.71576e-09
0.134631 -6.71495e-09
0.134721 -6.71414e-09
0.134811 -6.71332e-09
