-0.134811 1.58446e-07
-0.134721 1.58295e-07
-0.134631 1.58144e-07
-0.134542 1.57993e-07
-0.134452 1.57842e-07
-0.134362 1.57691e-07
-0.134272 1.5754e-07
-0.134182 1.57389e-07
-0.134092 1.57238e-07
-0.134002 1.57087e-07
-0.133912 1.56936e-07
-0.133823 1.56785e-07
-0.133733 1.56633e-07
-0.133643 1.56482e-07
-0.133553 1.56331e-07
-0.133463 1.5618e-07
-0.133373 1.56029e-07
-0.133283 1.55878e-07
-0.133194 1.55727e-07
-0.133104 1.55576e-07
-0.133014 1.55425e-07
-0.132924 1.55274e-07
-0.132834 1.55123e-07
-0.132744 1.54972e-07
-0.132654 1.54821e-07
-0.132564 1.54669e-07
-0.132475 1.54518e-07
-0.132385 1.54367e-07
-0.132295 1.54216e-07
-0.132205 1.54065e-07
-0.132115 1.53914e-07
-0.132025 1.53763e-07
-0.131935 1.53612e-07
-0.131845 1.53461e-07
-0.131756 1.5331e-07
-0.131666 1.53159e-07
-0.131576 1.53008e-07
-0.131486 1.52857e-07
-0.131396 1.52705e-07
-0.131306 1.52554e-07
-0.131216 1.52403e-07
-0.131126 1.52252e-07
-0.131037 1.52101e-07
-0.130947 1.5195e-07
-0.130857 1.51799e-07
-0.130767 1.51648e-07
-0.130677 1.51497e-07
-0.130587 1.51346e-07
-0.130497 1.51195e-07
-0.130407 1.51044e-07
-0.130318 1.50893e-07
-0.130228 1.50741e-07
-0.130138 1.5059e-07
-0.130048 1.50439e-07
-0.129958 1.50288e-07
-0.129868 1.50137e-07
-0.129778 1.49986e-07
-0.129688 1.49835e-07
-0.129599 1.49684e-07
-0.129509 1.49533e-07
-0.129419 1.49382e-07
-0.129329 1.49231e-07
-0.129239 1.4908e-07
-0.129149 1.48929e-07
-0.129059 1.48778e-07
-0.128969 1.48626e-07
-0.12888 1.48475e-07
-0.12879 1.48324e-07
-0.1287 1.48173e-07
-0.12861 1.48022e-07
-0.12852 1.47871e-07
-0.12843 1.4772e-07
-0.12834 1.47569e-07
-0.12825 1.47418e-07
-0.128161 1.47267e-07
-0.128071 1.47116e-07
-0.127981 1.46965e-07
-0.127891 1.46814e-07
-0.127801 1.46662e-07
-0.127711 1.46511e-07
-0.127621 1.4636e-07
-0.127531 1.46209e-07
-0.127442 1.46058e-07
-0.127352 1.45907e-07
-0.127262 1.45756e-07
-0.127172 1.45605e-07
-0.127082 1.45454e-07
-0.126992 1.45303e-07
-0.126902 1.45152e-07
-0.126812 1.45001e-07
-0.126723 1.4485e-07
-0.126633 1.44698e-07
-0.126543 1.44547e-07
-0.126453 1.44396e-07
-0.126363 1.44245e-07
-0.126273 1.44094e-07
-0.126183 1.43943e-07
-0.126093 1.43792e-07
-0.126004 1.43641e-07
-0.125914 1.4349e-07
-0.125824 1.43339e-07
-0.125734 1.43188e-07
-0.125644 1.43037e-07
-0.125554 1.42886e-07
-0.125464 1.42734e-07
-0.125374 1.42583e-07
-0.125285 1.42432e-07
-0.125195 1.42281e-07
-0.125105 1.4213e-07
-0.125015 1.41979e-07
-0.124925 1.41828e-07
-0.124835 1.41677e-07
-0.124745 1.41526e-07
-0.124655 1.41375e-07
-0.124566 1.41224e-07
-0.124476 1.41073e-07
-0.124386 1.40922e-07
-0.124296 1.4077e-07
-0.124206 1.40619e-07
-0.124116 1.40468e-07
-0.124026 1.40317e-07
-0.123936 1.40166e-07
-0.123847 1.40015e-07
-0.123757 1.39864e-07
-0.123667 1.39713e-07
-0.123577 1.39562e-07
-0.123487 1.39411e-07
-0.123397 1.3926e-07
-0.123307 1.39109e-07
-0.123217 1.38958e-07
-0.123128 1.38806e-07
-0.123038 1.38655e-07
-0.122948 1.38504e-07
-0.122858 1.38353e-07
-0.122768 1.38202e-07
-0.122678 1.38051e-07
-0.122588 1.379e-07
-0.122498 1.37749e-07
-0.122409 1.37598e-07
-0.122319 1.37447e-07
-0.122229 1.37296e-07
-0.122139 1.37145e-07
-0.122049 1.36994e-07
-0.121959 1.36843e-07
-0.121869 1.36691e-07
-0.121779 1.3654e-07
-0.12169 1.36389e-07
-0.1216 1.36238e-07
-0.12151 1.36087e-07
-0.12142 1.35936e-07
-0.12133 1.35785e-07
-0.12124 1.35634e-07
-0.12115 1.35483e-07
-0.12106 1.35332e-07
-0.120971 1.35181e-07
-0.120881 1.3503e-07
-0.120791 1.34879e-07
-0.120701 1.34727e-07
-0.120611 1.34576e-07
-0.120521 1.34425e-07
-0.120431 1.34274e-07
-0.120341 1.34123e-07
-0.120252 1.33972e-07
-0.120162 1.33821e-07
-0.120072 1.3367e-07
-0.119982 1.33519e-07
-0.119892 1.33368e-07
-0.119802 1.33217e-07
-0.119712 1.33066e-07
-0.119623 1.32915e-07
-0.119533 1.32763e-07
-0.119443 1.32612e-07
-0.119353 1.32461e-07
-0.119263 1.3231e-07
-0.119173 1.32159e-07
-0.119083 1.32008e-07
-0.118993 1.31857e-07
-0.118904 1.31706e-07
-0.118814 1.31555e-07
-0.118724 1.31404e-07
-0.118634 1.31253e-07
-0.118544 1.31102e-07
-0.118454 1.30951e-07
-0.118364 1.30799e-07
-0.118274 1.30648e-07
-0.118185 1.30497e-07
-0.118095 1.30346e-07
-0.118005 1.30195e-07
-0.117915 1.30044e-07
-0.117825 1.29893e-07
-0.117735 1.29742e-07
-0.117645 1.29591e-07
-0.117555 1.2944e-07
-0.117466 1.29289e-07
-0.117376 1.29138e-07
-0.117286 1.28987e-07
-0.117196 1.28835e-07
-0.117106 1.28684e-07
-0.117016 1.28533e-07
-0.116926 1.28382e-07
-0.116836 1.28231e-07
-0.116747 1.2808e-07
-0.116657 1.27929e-07
-0.116567 1.27778e-07
-0.116477 1.27627e-07
-0.116387 1.27476e-07
-0.116297 1.27325e-07
-0.116207 1.27174e-07
-0.116117 1.27023e-07
-0.116028 1.26872e-07
-0.115938 1.2672e-07
-0.115848 1.26569e-07
-0.115758 1.26418e-07
-0.115668 1.26267e-07
-0.115578 1.26116e-07
-0.115488 1.25965e-07
-0.115398 1.25814e-07
-0.115309 1.25663e-07
-0.115219 1.25512e-07
-0.115129 1.25361e-07
-0.115039 1.2521e-07
-0.114949 1.25059e-07
-0.114859 1.24908e-07
-0.114769 1.24756e-07
-0.114679 1.24605e-07
-0.11459 1.24454e-07
-0.1145 1.24303e-07
-0.11441 1.24152e-07
-0.11432 1.24001e-07
-0.11423 1.2385e-07
-0.11414 1.23699e-07
-0.11405 1.23548e-07
-0.11396 1.23397e-07
-0.113871 1.23246e-07
-0.113781 1.23095e-07
-0.113691 1.22944e-07
-0.113601 1.22792e-07
-0.113511 1.22641e-07
-0.113421 1.2249e-07
-0.113331 1.22339e-07
-0.113241 1.22188e-07
-0.113152 1.22037e-07
-0.113062 1.21886e-07
-0.112972 1.21735e-07
-0.112882 1.21584e-07
-0.112792 1.21433e-07
-0.112702 1.21282e-07
-0.112612 1.21131e-07
-0.112522 1.2098e-07
-0.112433 1.20828e-07
-0.112343 1.20677e-07
-0.112253 1.20526e-07
-0.112163 1.20375e-07
-0.112073 1.20224e-07
-0.111983 1.20073e-07
-0.111893 1.19922e-07
-0.111803 1.19771e-07
-0.111714 1.1962e-07
-0.111624 1.19469e-07
-0.111534 1.19318e-07
-0.111444 1.19167e-07
-0.111354 1.19016e-07
-0.111264 1.18864e-07
-0.111174 1.18713e-07
-0.111084 1.18562e-07
-0.110995 1.18411e-07
-0.110905 1.1826e-07
-0.110815 1.18109e-07
-0.110725 1.17958e-07
-0.110635 1.17807e-07
-0.110545 1.17656e-07
-0.110455 1.17505e-07
-0.110365 1.17354e-07
-0.110276 1.17203e-07
-0.110186 1.17052e-07
-0.110096 1.16901e-07
-0.110006 1.16749e-07
-0.109916 1.16598e-07
-0.109826 1.16447e-07
-0.109736 1.16296e-07
-0.109646 1.16145e-07
-0.109557 1.15994e-07
-0.109467 1.15843e-07
-0.109377 1.15692e-07
-0.109287 1.15541e-07
-0.109197 1.1539e-07
-0.109107 1.15239e-07
-0.109017 1.15088e-07
-0.108927 1.14937e-07
-0.108838 1.14785e-07
-0.108748 1.14634e-07
-0.108658 1.14483e-07
-0.108568 1.14332e-07
-0.108478 1.14181e-07
-0.108388 1.1403e-07
-0.108298 1.13879e-07
-0.108208 1.13728e-07
-0.108119 1.13577e-07
-0.108029 1.13426e-07
-0.107939 1.13275e-07
-0.107849 1.13124e-07
-0.107759 1.12973e-07
-0.107669 1.12821e-07
-0.107579 1.1267e-07
-0.107489 1.12519e-07
-0.1074 1.12368e-07
-0.10731 1.12217e-07
-0.10722 1.12066e-07
-0.10713 1.11915e-07
-0.10704 1.11764e-07
-0.10695 1.11613e-07
-0.10686 1.11462e-07
-0.106771 1.11311e-07
-0.106681 1.1116e-07
-0.106591 1.11009e-07
-0.106501 1.10857e-07
-0.106411 1.10706e-07
-0.106321 1.10555e-07
-0.106231 1.10404e-07
-0.106141 1.10253e-07
-0.106052 1.10102e-07
-0.105962 1.09951e-07
-0.105872 1.098e-07
-0.105782 1.09649e-07
-0.105692 1.09498e-07
-0.105602 1.09347e-07
-0.105512 1.09196e-07
-0.105422 1.09045e-07
-0.105333 1.08893e-07
-0.105243 1.08742e-07
-0.105153 1.08591e-07
-0.105063 1.0844e-07
-0.104973 1.08289e-07
-0.104883 1.08138e-07
-0.104793 1.07987e-07
-0.104703 1.07836e-07
-0.104614 1.07685e-07
-0.104524 1.07534e-07
-0.104434 1.07383e-07
-0.104344 1.07232e-07
-0.104254 1.07081e-07
-0.104164 1.0693e-07
-0.104074 1.06778e-07
-0.103984 1.06627e-07
-0.103895 1.06476e-07
-0.103805 1.06325e-07
-0.103715 1.06174e-07
-0.103625 1.06023e-07
-0.103535 1.05872e-07
-0.103445 1.05721e-07
-0.103355 1.0557e-07
-0.103265 1.05419e-07
-0.103176 1.05268e-07
-0.103086 1.05117e-07
-0.102996 1.04966e-07
-0.102906 1.04814e-07
-0.102816 1.04663e-07
-0.102726 1.04512e-07
-0.102636 1.04361e-07
-0.102546 1.0421e-07
-0.102457 1.04059e-07
-0.102367 1.03908e-07
-0.102277 1.03757e-07
-0.102187 1.03606e-07
-0.102097 1.03455e-07
-0.102007 1.03304e-07
-0.101917 1.03153e-07
-0.101827 1.03002e-07
-0.101738 1.0285e-07
-0.101648 1.02699e-07
-0.101558 1.02548e-07
-0.101468 1.02397e-07
-0.101378 1.02246e-07
-0.101288 1.02095e-07
-0.101198 1.01944e-07
-0.101108 1.01793e-07
-0.101019 1.01642e-07
-0.100929 1.01491e-07
-0.100839 1.0134e-07
-0.100749 1.01189e-07
-0.100659 1.01038e-07
-0.100569 1.00886e-07
-0.100479 1.00735e-07
-0.100389 1.00584e-07
-0.1003 1.00433e-07
-0.10021 1.00282e-07
-0.10012 1.00131e-07
-0.10003 9.998e-08
-0.0999401 9.98289e-08
-0.0998502 9.96779e-08
-0.0997603 9.95268e-08
-0.0996704 9.93757e-08
-0.0995806 9.92246e-08
-0.0994907 9.90736e-08
-0.0994008 9.89225e-08
-0.0993109 9.87714e-08
-0.0992211 9.86203e-08
-0.0991312 9.84693e-08
-0.0990413 9.83182e-08
-0.0989514 9.81671e-08
-0.0988616 9.8016e-08
-0.0987717 9.7865e-08
-0.0986818 9.77139e-08
-0.098592 9.75628e-08
-0.0985021 9.74117e-08
-0.0984122 9.72607e-08
-0.0983223 9.71096e-08
-0.0982325 9.69585e-08
-0.0981426 9.68074e-08
-0.0980527 9.66563e-08
-0.0979628 9.65053e-08
-0.097873 9.63542e-08
-0.0977831 9.62031e-08
-0.0976932 9.6052e-08
-0.0976033 9.5901e-08
-0.0975135 9.57499e-08
-0.0974236 9.55988e-08
-0.0973337 9.54477e-08
-0.0972438 9.52967e-08
-0.097154 9.51456e-08
-0.0970641 9.49945e-08
-0.0969742 9.48434e-08
-0.0968843 9.46924e-08
-0.0967945 9.45413e-08
-0.0967046 9.43902e-08
-0.0966147 9.42391e-08
-0.0965248 9.40881e-08
-0.096435 9.3937e-08
-0.0963451 9.37859e-08
-0.0962552 9.36348e-08
-0.0961653 9.34838e-08
-0.0960755 9.33327e-08
-0.0959856 9.31816e-08
-0.0958957 9.30305e-08
-0.0958059 9.28795e-08
-0.095716 9.27284e-08
-0.0956261 9.25773e-08
-0.0955362 9.24262e-08
-0.0954464 9.22751e-08
-0.0953565 9.21241e-08
-0.0952666 9.1973e-08
-0.0951767 9.18219e-08
-0.0950869 9.16708e-08
-0.094997 9.15198e-08
-0.0949071 9.13687e-08
-0.0948172 9.12176e-08
-0.0947274 9.10665e-08
-0.0946375 9.09155e-08
-0.0945476 9.07644e-08
-0.0944577 9.06133e-08
-0.0943679 9.04622e-08
-0.094278 9.03112e-08
-0.0941881 9.01601e-08
-0.0940982 9.0009e-08
-0.0940084 8.98579e-08
-0.0939185 8.97069e-08
-0.0938286 8.95558e-08
-0.0937387 8.94047e-08
-0.0936489 8.92536e-08
-0.093559 8.91026e-08
-0.0934691 8.89515e-08
-0.0933793 8.88004e-08
-0.0932894 8.86493e-08
-0.0931995 8.84983e-08
-0.0931096 8.83472e-08
-0.0930198 8.81961e-08
-0.0929299 8.8045e-08
-0.09284 8.7894e-08
-0.0927501 8.77429e-08
-0.0926603 8.75918e-08
-0.0925704 8.74407e-08
-0.0924805 8.72896e-08
-0.0923906 8.71386e-08
-0.0923008 8.69875e-08
-0.0922109 8.68364e-08
-0.092121 8.66853e-08
-0.0920311 8.65343e-08
-0.0919413 8.63832e-08
-0.0918514 8.62321e-08
-0.0917615 8.6081e-08
-0.0916716 8.593e-08
-0.0915818 8.57789e-08
-0.0914919 8.56278e-08
-0.091402 8.54767e-08
-0.0913121 8.53257e-08
-0.0912223 8.51746e-08
-0.0911324 8.50235e-08
-0.0910425 8.48724e-08
-0.0909526 8.47214e-08
-0.0908628 8.45703e-08
-0.0907729 8.44192e-08
-0.090683 8.42681e-08
-0.0905932 8.41171e-08
-0.0905033 8.3966e-08
-0.0904134 8.38149e-08
-0.0903235 8.36638e-08
-0.0902337 8.35128e-08
-0.0901438 8.33617e-08
-0.0900539 8.32106e-08
-0.089964 8.30595e-08
-0.0898742 8.29084e-08
-0.0897843 8.27574e-08
-0.0896944 8.26063e-08
-0.0896045 8.24552e-08
-0.0895147 8.23041e-08
-0.0894248 8.21531e-08
-0.0893349 8.2002e-08
-0.089245 8.18509e-08
-0.0891552 8.16998e-08
-0.0890653 8.15488e-08
-0.0889754 8.13977e-08
-0.0888855 8.12466e-08
-0.0887957 8.10955e-08
-0.0887058 8.09445e-08
-0.0886159 8.07934e-08
-0.088526 8.06423e-08
-0.0884362 8.04912e-08
-0.0883463 8.03402e-08
-0.0882564 8.01891e-08
-0.0881665 8.0038e-08
-0.0880767 7.98869e-08
-0.0879868 7.97359e-08
-0.0878969 7.95848e-08
-0.0878071 7.94337e-08
-0.0877172 7.92826e-08
-0.0876273 7.91316e-08
-0.0875374 7.89805e-08
-0.0874476 7.88294e-08
-0.0873577 7.86783e-08
-0.0872678 7.85273e-08
-0.0871779 7.83762e-08
-0.0870881 7.82251e-08
-0.0869982 7.8074e-08
-0.0869083 7.79229e-08
-0.0868184 7.77719e-08
-0.0867286 7.76208e-08
-0.0866387 7.74697e-08
-0.0865488 7.73186e-08
-0.0864589 7.71676e-08
-0.0863691 7.70165e-08
-0.0862792 7.68654e-08
-0.0861893 7.67143e-08
-0.0860994 7.65633e-08
-0.0860096 7.64122e-08
-0.0859197 7.62611e-08
-0.0858298 7.611e-08
-0.0857399 7.5959e-08
-0.0856501 7.58079e-08
-0.0855602 7.56568e-08
-0.0854703 7.55057e-08
-0.0853805 7.53547e-08
-0.0852906 7.52036e-08
-0.0852007 7.50525e-08
-0.0851108 7.49014e-08
-0.085021 7.47504e-08
-0.0849311 7.45993e-08
-0.0848412 7.44482e-08
-0.0847513 7.42971e-08
-0.0846615 7.41461e-08
-0.0845716 7.3995e-08
-0.0844817 7.38439e-08
-0.0843918 7.36928e-08
-0.084302 7.35418e-08
-0.0842121 7.33907e-08
-0.0841222 7.32396e-08
-0.0840323 7.30885e-08
-0.0839425 7.29374e-08
-0.0838526 7.27864e-08
-0.0837627 7.26353e-08
-0.0836728 7.24842e-08
-0.083583 7.23331e-08
-0.0834931 7.21821e-08
-0.0834032 7.2031e-08
-0.0833133 7.18799e-08
-0.0832235 7.17288e-08
-0.0831336 7.15778e-08
-0.0830437 7.14267e-08
-0.0829538 7.12756e-08
-0.082864 7.11245e-08
-0.0827741 7.09735e-08
-0.0826842 7.08224e-08
-0.0825944 7.06713e-08
-0.0825045 7.05202e-08
-0.0824146 7.03692e-08
-0.0823247 7.02181e-08
-0.0822349 7.0067e-08
-0.082145 6.99159e-08
-0.0820551 6.97649e-08
-0.0819652 6.96138e-08
-0.0818754 6.94627e-08
-0.0817855 6.93116e-08
-0.0816956 6.91606e-08
-0.0816057 6.90095e-08
-0.0815159 6.88584e-08
-0.081426 6.87073e-08
-0.0813361 6.85562e-08
-0.0812462 6.84052e-08
-0.0811564 6.82541e-08
-0.0810665 6.8103e-08
-0.0809766 6.79519e-08
-0.0808867 6.78009e-08
-0.0807969 6.76498e-08
-0.080707 6.74987e-08
-0.0806171 6.73476e-08
-0.0805272 6.71966e-08
-0.0804374 6.70455e-08
-0.0803475 6.68944e-08
-0.0802576 6.67433e-08
-0.0801677 6.65923e-08
-0.0800779 6.64412e-08
-0.079988 6.62901e-08
-0.0798981 6.6139e-08
-0.0798083 6.5988e-08
-0.0797184 6.58369e-08
-0.0796285 6.56858e-08
-0.0795386 6.55347e-08
-0.0794488 6.53837e-08
-0.0793589 6.52326e-08
-0.079269 6.50815e-08
-0.0791791 6.49304e-08
-0.0790893 6.47794e-08
-0.0789994 6.46283e-08
-0.0789095 6.44772e-08
-0.0788196 6.43261e-08
-0.0787298 6.41751e-08
-0.0786399 6.4024e-08
-0.07855 6.38729e-08
-0.0784601 6.37218e-08
-0.0783703 6.35707e-08
-0.0782804 6.34197e-08
-0.0781905 6.32686e-08
-0.0781006 6.31175e-08
-0.0780108 6.29664e-08
-0.0779209 6.28154e-08
-0.077831 6.26643e-08
-0.0777411 6.25132e-08
-0.0776513 6.23621e-08
-0.0775614 6.22111e-08
-0.0774715 6.206e-08
-0.0773817 6.19089e-08
-0.0772918 6.17578e-08
-0.0772019 6.16068e-08
-0.077112 6.14557e-08
-0.0770222 6.13046e-08
-0.0769323 6.11535e-08
-0.0768424 6.10025e-08
-0.0767525 6.08514e-08
-0.0766627 6.07003e-08
-0.0765728 6.05492e-08
-0.0764829 6.03982e-08
-0.076393 6.02471e-08
-0.0763032 6.0096e-08
-0.0762133 5.99449e-08
-0.0761234 5.97939e-08
-0.0760335 5.96428e-08
-0.0759437 5.94917e-08
-0.0758538 5.93406e-08
-0.0757639 5.91895e-08
-0.075674 5.90385e-08
-0.0755842 5.88874e-08
-0.0754943 5.87363e-08
-0.0754044 5.85852e-08
-0.0753145 5.84342e-08
-0.0752247 5.82831e-08
-0.0751348 5.8132e-08
-0.0750449 5.79809e-08
-0.074955 5.78299e-08
-0.0748652 5.76788e-08
-0.0747753 5.75277e-08
-0.0746854 5.73766e-08
-0.0745956 5.72256e-08
-0.0745057 5.70745e-08
-0.0744158 5.69234e-08
-0.0743259 5.67723e-08
-0.0742361 5.66213e-08
-0.0741462 5.64702e-08
-0.0740563 5.63191e-08
-0.0739664 5.6168e-08
-0.0738766 5.6017e-08
-0.0737867 5.58659e-08
-0.0736968 5.57148e-08
-0.0736069 5.55637e-08
-0.0735171 5.54127e-08
-0.0734272 5.52616e-08
-0.0733373 5.51105e-08
-0.0732474 5.49594e-08
-0.0731576 5.48084e-08
-0.0730677 5.46573e-08
-0.0729778 5.45062e-08
-0.0728879 5.43551e-08
-0.0727981 5.4204e-08
-0.0727082 5.4053e-08
-0.0726183 5.39019e-08
-0.0725284 5.37508e-08
-0.0724386 5.35997e-08
-0.0723487 5.34487e-08
-0.0722588 5.32976e-08
-0.0721689 5.31465e-08
-0.0720791 5.29954e-08
-0.0719892 5.28444e-08
-0.0718993 5.26933e-08
-0.0718095 5.25422e-08
-0.0717196 5.23911e-08
-0.0716297 5.22401e-08
-0.0715398 5.2089e-08
-0.07145 5.19379e-08
-0.0713601 5.17868e-08
-0.0712702 5.16358e-08
-0.0711803 5.14847e-08
-0.0710905 5.13336e-08
-0.0710006 5.11825e-08
-0.0709107 5.10315e-08
-0.0708208 5.08804e-08
-0.070731 5.07293e-08
-0.0706411 5.05782e-08
-0.0705512 5.04272e-08
-0.0704613 5.02761e-08
-0.0703715 5.0125e-08
-0.0702816 4.99739e-08
-0.0701917 4.98228e-08
-0.0701018 4.96718e-08
-0.070012 4.95207e-08
-0.0699221 4.93696e-08
-0.0698322 4.92185e-08
-0.0697423 4.90675e-08
-0.0696525 4.89171e-08
-0.0695626 4.87671e-08
-0.0694727 4.86174e-08
-0.0693829 4.84685e-08
-0.069293 4.832e-08
-0.0692031 4.8172e-08
-0.0691132 4.80245e-08
-0.0690234 4.78777e-08
-0.0689335 4.77312e-08
-0.0688436 4.75853e-08
-0.0687537 4.744e-08
-0.0686639 4.72951e-08
-0.068574 4.71505e-08
-0.0684841 4.70067e-08
-0.0683942 4.68632e-08
-0.0683044 4.67201e-08
-0.0682145 4.65776e-08
-0.0681246 4.64356e-08
-0.0680347 4.6294e-08
-0.0679449 4.61529e-08
-0.067855 4.60123e-08
-0.0677651 4.58722e-08
-0.0676752 4.57325e-08
-0.0675854 4.55936e-08
-0.0674955 4.54551e-08
-0.0674056 4.53171e-08
-0.0673157 4.51798e-08
-0.0672259 4.50431e-08
-0.067136 4.49068e-08
-0.0670461 4.47714e-08
-0.0669562 4.46365e-08
-0.0668664 4.45021e-08
-0.0667765 4.43685e-08
-0.0666866 4.42356e-08
-0.0665968 4.41032e-08
-0.0665069 4.39714e-08
-0.066417 4.38405e-08
-0.0663271 4.371e-08
-0.0662373 4.35801e-08
-0.0661474 4.34511e-08
-0.0660575 4.33226e-08
-0.0659676 4.31947e-08
-0.0658778 4.30675e-08
-0.0657879 4.29409e-08
-0.065698 4.28149e-08
-0.0656081 4.26895e-08
-0.0655183 4.25649e-08
-0.0654284 4.24407e-08
-0.0653385 4.23172e-08
-0.0652486 4.21945e-08
-0.0651588 4.20724e-08
-0.0650689 4.19509e-08
-0.064979 4.18304e-08
-0.0648891 4.17104e-08
-0.0647993 4.15911e-08
-0.0647094 4.14728e-08
-0.0646195 4.13553e-08
-0.0645296 4.12385e-08
-0.0644398 4.11227e-08
-0.0643499 4.10078e-08
-0.06426 4.08937e-08
-0.0641701 4.07805e-08
-0.0640803 4.06683e-08
-0.0639904 4.05569e-08
-0.0639005 4.04463e-08
-0.0638107 4.03368e-08
-0.0637208 4.0228e-08
-0.0636309 4.01198e-08
-0.063541 4.00126e-08
-0.0634512 3.99059e-08
-0.0633613 3.97998e-08
-0.0632714 3.96943e-08
-0.0631815 3.95893e-08
-0.0630917 3.94847e-08
-0.0630018 3.93804e-08
-0.0629119 3.92766e-08
-0.062822 3.91729e-08
-0.0627322 3.90695e-08
-0.0626423 3.89664e-08
-0.0625524 3.88633e-08
-0.0624625 3.87604e-08
-0.0623727 3.86576e-08
-0.0622828 3.85548e-08
-0.0621929 3.84522e-08
-0.062103 3.83496e-08
-0.0620132 3.82471e-08
-0.0619233 3.81447e-08
-0.0618334 3.80423e-08
-0.0617435 3.794e-08
-0.0616537 3.78378e-08
-0.0615638 3.77356e-08
-0.0614739 3.76336e-08
-0.0613841 3.75316e-08
-0.0612942 3.74296e-08
-0.0612043 3.73279e-08
-0.0611144 3.72262e-08
-0.0610246 3.71245e-08
-0.0609347 3.7023e-08
-0.0608448 3.69216e-08
-0.0607549 3.68202e-08
-0.0606651 3.67189e-08
-0.0605752 3.66177e-08
-0.0604853 3.65165e-08
-0.0603954 3.64153e-08
-0.0603056 3.63142e-08
-0.0602157 3.62131e-08
-0.0601258 3.6112e-08
-0.0600359 3.60109e-08
-0.0599461 3.59098e-08
-0.0598562 3.58086e-08
-0.0597663 3.57074e-08
-0.0596764 3.56061e-08
-0.0595866 3.55048e-08
-0.0594967 3.54036e-08
-0.0594068 3.53022e-08
-0.0593169 3.52008e-08
-0.0592271 3.50994e-08
-0.0591372 3.49981e-08
-0.0590473 3.48967e-08
-0.0589574 3.47954e-08
-0.0588676 3.46942e-08
-0.0587777 3.4593e-08
-0.0586878 3.4492e-08
-0.058598 3.43911e-08
-0.0585081 3.42904e-08
-0.0584182 3.41898e-08
-0.0583283 3.40895e-08
-0.0582385 3.39895e-08
-0.0581486 3.38897e-08
-0.0580587 3.37902e-08
-0.0579688 3.36911e-08
-0.057879 3.35923e-08
-0.0577891 3.34938e-08
-0.0576992 3.33958e-08
-0.0576093 3.32981e-08
-0.0575195 3.32007e-08
-0.0574296 3.31038e-08
-0.0573397 3.30073e-08
-0.0572498 3.2911e-08
-0.05716 3.28152e-08
-0.0570701 3.27198e-08
-0.0569802 3.26247e-08
-0.0568903 3.25299e-08
-0.0568005 3.24355e-08
-0.0567106 3.23413e-08
-0.0566207 3.22474e-08
-0.0565308 3.21538e-08
-0.056441 3.20604e-08
-0.0563511 3.19671e-08
-0.0562612 3.18741e-08
-0.0561713 3.17812e-08
-0.0560815 3.16885e-08
-0.0559916 3.15959e-08
-0.0559017 3.15033e-08
-0.0558119 3.14109e-08
-0.055722 3.13184e-08
-0.0556321 3.12261e-08
-0.0555422 3.11338e-08
-0.0554524 3.10414e-08
-0.0553625 3.09491e-08
-0.0552726 3.08567e-08
-0.0551827 3.07644e-08
-0.0550929 3.0672e-08
-0.055003 3.05796e-08
-0.0549131 3.04871e-08
-0.0548232 3.03946e-08
-0.0547334 3.03021e-08
-0.0546435 3.02096e-08
-0.0545536 3.0117e-08
-0.0544637 3.00243e-08
-0.0543739 2.99317e-08
-0.054284 2.9839e-08
-0.0541941 2.97463e-08
-0.0541042 2.96536e-08
-0.0540144 2.9561e-08
-0.0539245 2.94683e-08
-0.0538346 2.93757e-08
-0.0537447 2.92831e-08
-0.0536549 2.91907e-08
-0.053565 2.90983e-08
-0.0534751 2.90059e-08
-0.0533853 2.89138e-08
-0.0532954 2.88218e-08
-0.0532055 2.873e-08
-0.0531156 2.86384e-08
-0.0530258 2.8547e-08
-0.0529359 2.84559e-08
-0.052846 2.8365e-08
-0.0527561 2.82745e-08
-0.0526663 2.81843e-08
-0.0525764 2.80944e-08
-0.0524865 2.80049e-08
-0.0523966 2.79158e-08
-0.0523068 2.7827e-08
-0.0522169 2.77386e-08
-0.052127 2.76507e-08
-0.0520371 2.75632e-08
-0.0519473 2.7476e-08
-0.0518574 2.73894e-08
-0.0517675 2.73031e-08
-0.0516776 2.72171e-08
-0.0515878 2.71317e-08
-0.0514979 2.70466e-08
-0.051408 2.69619e-08
-0.0513181 2.68776e-08
-0.0512283 2.67937e-08
-0.0511384 2.67102e-08
-0.0510485 2.66271e-08
-0.0509586 2.65443e-08
-0.0508688 2.64619e-08
-0.0507789 2.63799e-08
-0.050689 2.62983e-08
-0.0505992 2.62171e-08
-0.0505093 2.61363e-08
-0.0504194 2.6056e-08
-0.0503295 2.59761e-08
-0.0502397 2.58966e-08
-0.0501498 2.58178e-08
-0.0500599 2.57394e-08
-0.04997 2.56614e-08
-0.0498802 2.5584e-08
-0.0497903 2.55073e-08
-0.0497004 2.54309e-08
-0.0496105 2.53552e-08
-0.0495207 2.52801e-08
-0.0494308 2.52055e-08
-0.0493409 2.51313e-08
-0.049251 2.50579e-08
-0.0491612 2.49849e-08
-0.0490713 2.49123e-08
-0.0489814 2.48403e-08
-0.0488915 2.47686e-08
-0.0488017 2.46972e-08
-0.0487118 2.46262e-08
-0.0486219 2.45555e-08
-0.048532 2.44849e-08
-0.0484422 2.44145e-08
-0.0483523 2.43442e-08
-0.0482624 2.42739e-08
-0.0481725 2.42036e-08
-0.0480827 2.41332e-08
-0.0479928 2.40626e-08
-0.0479029 2.39919e-08
-0.0478131 2.39209e-08
-0.0477232 2.38497e-08
-0.0476333 2.37782e-08
-0.0475434 2.37063e-08
-0.0474536 2.3634e-08
-0.0473637 2.35613e-08
-0.0472738 2.34883e-08
-0.0471839 2.34148e-08
-0.0470941 2.33409e-08
-0.0470042 2.32667e-08
-0.0469143 2.3192e-08
-0.0468244 2.3117e-08
-0.0467346 2.30418e-08
-0.0466447 2.29662e-08
-0.0465548 2.28903e-08
-0.0464649 2.28142e-08
-0.0463751 2.27379e-08
-0.0462852 2.26615e-08
-0.0461953 2.2585e-08
-0.0461054 2.25084e-08
-0.0460156 2.24318e-08
-0.0459257 2.23553e-08
-0.0458358 2.22788e-08
-0.0457459 2.22025e-08
-0.0456561 2.21263e-08
-0.0455662 2.20502e-08
-0.0454763 2.19745e-08
-0.0453865 2.18989e-08
-0.0452966 2.18236e-08
-0.0452067 2.17486e-08
-0.0451168 2.16739e-08
-0.045027 2.15994e-08
-0.0449371 2.15253e-08
-0.0448472 2.14515e-08
-0.0447573 2.1378e-08
-0.0446675 2.13047e-08
-0.0445776 2.12317e-08
-0.0444877 2.11589e-08
-0.0443978 2.10864e-08
-0.044308 2.1014e-08
-0.0442181 2.09419e-08
-0.0441282 2.08698e-08
-0.0440383 2.0798e-08
-0.0439485 2.07262e-08
-0.0438586 2.06544e-08
-0.0437687 2.05828e-08
-0.0436788 2.05111e-08
-0.043589 2.04395e-08
-0.0434991 2.03679e-08
-0.0434092 2.02964e-08
-0.0433193 2.02248e-08
-0.0432295 2.01533e-08
-0.0431396 2.00818e-08
-0.0430497 2.00104e-08
-0.0429598 1.9939e-08
-0.04287 1.98677e-08
-0.0427801 1.97966e-08
-0.0426902 1.97256e-08
-0.0426004 1.96548e-08
-0.0425105 1.95842e-08
-0.0424206 1.95139e-08
-0.0423307 1.94439e-08
-0.0422409 1.93743e-08
-0.042151 1.93051e-08
-0.0420611 1.92361e-08
-0.0419712 1.91678e-08
-0.0418814 1.90999e-08
-0.0417915 1.90323e-08
-0.0417016 1.89655e-08
-0.0416117 1.88991e-08
-0.0415219 1.88332e-08
-0.041432 1.87679e-08
-0.0413421 1.87032e-08
-0.0412522 1.86388e-08
-0.0411624 1.8575e-08
-0.0410725 1.85117e-08
-0.0409826 1.84488e-08
-0.0408927 1.83863e-08
-0.0408029 1.83243e-08
-0.040713 1.82625e-08
-0.0406231 1.8201e-08
-0.0405332 1.81399e-08
-0.0404434 1.80789e-08
-0.0403535 1.8018e-08
-0.0402636 1.79573e-08
-0.0401737 1.78966e-08
-0.0400839 1.78359e-08
-0.039994 1.77752e-08
-0.0399041 1.77145e-08
-0.0398143 1.76537e-08
-0.0397244 1.75928e-08
-0.0396345 1.75318e-08
-0.0395446 1.74707e-08
-0.0394548 1.74095e-08
-0.0393649 1.7348e-08
-0.039275 1.72864e-08
-0.0391851 1.72247e-08
-0.0390953 1.71629e-08
-0.0390054 1.71009e-08
-0.0389155 1.70389e-08
-0.0388256 1.69767e-08
-0.0387358 1.69146e-08
-0.0386459 1.68525e-08
-0.038556 1.67903e-08
-0.0384661 1.67282e-08
-0.0383763 1.66661e-08
-0.0382864 1.66041e-08
-0.0381965 1.65422e-08
-0.0381066 1.64805e-08
-0.0380168 1.64188e-08
-0.0379269 1.63574e-08
-0.037837 1.62962e-08
-0.0377471 1.6235e-08
-0.0376573 1.61741e-08
-0.0375674 1.61134e-08
-0.0374775 1.60529e-08
-0.0373876 1.59925e-08
-0.0372978 1.59324e-08
-0.0372079 1.58723e-08
-0.037118 1.58125e-08
-0.0370282 1.57528e-08
-0.0369383 1.56932e-08
-0.0368484 1.56338e-08
-0.0367585 1.55744e-08
-0.0366687 1.55151e-08
-0.0365788 1.54558e-08
-0.0364889 1.53967e-08
-0.036399 1.53375e-08
-0.0363092 1.52784e-08
-0.0362193 1.52194e-08
-0.0361294 1.51603e-08
-0.0360395 1.51013e-08
-0.0359497 1.50423e-08
-0.0358598 1.49834e-08
-0.0357699 1.49245e-08
-0.03568 1.48656e-08
-0.0355902 1.48068e-08
-0.0355003 1.47481e-08
-0.0354104 1.46896e-08
-0.0353205 1.46311e-08
-0.0352307 1.45729e-08
-0.0351408 1.45148e-08
-0.0350509 1.4457e-08
-0.034961 1.43993e-08
-0.0348712 1.43419e-08
-0.0347813 1.42848e-08
-0.0346914 1.42281e-08
-0.0346016 1.41717e-08
-0.0345117 1.41154e-08
-0.0344218 1.40597e-08
-0.0343319 1.40043e-08
-0.0342421 1.39491e-08
-0.0341522 1.38945e-08
-0.0340623 1.38402e-08
-0.0339724 1.37861e-08
-0.0338826 1.37326e-08
-0.0337927 1.36794e-08
-0.0337028 1.36265e-08
-0.0336129 1.35738e-08
-0.0335231 1.35217e-08
-0.0334332 1.34697e-08
-0.0333433 1.34179e-08
-0.0332534 1.33666e-08
-0.0331636 1.33156e-08
-0.0330737 1.32647e-08
-0.0329838 1.32139e-08
-0.0328939 1.31635e-08
-0.0328041 1.31132e-08
-0.0327142 1.3063e-08
-0.0326243 1.3013e-08
-0.0325344 1.29632e-08
-0.0324446 1.29133e-08
-0.0323547 1.28637e-08
-0.0322648 1.28142e-08
-0.0321749 1.27646e-08
-0.0320851 1.27151e-08
-0.0319952 1.26656e-08
-0.0319053 1.26161e-08
-0.0318155 1.25666e-08
-0.0317256 1.25171e-08
-0.0316357 1.24675e-08
-0.0315458 1.24179e-08
-0.031456 1.23682e-08
-0.0313661 1.23185e-08
-0.0312762 1.22687e-08
-0.0311863 1.22187e-08
-0.0310965 1.21687e-08
-0.0310066 1.21187e-08
-0.0309167 1.20684e-08
-0.0308268 1.20181e-08
-0.030737 1.19678e-08
-0.0306471 1.19173e-08
-0.0305572 1.18669e-08
-0.0304673 1.18165e-08
-0.0303775 1.17661e-08
-0.0302876 1.17156e-08
-0.0301977 1.16653e-08
-0.0301078 1.16151e-08
-0.030018 1.1565e-08
-0.0299281 1.15151e-08
-0.0298382 1.14653e-08
-0.0297483 1.14159e-08
-0.0296585 1.13666e-08
-0.0295686 1.13177e-08
-0.0294787 1.12692e-08
-0.0293888 1.12208e-08
-0.029299 1.11728e-08
-0.0292091 1.11252e-08
-0.0291192 1.10779e-08
-0.0290294 1.10309e-08
-0.0289395 1.09843e-08
-0.0288496 1.0938e-08
-0.0287597 1.08921e-08
-0.0286699 1.08464e-08
-0.02858 1.08012e-08
-0.0284901 1.07562e-08
-0.0284002 1.07113e-08
-0.0283104 1.06668e-08
-0.0282205 1.06225e-08
-0.0281306 1.05783e-08
-0.0280407 1.05344e-08
-0.0279509 1.04906e-08
-0.027861 1.04469e-08
-0.0277711 1.04034e-08
-0.0276812 1.03599e-08
-0.0275914 1.03165e-08
-0.0275015 1.02731e-08
-0.0274116 1.02297e-08
-0.0273217 1.01863e-08
-0.0272319 1.01429e-08
-0.027142 1.00995e-08
-0.0270521 1.0056e-08
-0.0269622 1.00125e-08
-0.0268724 9.96892e-09
-0.0267825 9.92531e-09
-0.0266926 9.88161e-09
-0.0266028 9.83776e-09
-0.0265129 9.79393e-09
-0.026423 9.75002e-09
-0.0263331 9.706e-09
-0.0262433 9.66204e-09
-0.0261534 9.61805e-09
-0.0260635 9.57402e-09
-0.0259736 9.5299e-09
-0.0258838 9.48584e-09
-0.0257939 9.44183e-09
-0.025704 9.39776e-09
-0.0256141 9.3538e-09
-0.0255243 9.30986e-09
-0.0254344 9.26589e-09
-0.0253445 9.22204e-09
-0.0252546 9.17823e-09
-0.0251648 9.13446e-09
-0.0250749 9.09062e-09
-0.024985 9.04681e-09
-0.0248951 9.00304e-09
-0.0248053 8.95915e-09
-0.0247154 8.91528e-09
-0.0246255 8.87141e-09
-0.0245356 8.82737e-09
-0.0244458 8.78332e-09
-0.0243559 8.73923e-09
-0.024266 8.69503e-09
-0.0241761 8.65064e-09
-0.0240863 8.60618e-09
-0.0239964 8.56168e-09
-0.0239065 8.517e-09
-0.0238167 8.47227e-09
-0.0237268 8.42754e-09
-0.0236369 8.38264e-09
-0.023547 8.33778e-09
-0.0234572 8.29295e-09
-0.0233673 8.24815e-09
-0.0232774 8.20335e-09
-0.0231875 8.1586e-09
-0.0230977 8.11405e-09
-0.0230078 8.06962e-09
-0.0229179 8.02535e-09
-0.022828 7.98136e-09
-0.0227382 7.93762e-09
-0.0226483 7.89415e-09
-0.0225584 7.851e-09
-0.0224685 7.80834e-09
-0.0223787 7.76593e-09
-0.0222888 7.72379e-09
-0.0221989 7.68229e-09
-0.022109 7.6411e-09
-0.0220192 7.60021e-09
-0.0219293 7.5599e-09
-0.0218394 7.51992e-09
-0.0217495 7.48026e-09
-0.0216597 7.44103e-09
-0.0215698 7.40219e-09
-0.0214799 7.36352e-09
-0.02139 7.32502e-09
-0.0213002 7.28687e-09
-0.0212103 7.24876e-09
-0.0211204 7.21068e-09
-0.0210306 7.17274e-09
-0.0209407 7.13469e-09
-0.0208508 7.09655e-09
-0.0207609 7.05832e-09
-0.0206711 7.01984e-09
-0.0205812 6.98113e-09
-0.0204913 6.94204e-09
-0.0204014 6.90258e-09
-0.0203116 6.86276e-09
-0.0202217 6.82251e-09
-0.0201318 6.78171e-09
-0.0200419 6.74047e-09
-0.0199521 6.69877e-09
-0.0198622 6.65642e-09
-0.0197723 6.61361e-09
-0.0196824 6.57036e-09
-0.0195926 6.52637e-09
-0.0195027 6.48192e-09
-0.0194128 6.43707e-09
-0.0193229 6.3916e-09
-0.0192331 6.34568e-09
-0.0191432 6.29943e-09
-0.0190533 6.25279e-09
-0.0189634 6.20558e-09
-0.0188736 6.15815e-09
-0.0187837 6.11052e-09
-0.0186938 6.06242e-09
-0.018604 6.01423e-09
-0.0185141 5.96595e-09
-0.0184242 5.91741e-09
-0.0183343 5.86887e-09
-0.0182445 5.82034e-09
-0.0181546 5.7718e-09
-0.0180647 5.72328e-09
-0.0179748 5.67484e-09
-0.017885 5.62657e-09
-0.0177951 5.57845e-09
-0.0177052 5.53054e-09
-0.0176153 5.48286e-09
-0.0175255 5.43547e-09
-0.0174356 5.38838e-09
-0.0173457 5.3416e-09
-0.0172558 5.29524e-09
-0.017166 5.24915e-09
-0.0170761 5.20333e-09
-0.0169862 5.158e-09
-0.0168963 5.11299e-09
-0.0168065 5.06828e-09
-0.0167166 5.02399e-09
-0.0166267 4.98004e-09
-0.0165368 4.93637e-09
-0.016447 4.89302e-09
-0.0163571 4.85005e-09
-0.0162672 4.80722e-09
-0.0161773 4.76452e-09
-0.0160875 4.72216e-09
-0.0159976 4.67986e-09
-0.0159077 4.63762e-09
-0.0158179 4.59555e-09
-0.015728 4.55339e-09
-0.0156381 4.51122e-09
-0.0155482 4.46907e-09
-0.0154584 4.42677e-09
-0.0153685 4.38431e-09
-0.0152786 4.34165e-09
-0.0151887 4.29879e-09
-0.0150989 4.25566e-09
-0.015009 4.21228e-09
-0.0149191 4.1686e-09
-0.0148292 4.12457e-09
-0.0147394 4.08026e-09
-0.0146495 4.03566e-09
-0.0145596 3.9907e-09
-0.0144697 3.94547e-09
-0.0143799 3.89984e-09
-0.01429 3.85395e-09
-0.0142001 3.80782e-09
-0.0141102 3.76141e-09
-0.0140204 3.7148e-09
-0.0139305 3.66803e-09
-0.0138406 3.62108e-09
-0.0137507 3.57412e-09
-0.0136609 3.52713e-09
-0.013571 3.48012e-09
-0.0134811 3.43308e-09
-0.0133912 3.38623e-09
-0.0133014 3.3395e-09
-0.0132115 3.29291e-09
-0.0131216 3.2467e-09
-0.0130318 3.20077e-09
-0.0129419 3.15515e-09
-0.012852 3.10999e-09
-0.0127621 3.06523e-09
-0.0126723 3.02089e-09
-0.0125824 2.9772e-09
-0.0124925 2.93405e-09
-0.0124026 2.89139e-09
-0.0123128 2.84941e-09
-0.0122229 2.80814e-09
-0.012133 2.76741e-09
-0.0120431 2.7274e-09
-0.0119533 2.68806e-09
-0.0118634 2.64925e-09
-0.0117735 2.61112e-09
-0.0116836 2.5737e-09
-0.0115938 2.53679e-09
-0.0115039 2.5004e-09
-0.011414 2.46467e-09
-0.0113241 2.42937e-09
-0.0112343 2.39448e-09
-0.0111444 2.36011e-09
-0.0110545 2.326e-09
-0.0109646 2.29213e-09
-0.0108748 2.25862e-09
-0.0107849 2.22524e-09
-0.010695 2.19199e-09
-0.0106052 2.15892e-09
-0.0105153 2.12581e-09
-0.0104254 2.09273e-09
-0.0103355 2.05971e-09
-0.0102457 2.0266e-09
-0.0101558 1.99336e-09
-0.0100659 1.95999e-09
-0.00997603 1.92654e-09
-0.00988616 1.8929e-09
-0.00979628 1.85911e-09
-0.00970641 1.82521e-09
-0.00961653 1.79107e-09
-0.00952666 1.75682e-09
-0.00943679 1.72249e-09
-0.00934691 1.68799e-09
-0.00925704 1.65336e-09
-0.00916716 1.61859e-09
-0.00907729 1.58385e-09
-0.00898742 1.54903e-09
-0.00889754 1.51417e-09
-0.00880767 1.47945e-09
-0.00871779 1.44474e-09
-0.00862792 1.4101e-09
-0.00853805 1.37572e-09
-0.00844817 1.34157e-09
-0.0083583 1.30759e-09
-0.00826842 1.27381e-09
-0.00817855 1.24053e-09
-0.00808867 1.20752e-09
-0.0079988 1.1748e-09
-0.00790893 1.1428e-09
-0.00781905 1.11116e-09
-0.00772918 1.07988e-09
-0.0076393 1.04943e-09
-0.00754943 1.01951e-09
-0.00745956 9.90044e-10
-0.00736968 9.61226e-10
-0.00727981 9.33154e-10
-0.00718993 9.05599e-10
-0.00710006 8.78648e-10
-0.00701018 8.52558e-10
-0.00692031 8.26971e-10
-0.00683044 8.0191e-10
-0.00674056 7.77783e-10
-0.00665069 7.54171e-10
-0.00656081 7.31059e-10
-0.00647094 7.08637e-10
-0.00638107 6.86782e-10
-0.00629119 6.65404e-10
-0.00620132 6.44575e-10
-0.00611144 6.24332e-10
-0.00602157 6.04507e-10
-0.00593169 5.85178e-10
-0.00584182 5.66276e-10
-0.00575195 5.47726e-10
-0.00566207 5.29616e-10
-0.0055722 5.11927e-10
-0.00548232 4.94578e-10
-0.00539245 4.77579e-10
-0.00530258 4.60992e-10
-0.0052127 4.44756e-10
-0.00512283 4.28841e-10
-0.00503295 4.13373e-10
-0.00494308 3.98172e-10
-0.0048532 3.83244e-10
-0.00476333 3.68783e-10
-0.00467346 3.54652e-10
-0.00458358 3.40824e-10
-0.00449371 3.27401e-10
-0.00440383 3.14337e-10
-0.00431396 3.01592e-10
-0.00422409 2.89186e-10
-0.00413421 2.77261e-10
-0.00404434 2.6555e-10
-0.00395446 2.54068e-10
-0.00386459 2.43077e-10
-0.00377471 2.32303e-10
-0.00368484 2.21745e-10
-0.00359497 2.11569e-10
-0.00350509 2.01621e-10
-0.00341522 1.91886e-10
-0.00332534 1.82455e-10
-0.00323547 1.7331e-10
-0.0031456 1.64297e-10
-0.00305572 1.55405e-10
-0.00296585 1.46923e-10
-0.00287597 1.38548e-10
-0.0027861 1.30301e-10
-0.00269622 1.22419e-10
-0.00260635 1.14679e-10
-0.00251648 1.071e-10
-0.0024266 9.98489e-11
-0.00233673 9.28669e-11
-0.00224685 8.60466e-11
-0.00215698 7.93937e-11
-0.00206711 7.31736e-11
-0.00197723 6.71532e-11
-0.00188736 6.13163e-11
-0.00179748 5.59663e-11
-0.00170761 5.08236e-11
-0.00161773 4.58999e-11
-0.00152786 4.14883e-11
-0.00143799 3.74163e-11
-0.00134811 3.36094e-11
-0.00125824 3.01029e-11
-0.00116836 2.70802e-11
-0.00107849 2.43562e-11
-0.000988616 2.19431e-11
-0.000898742 2.01033e-11
-0.000808867 1.85451e-11
-0.000718993 1.72537e-11
-0.000629119 1.66154e-11
-0.000539245 1.63091e-11
-0.000449371 1.63234e-11
-0.000359497 1.67803e-11
-0.000269622 1.76684e-11
-0.000179748 1.89041e-11
-8.98742e-05 2.0526e-11
0 2.25692e-11
8.98742e-05 2.49804e-11
0.000179748 2.79323e-11
0.000269622 3.11687e-11
0.000359497 3.46431e-11
0.000449371 3.84061e-11
0.000539245 4.28183e-11
0.000629119 4.73879e-11
0.000718993 5.20926e-11
0.000808867 5.71611e-11
0.000898742 6.24432e-11
0.000988616 6.79442e-11
0.00107849 7.38665e-11
0.00116836 7.98526e-11
0.00125824 8.59232e-11
0.00134811 9.21594e-11
0.00143799 9.87417e-11
0.00152786 1.054e-10
0.00161773 1.12052e-10
0.00170761 1.18873e-10
0.00179748 1.25795e-10
0.00188736 1.3282e-10
0.00197723 1.40196e-10
0.00206711 1.47572e-10
0.00215698 1.54971e-10
0.00224685 1.62504e-10
0.00233673 1.70313e-10
0.0024266 1.78244e-10
0.00251648 1.86163e-10
0.00260635 1.94241e-10
0.00269622 2.02439e-10
0.0027861 2.10786e-10
0.00287597 2.19492e-10
0.00296585 2.28243e-10
0.00305572 2.37003e-10
0.0031456 2.46011e-10
0.00323547 2.55249e-10
0.00332534 2.64671e-10
0.00341522 2.74137e-10
0.00350509 2.83766e-10
0.00359497 2.93576e-10
0.00368484 3.03731e-10
0.00377471 3.13933e-10
0.00386459 3.24245e-10
0.00395446 3.34755e-10
0.00404434 3.4553e-10
0.00413421 3.56563e-10
0.00422409 3.6788e-10
0.00431396 3.79342e-10
0.00440383 3.91005e-10
0.00449371 4.02892e-10
0.00458358 4.15311e-10
0.00467346 4.27865e-10
0.00476333 4.40584e-10
0.0048532 4.53656e-10
0.00494308 4.67078e-10
0.00503295 4.80824e-10
0.00512283 4.95042e-10
0.0052127 5.09535e-10
0.00530258 5.24291e-10
0.00539245 5.39351e-10
0.00548232 5.55147e-10
0.0055722 5.71159e-10
0.00566207 5.87392e-10
0.00575195 6.04147e-10
0.00584182 6.21272e-10
0.00593169 6.38756e-10
0.00602157 6.56877e-10
0.00611144 6.75292e-10
0.00620132 6.93984e-10
0.00629119 7.13097e-10
0.00638107 7.32883e-10
0.00647094 7.52952e-10
0.00656081 7.73265e-10
0.00665069 7.94141e-10
0.00674056 8.15354e-10
0.00683044 8.36916e-10
0.00692031 8.59228e-10
0.00701018 8.81791e-10
0.00710006 9.04612e-10
0.00718993 9.2794e-10
0.00727981 9.51851e-10
0.00736968 9.76112e-10
0.00745956 1.0007e-09
0.00754943 1.02581e-09
0.0076393 1.05128e-09
0.00772918 1.07714e-09
0.00781905 1.10379e-09
0.00790893 1.13073e-09
0.0079988 1.15795e-09
0.00808867 1.18581e-09
0.00817855 1.21418e-09
0.00826842 1.24297e-09
0.0083583 1.27215e-09
0.00844817 1.30179e-09
0.00853805 1.33179e-09
0.00862792 1.36226e-09
0.00871779 1.39339e-09
0.00880767 1.4248e-09
0.00889754 1.45645e-09
0.00898742 1.48858e-09
0.00907729 1.52108e-09
0.00916716 1.55395e-09
0.00925704 1.58704e-09
0.00934691 1.62033e-09
0.00943679 1.65382e-09
0.00952666 1.68758e-09
0.00961653 1.72164e-09
0.00970641 1.75584e-09
0.00979628 1.79002e-09
0.00988616 1.8243e-09
0.00997603 1.8587e-09
0.0100659 1.89329e-09
0.0101558 1.92775e-09
0.0102457 1.96219e-09
0.0103355 1.99663e-09
0.0104254 2.03112e-09
0.0105153 2.06571e-09
0.0106052 2.10037e-09
0.010695 2.13488e-09
0.0107849 2.16944e-09
0.0108748 2.20409e-09
0.0109646 2.23898e-09
0.0110545 2.27386e-09
0.0111444 2.30882e-09
0.0112343 2.34393e-09
0.0113241 2.37933e-09
0.011414 2.41504e-09
0.0115039 2.45108e-09
0.0115938 2.48742e-09
0.0116836 2.52408e-09
0.0117735 2.5611e-09
0.0118634 2.59889e-09
0.0119533 2.63703e-09
0.0120431 2.67552e-09
0.012133 2.71467e-09
0.0122229 2.75447e-09
0.0123128 2.79481e-09
0.0124026 2.83592e-09
0.0124925 2.87764e-09
0.0125824 2.91985e-09
0.0126723 2.96261e-09
0.0127621 3.00643e-09
0.012852 3.05065e-09
0.0129419 3.09525e-09
0.0130318 3.1406e-09
0.0131216 3.18643e-09
0.0132115 3.23269e-09
0.0133014 3.27964e-09
0.0133912 3.32686e-09
0.0134811 3.37429e-09
0.013571 3.42202e-09
0.0136609 3.47019e-09
0.0137507 3.51844e-09
0.0138406 3.56668e-09
0.0139305 3.61498e-09
0.0140204 3.66327e-09
0.0141102 3.71153e-09
0.0142001 3.75984e-09
0.01429 3.80789e-09
0.0143799 3.85571e-09
0.0144697 3.90328e-09
0.0145596 3.95074e-09
0.0146495 3.99802e-09
0.0147394 4.04487e-09
0.0148292 4.09142e-09
0.0149191 4.13777e-09
0.015009 4.1839e-09
0.0150989 4.22994e-09
0.0151887 4.27578e-09
0.0152786 4.32139e-09
0.0153685 4.36681e-09
0.0154584 4.41232e-09
0.0155482 4.45784e-09
0.0156381 4.50319e-09
0.015728 4.54861e-09
0.0158179 4.5941e-09
0.0159077 4.6397e-09
0.0159976 4.68567e-09
0.0160875 4.73176e-09
0.0161773 4.77792e-09
0.0162672 4.82437e-09
0.0163571 4.87112e-09
0.016447 4.91816e-09
0.0165368 4.96537e-09
0.0166267 5.0128e-09
0.0167166 5.06045e-09
0.0168065 5.10855e-09
0.0168963 5.15672e-09
0.0169862 5.20496e-09
0.0170761 5.25338e-09
0.017166 5.30194e-09
0.0172558 5.35064e-09
0.0173457 5.39951e-09
0.0174356 5.44822e-09
0.0175255 5.49689e-09
0.0176153 5.54552e-09
0.0177052 5.59422e-09
0.0177951 5.64271e-09
0.017885 5.69099e-09
0.0179748 5.73902e-09
0.0180647 5.78685e-09
0.0181546 5.83454e-09
0.0182445 5.88211e-09
0.0183343 5.92922e-09
0.0184242 5.97606e-09
0.0185141 6.02261e-09
0.018604 6.06897e-09
0.0186938 6.11502e-09
0.0187837 6.1607e-09
0.0188736 6.20593e-09
0.0189634 6.2509e-09
0.0190533 6.29564e-09
0.0191432 6.34014e-09
0.0192331 6.38422e-09
0.0193229 6.42797e-09
0.0194128 6.47135e-09
0.0195027 6.51455e-09
0.0195926 6.5575e-09
0.0196824 6.60002e-09
0.0197723 6.64217e-09
0.0198622 6.68411e-09
0.0199521 6.72581e-09
0.0200419 6.76736e-09
0.0201318 6.8086e-09
0.0202217 6.84956e-09
0.0203116 6.89025e-09
0.0204014 6.93087e-09
0.0204913 6.97139e-09
0.0205812 7.01155e-09
0.0206711 7.05156e-09
0.0207609 7.09147e-09
0.0208508 7.13128e-09
0.0209407 7.17114e-09
0.0210306 7.21091e-09
0.0211204 7.25054e-09
0.0212103 7.29012e-09
0.0213002 7.32982e-09
0.02139 7.36962e-09
0.0214799 7.40929e-09
0.0215698 7.44904e-09
0.0216597 7.48888e-09
0.0217495 7.52883e-09
0.0218394 7.56907e-09
0.0219293 7.60945e-09
0.0220192 7.64985e-09
0.022109 7.69049e-09
0.0221989 7.73136e-09
0.0222888 7.77254e-09
0.0223787 7.81386e-09
0.0224685 7.85535e-09
0.0225584 7.89703e-09
0.0226483 7.93905e-09
0.0227382 7.9814e-09
0.022828 8.02402e-09
0.0229179 8.06677e-09
0.0230078 8.10976e-09
0.0230977 8.15297e-09
0.0231875 8.19657e-09
0.0232774 8.24027e-09
0.0233673 8.28408e-09
0.0234572 8.32807e-09
0.023547 8.37226e-09
0.0236369 8.41665e-09
0.0237268 8.46125e-09
0.0238167 8.50577e-09
0.0239065 8.55033e-09
0.0239964 8.59494e-09
0.0240863 8.63975e-09
0.0241761 8.68439e-09
0.024266 8.72893e-09
0.0243559 8.77339e-09
0.0244458 8.81773e-09
0.0245356 8.86206e-09
0.0246255 8.9064e-09
0.0247154 8.95038e-09
0.0248053 8.99419e-09
0.0248951 9.03787e-09
0.024985 9.08148e-09
0.0250749 9.12482e-09
0.0251648 9.16791e-09
0.0252546 9.21072e-09
0.0253445 9.25332e-09
0.0254344 9.29579e-09
0.0255243 9.33817e-09
0.0256141 9.38014e-09
0.025704 9.42187e-09
0.0257939 9.46337e-09
0.0258838 9.50476e-09
0.0259736 9.54591e-09
0.0260635 9.58677e-09
0.0261534 9.62731e-09
0.0262433 9.66769e-09
0.0263331 9.70794e-09
0.026423 9.74813e-09
0.0265129 9.78804e-09
0.0266028 9.82775e-09
0.0266926 9.86731e-09
0.0267825 9.9069e-09
0.0268724 9.94639e-09
0.0269622 9.98565e-09
0.0270521 1.00248e-08
0.027142 1.0064e-08
0.0272319 1.01031e-08
0.0273217 1.01424e-08
0.0274116 1.01817e-08
0.0275015 1.02209e-08
0.0275914 1.02601e-08
0.0276812 1.02995e-08
0.0277711 1.03389e-08
0.027861 1.03784e-08
0.0279509 1.04179e-08
0.0280407 1.04575e-08
0.0281306 1.04972e-08
0.0282205 1.05373e-08
0.0283104 1.05774e-08
0.0284002 1.06175e-08
0.0284901 1.06579e-08
0.02858 1.06985e-08
0.0286699 1.07393e-08
0.0287597 1.07803e-08
0.0288496 1.08215e-08
0.0289395 1.0863e-08
0.0290294 1.09048e-08
0.0291192 1.09472e-08
0.0292091 1.09899e-08
0.029299 1.1033e-08
0.0293888 1.10766e-08
0.0294787 1.11207e-08
0.0295686 1.11656e-08
0.0296585 1.12111e-08
0.0297483 1.12571e-08
0.0298382 1.13037e-08
0.0299281 1.13514e-08
0.030018 1.13999e-08
0.0301078 1.14491e-08
0.0301977 1.14992e-08
0.0302876 1.15502e-08
0.0303775 1.16019e-08
0.0304673 1.16547e-08
0.0305572 1.17083e-08
0.0306471 1.17625e-08
0.030737 1.18174e-08
0.0308268 1.18736e-08
0.0309167 1.19302e-08
0.0310066 1.19872e-08
0.0310965 1.20451e-08
0.0311863 1.21033e-08
0.0312762 1.2162e-08
0.0313661 1.22213e-08
0.031456 1.22808e-08
0.0315458 1.23405e-08
0.0316357 1.24003e-08
0.0317256 1.24604e-08
0.0318155 1.25205e-08
0.0319053 1.25805e-08
0.0319952 1.26404e-08
0.0320851 1.27003e-08
0.0321749 1.276e-08
0.0322648 1.28198e-08
0.0323547 1.28793e-08
0.0324446 1.29385e-08
0.0325344 1.29975e-08
0.0326243 1.30564e-08
0.0327142 1.31151e-08
0.0328041 1.31734e-08
0.0328939 1.32315e-08
0.0329838 1.32894e-08
0.0330737 1.3347e-08
0.0331636 1.34046e-08
0.0332534 1.34619e-08
0.0333433 1.35189e-08
0.0334332 1.35756e-08
0.0335231 1.36322e-08
0.0336129 1.36887e-08
0.0337028 1.37448e-08
0.0337927 1.38007e-08
0.0338826 1.38565e-08
0.0339724 1.3912e-08
0.0340623 1.39675e-08
0.0341522 1.40228e-08
0.0342421 1.40778e-08
0.0343319 1.41326e-08
0.0344218 1.41874e-08
0.0345117 1.42422e-08
0.0346016 1.42966e-08
0.0346914 1.4351e-08
0.0347813 1.44053e-08
0.0348712 1.44595e-08
0.034961 1.45138e-08
0.0350509 1.45682e-08
0.0351408 1.46223e-08
0.0352307 1.46765e-08
0.0353205 1.47309e-08
0.0354104 1.47854e-08
0.0355003 1.48398e-08
0.0355902 1.48944e-08
0.03568 1.4949e-08
0.0357699 1.50038e-08
0.0358598 1.50589e-08
0.0359497 1.51142e-08
0.0360395 1.51696e-08
0.0361294 1.52252e-08
0.0362193 1.52809e-08
0.0363092 1.5337e-08
0.036399 1.53932e-08
0.0364889 1.54495e-08
0.0365788 1.5506e-08
0.0366687 1.55627e-08
0.0367585 1.56196e-08
0.0368484 1.56767e-08
0.0369383 1.57338e-08
0.0370282 1.57909e-08
0.037118 1.58481e-08
0.0372079 1.59056e-08
0.0372978 1.59631e-08
0.0373876 1.60204e-08
0.0374775 1.60778e-08
0.0375674 1.61352e-08
0.0376573 1.61926e-08
0.0377471 1.62502e-08
0.037837 1.63076e-08
0.0379269 1.63649e-08
0.0380168 1.64222e-08
0.0381066 1.64797e-08
0.0381965 1.65372e-08
0.0382864 1.65945e-08
0.0383763 1.66519e-08
0.0384661 1.67094e-08
0.038556 1.67669e-08
0.0386459 1.68248e-08
0.0387358 1.68828e-08
0.0388256 1.69407e-08
0.0389155 1.6999e-08
0.0390054 1.70576e-08
0.0390953 1.71165e-08
0.0391851 1.71755e-08
0.039275 1.7235e-08
0.0393649 1.72947e-08
0.0394548 1.73548e-08
0.0395446 1.74157e-08
0.0396345 1.74768e-08
0.0397244 1.75382e-08
0.0398143 1.76003e-08
0.0399041 1.7663e-08
0.039994 1.7726e-08
0.0400839 1.77896e-08
0.0401737 1.78536e-08
0.0402636 1.79181e-08
0.0403535 1.79831e-08
0.0404434 1.80488e-08
0.0405332 1.8115e-08
0.0406231 1.81813e-08
0.040713 1.82484e-08
0.0408029 1.83159e-08
0.0408927 1.83837e-08
0.0409826 1.8452e-08
0.0410725 1.85205e-08
0.0411624 1.85894e-08
0.0412522 1.86586e-08
0.0413421 1.87282e-08
0.041432 1.87981e-08
0.0415219 1.8868e-08
0.0416117 1.89382e-08
0.0417016 1.90085e-08
0.0417915 1.90792e-08
0.0418814 1.91497e-08
0.0419712 1.92204e-08
0.0420611 1.92911e-08
0.042151 1.93618e-08
0.0422409 1.94327e-08
0.0423307 1.95036e-08
0.0424206 1.95743e-08
0.0425105 1.9645e-08
0.0426004 1.97157e-08
0.0426902 1.97864e-08
0.0427801 1.98569e-08
0.04287 1.99274e-08
0.0429598 1.99977e-08
0.0430497 2.00679e-08
0.0431396 2.01381e-08
0.0432295 2.02083e-08
0.0433193 2.02781e-08
0.0434092 2.03479e-08
0.0434991 2.04176e-08
0.043589 2.04873e-08
0.0436788 2.05568e-08
0.0437687 2.06261e-08
0.0438586 2.06952e-08
0.0439485 2.07644e-08
0.0440383 2.08335e-08
0.0441282 2.09023e-08
0.0442181 2.0971e-08
0.044308 2.10395e-08
0.0443978 2.1108e-08
0.0444877 2.11766e-08
0.0445776 2.12449e-08
0.0446675 2.1313e-08
0.0447573 2.13811e-08
0.0448472 2.14491e-08
0.0449371 2.15172e-08
0.045027 2.1585e-08
0.0451168 2.16528e-08
0.0452067 2.17205e-08
0.0452966 2.17882e-08
0.0453865 2.18562e-08
0.0454763 2.1924e-08
0.0455662 2.19919e-08
0.0456561 2.20598e-08
0.0457459 2.2128e-08
0.0458358 2.21963e-08
0.0459257 2.22646e-08
0.0460156 2.23332e-08
0.0461054 2.2402e-08
0.0461953 2.2471e-08
0.0462852 2.25405e-08
0.0463751 2.26102e-08
0.0464649 2.26801e-08
0.0465548 2.27505e-08
0.0466447 2.28213e-08
0.0467346 2.28925e-08
0.0468244 2.29642e-08
0.0469143 2.30362e-08
0.0470042 2.31085e-08
0.0470941 2.31816e-08
0.0471839 2.32552e-08
0.0472738 2.33292e-08
0.0473637 2.34037e-08
0.0474536 2.34788e-08
0.0475434 2.35544e-08
0.0476333 2.36307e-08
0.0477232 2.37075e-08
0.0478131 2.37847e-08
0.0479029 2.38623e-08
0.0479928 2.39407e-08
0.0480827 2.40196e-08
0.0481725 2.40989e-08
0.0482624 2.41787e-08
0.0483523 2.42588e-08
0.0484422 2.43393e-08
0.048532 2.44204e-08
0.0486219 2.45017e-08
0.0487118 2.45831e-08
0.0488017 2.46649e-08
0.0488915 2.47469e-08
0.0489814 2.48291e-08
0.0490713 2.49116e-08
0.0491612 2.49942e-08
0.049251 2.50767e-08
0.0493409 2.51594e-08
0.0494308 2.52424e-08
0.0495207 2.53253e-08
0.0496105 2.54082e-08
0.0497004 2.54911e-08
0.0497903 2.55741e-08
0.0498802 2.56571e-08
0.04997 2.57404e-08
0.0500599 2.58235e-08
0.0501498 2.59066e-08
0.0502397 2.59897e-08
0.0503295 2.60731e-08
0.0504194 2.61564e-08
0.0505093 2.62396e-08
0.0505992 2.63229e-08
0.050689 2.64062e-08
0.0507789 2.64896e-08
0.0508688 2.65731e-08
0.0509586 2.66566e-08
0.0510485 2.67399e-08
0.0511384 2.68233e-08
0.0512283 2.69069e-08
0.0513181 2.69904e-08
0.051408 2.70738e-08
0.0514979 2.71571e-08
0.0515878 2.72405e-08
0.0516776 2.73239e-08
0.0517675 2.74075e-08
0.0518574 2.7491e-08
0.0519473 2.75744e-08
0.0520371 2.76579e-08
0.052127 2.77416e-08
0.0522169 2.78253e-08
0.0523068 2.79091e-08
0.0523966 2.79929e-08
0.0524865 2.8077e-08
0.0525764 2.81611e-08
0.0526663 2.82458e-08
0.0527561 2.83305e-08
0.052846 2.84154e-08
0.0529359 2.85006e-08
0.0530258 2.85863e-08
0.0531156 2.86723e-08
0.0532055 2.87585e-08
0.0532954 2.88451e-08
0.0533853 2.89321e-08
0.0534751 2.90195e-08
0.053565 2.91075e-08
0.0536549 2.91959e-08
0.0537447 2.92845e-08
0.0538346 2.93737e-08
0.0539245 2.94634e-08
0.0540144 2.95535e-08
0.0541042 2.9644e-08
0.0541941 2.97348e-08
0.054284 2.9826e-08
0.0543739 2.99177e-08
0.0544637 3.00099e-08
0.0545536 3.01024e-08
0.0546435 3.01952e-08
0.0547334 3.02883e-08
0.0548232 3.03818e-08
0.0549131 3.04756e-08
0.055003 3.05696e-08
0.0550929 3.06638e-08
0.0551827 3.07582e-08
0.0552726 3.08528e-08
0.0553625 3.09476e-08
0.0554524 3.10427e-08
0.0555422 3.11377e-08
0.0556321 3.12328e-08
0.055722 3.13279e-08
0.0558119 3.14233e-08
0.0559017 3.15185e-08
0.0559916 3.16136e-08
0.0560815 3.17087e-08
0.0561713 3.18037e-08
0.0562612 3.18987e-08
0.0563511 3.19937e-08
0.056441 3.20884e-08
0.0565308 3.21829e-08
0.0566207 3.22773e-08
0.0567106 3.23716e-08
0.0568005 3.24657e-08
0.0568903 3.25595e-08
0.0569802 3.26532e-08
0.0570701 3.27468e-08
0.05716 3.28403e-08
0.0572498 3.29336e-08
0.0573397 3.30267e-08
0.0574296 3.31198e-08
0.0575195 3.32128e-08
0.0576093 3.3306e-08
0.0576992 3.33992e-08
0.0577891 3.34923e-08
0.057879 3.35855e-08
0.0579688 3.36789e-08
0.0580587 3.37725e-08
0.0581486 3.38661e-08
0.0582385 3.396e-08
0.0583283 3.40541e-08
0.0584182 3.41485e-08
0.0585081 3.42434e-08
0.058598 3.43385e-08
0.0586878 3.44338e-08
0.0587777 3.45296e-08
0.0588676 3.46258e-08
0.0589574 3.47224e-08
0.0590473 3.48194e-08
0.0591372 3.49168e-08
0.0592271 3.50144e-08
0.0593169 3.51126e-08
0.0594068 3.52114e-08
0.0594967 3.53104e-08
0.0595866 3.54097e-08
0.0596764 3.55095e-08
0.0597663 3.56096e-08
0.0598562 3.57101e-08
0.0599461 3.58109e-08
0.0600359 3.59119e-08
0.0601258 3.60131e-08
0.0602157 3.61147e-08
0.0603056 3.62166e-08
0.0603954 3.63187e-08
0.0604853 3.64208e-08
0.0605752 3.65232e-08
0.0606651 3.66257e-08
0.0607549 3.67285e-08
0.0608448 3.68314e-08
0.0609347 3.69343e-08
0.0610246 3.70373e-08
0.0611144 3.71406e-08
0.0612043 3.72441e-08
0.0612942 3.73478e-08
0.0613841 3.74517e-08
0.0614739 3.75557e-08
0.0615638 3.766e-08
0.0616537 3.77649e-08
0.0617435 3.787e-08
0.0618334 3.79753e-08
0.0619233 3.80811e-08
0.0620132 3.81875e-08
0.062103 3.82943e-08
0.0621929 3.84017e-08
0.0622828 3.85097e-08
0.0623727 3.86182e-08
0.0624625 3.87272e-08
0.0625524 3.88373e-08
0.0626423 3.89478e-08
0.0627322 3.90587e-08
0.062822 3.91704e-08
0.0629119 3.92827e-08
0.0630018 3.93956e-08
0.0630917 3.95093e-08
0.0631815 3.96234e-08
0.0632714 3.97379e-08
0.0633613 3.9853e-08
0.0634512 3.99688e-08
0.063541 4.00848e-08
0.0636309 4.02011e-08
0.0637208 4.03179e-08
0.0638107 4.04349e-08
0.0639005 4.05522e-08
0.0639904 4.06699e-08
0.0640803 4.07878e-08
0.0641701 4.09057e-08
0.06426 4.10239e-08
0.0643499 4.11423e-08
0.0644398 4.12608e-08
0.0645296 4.13793e-08
0.0646195 4.14979e-08
0.0647094 4.16165e-08
0.0647993 4.17352e-08
0.0648891 4.18541e-08
0.064979 4.19731e-08
0.0650689 4.2092e-08
0.0651588 4.22109e-08
0.0652486 4.23301e-08
0.0653385 4.24494e-08
0.0654284 4.25686e-08
0.0655183 4.2688e-08
0.0656081 4.28076e-08
0.065698 4.29273e-08
0.0657879 4.30474e-08
0.0658778 4.31678e-08
0.0659676 4.32882e-08
0.0660575 4.34091e-08
0.0661474 4.35304e-08
0.0662373 4.36521e-08
0.0663271 4.37743e-08
0.066417 4.38969e-08
0.0665069 4.402e-08
0.0665968 4.41437e-08
0.0666866 4.42683e-08
0.0667765 4.43934e-08
0.0668664 4.45191e-08
0.0669562 4.46458e-08
0.0670461 4.47731e-08
0.067136 4.49014e-08
0.0672259 4.50306e-08
0.0673157 4.51606e-08
0.0674056 4.52912e-08
0.0674955 4.54233e-08
0.0675854 4.55563e-08
0.0676752 4.56901e-08
0.0677651 4.5825e-08
0.067855 4.59609e-08
0.0679449 4.60976e-08
0.0680347 4.62355e-08
0.0681246 4.63744e-08
0.0682145 4.6514e-08
0.0683044 4.66546e-08
0.0683942 4.67962e-08
0.0684841 4.69387e-08
0.068574 4.7082e-08
0.0686639 4.72263e-08
0.0687537 4.73711e-08
0.0688436 4.75166e-08
0.0689335 4.76633e-08
0.0690234 4.78104e-08
0.0691132 4.7958e-08
0.0692031 4.81062e-08
0.069293 4.82552e-08
0.0693829 4.84045e-08
0.0694727 4.85546e-08
0.0695626 4.8705e-08
0.0696525 4.88558e-08
0.0697423 4.90069e-08
0.0698322 4.91587e-08
0.0699221 4.93106e-08
0.070012 4.94624e-08
0.0701018 4.96142e-08
0.0701917 4.9766e-08
0.0702816 4.99179e-08
0.0703715 5.00697e-08
0.0704613 5.02215e-08
0.0705512 5.03733e-08
0.0706411 5.05252e-08
0.070731 5.0677e-08
0.0708208 5.08288e-08
0.0709107 5.09807e-08
0.0710006 5.11325e-08
0.0710905 5.12843e-08
0.0711803 5.14361e-08
0.0712702 5.1588e-08
0.0713601 5.17398e-08
0.07145 5.18916e-08
0.0715398 5.20434e-08
0.0716297 5.21953e-08
0.0717196 5.23471e-08
0.0718095 5.24989e-08
0.0718993 5.26508e-08
0.0719892 5.28026e-08
0.0720791 5.29544e-08
0.0721689 5.31062e-08
0.0722588 5.32581e-08
0.0723487 5.34099e-08
0.0724386 5.35617e-08
0.0725284 5.37136e-08
0.0726183 5.38654e-08
0.0727082 5.40172e-08
0.0727981 5.4169e-08
0.0728879 5.43209e-08
0.0729778 5.44727e-08
0.0730677 5.46245e-08
0.0731576 5.47763e-08
0.0732474 5.49282e-08
0.0733373 5.508e-08
0.0734272 5.52318e-08
0.0735171 5.53837e-08
0.0736069 5.55355e-08
0.0736968 5.56873e-08
0.0737867 5.58391e-08
0.0738766 5.5991e-08
0.0739664 5.61428e-08
0.0740563 5.62946e-08
0.0741462 5.64464e-08
0.0742361 5.65983e-08
0.0743259 5.67501e-08
0.0744158 5.69019e-08
0.0745057 5.70538e-08
0.0745956 5.72056e-08
0.0746854 5.73574e-08
0.0747753 5.75092e-08
0.0748652 5.76611e-08
0.074955 5.78129e-08
0.0750449 5.79647e-08
0.0751348 5.81165e-08
0.0752247 5.82684e-08
0.0753145 5.84202e-08
0.0754044 5.8572e-08
0.0754943 5.87239e-08
0.0755842 5.88757e-08
0.075674 5.90275e-08
0.0757639 5.91793e-08
0.0758538 5.93312e-08
0.0759437 5.9483e-08
0.0760335 5.96348e-08
0.0761234 5.97867e-08
0.0762133 5.99385e-08
0.0763032 6.00903e-08
0.076393 6.02421e-08
0.0764829 6.0394e-08
0.0765728 6.05458e-08
0.0766627 6.06976e-08
0.0767525 6.08494e-08
0.0768424 6.10013e-08
0.0769323 6.11531e-08
0.0770222 6.13049e-08
0.077112 6.14568e-08
0.0772019 6.16086e-08
0.0772918 6.17604e-08
0.0773817 6.19122e-08
0.0774715 6.20641e-08
0.0775614 6.22159e-08
0.0776513 6.23677e-08
0.0777411 6.25195e-08
0.077831 6.26714e-08
0.0779209 6.28232e-08
0.0780108 6.2975e-08
0.0781006 6.31269e-08
0.0781905 6.32787e-08
0.0782804 6.34305e-08
0.0783703 6.35823e-08
0.0784601 6.37342e-08
0.07855 6.3886e-08
0.0786399 6.40378e-08
0.0787298 6.41897e-08
0.0788196 6.43415e-08
0.0789095 6.44933e-08
0.0789994 6.46451e-08
0.0790893 6.4797e-08
0.0791791 6.49488e-08
0.079269 6.51006e-08
0.0793589 6.52524e-08
0.0794488 6.54043e-08
0.0795386 6.55561e-08
0.0796285 6.57079e-08
0.0797184 6.58598e-08
0.0798083 6.60116e-08
0.0798981 6.61634e-08
0.079988 6.63152e-08
0.0800779 6.64671e-08
0.0801677 6.66189e-08
0.0802576 6.67707e-08
0.0803475 6.69225e-08
0.0804374 6.70744e-08
0.0805272 6.72262e-08
0.0806171 6.7378e-08
0.080707 6.75299e-08
0.0807969 6.76817e-08
0.0808867 6.78335e-08
0.0809766 6.79853e-08
0.0810665 6.81372e-08
0.0811564 6.8289e-08
0.0812462 6.84408e-08
0.0813361 6.85926e-08
0.081426 6.87445e-08
0.0815159 6.88963e-08
0.0816057 6.90481e-08
0.0816956 6.92e-08
0.0817855 6.93518e-08
0.0818754 6.95036e-08
0.0819652 6.96554e-08
0.0820551 6.98073e-08
0.082145 6.99591e-08
0.0822349 7.01109e-08
0.0823247 7.02628e-08
0.0824146 7.04146e-08
0.0825045 7.05664e-08
0.0825944 7.07182e-08
0.0826842 7.08701e-08
0.0827741 7.10219e-08
0.082864 7.11737e-08
0.0829538 7.13255e-08
0.0830437 7.14774e-08
0.0831336 7.16292e-08
0.0832235 7.1781e-08
0.0833133 7.19329e-08
0.0834032 7.20847e-08
0.0834931 7.22365e-08
0.083583 7.23883e-08
0.0836728 7.25402e-08
0.0837627 7.2692e-08
0.0838526 7.28438e-08
0.0839425 7.29956e-08
0.0840323 7.31475e-08
0.0841222 7.32993e-08
0.0842121 7.34511e-08
0.084302 7.3603e-08
0.0843918 7.37548e-08
0.0844817 7.39066e-08
0.0845716 7.40584e-08
0.0846615 7.42103e-08
0.0847513 7.43621e-08
0.0848412 7.45139e-08
0.0849311 7.46657e-08
0.085021 7.48176e-08
0.0851108 7.49694e-08
0.0852007 7.51212e-08
0.0852906 7.52731e-08
0.0853805 7.54249e-08
0.0854703 7.55767e-08
0.0855602 7.57285e-08
0.0856501 7.58804e-08
0.0857399 7.60322e-08
0.0858298 7.6184e-08
0.0859197 7.63359e-08
0.0860096 7.64877e-08
0.0860994 7.66395e-08
0.0861893 7.67913e-08
0.0862792 7.69432e-08
0.0863691 7.7095e-08
0.0864589 7.72468e-08
0.0865488 7.73986e-08
0.0866387 7.75505e-08
0.0867286 7.77023e-08
0.0868184 7.78541e-08
0.0869083 7.8006e-08
0.0869982 7.81578e-08
0.0870881 7.83096e-08
0.0871779 7.84614e-08
0.0872678 7.86133e-08
0.0873577 7.87651e-08
0.0874476 7.89169e-08
0.0875374 7.90687e-08
0.0876273 7.92206e-08
0.0877172 7.93724e-08
0.0878071 7.95242e-08
0.0878969 7.96761e-08
0.0879868 7.98279e-08
0.0880767 7.99797e-08
0.0881665 8.01315e-08
0.0882564 8.02834e-08
0.0883463 8.04352e-08
0.0884362 8.0587e-08
0.088526 8.07389e-08
0.0886159 8.08907e-08
0.0887058 8.10425e-08
0.0887957 8.11943e-08
0.0888855 8.13462e-08
0.0889754 8.1498e-08
0.0890653 8.16498e-08
0.0891552 8.18016e-08
0.089245 8.19535e-08
0.0893349 8.21053e-08
0.0894248 8.22571e-08
0.0895147 8.2409e-08
0.0896045 8.25608e-08
0.0896944 8.27126e-08
0.0897843 8.28644e-08
0.0898742 8.30163e-08
0.089964 8.31681e-08
0.0900539 8.33199e-08
0.0901438 8.34717e-08
0.0902337 8.36236e-08
0.0903235 8.37754e-08
0.0904134 8.39272e-08
0.0905033 8.40791e-08
0.0905932 8.42309e-08
0.090683 8.43827e-08
0.0907729 8.45345e-08
0.0908628 8.46864e-08
0.0909526 8.48382e-08
0.0910425 8.499e-08
0.0911324 8.51418e-08
0.0912223 8.52937e-08
0.0913121 8.54455e-08
0.091402 8.55973e-08
0.0914919 8.57492e-08
0.0915818 8.5901e-08
0.0916716 8.60528e-08
0.0917615 8.62046e-08
0.0918514 8.63565e-08
0.0919413 8.65083e-08
0.0920311 8.66601e-08
0.092121 8.6812e-08
0.0922109 8.69638e-08
0.0923008 8.71156e-08
0.0923906 8.72674e-08
0.0924805 8.74193e-08
0.0925704 8.75711e-08
0.0926603 8.77229e-08
0.0927501 8.78747e-08
0.09284 8.80266e-08
0.0929299 8.81784e-08
0.0930198 8.83302e-08
0.0931096 8.84821e-08
0.0931995 8.86339e-08
0.0932894 8.87857e-08
0.0933793 8.89375e-08
0.0934691 8.90894e-08
0.093559 8.92412e-08
0.0936489 8.9393e-08
0.0937387 8.95448e-08
0.0938286 8.96967e-08
0.0939185 8.98485e-08
0.0940084 9.00003e-08
0.0940982 9.01522e-08
0.0941881 9.0304e-08
0.094278 9.04558e-08
0.0943679 9.06076e-08
0.0944577 9.07595e-08
0.0945476 9.09113e-08
0.0946375 9.10631e-08
0.0947274 9.1215e-08
0.0948172 9.13668e-08
0.0949071 9.15186e-08
0.094997 9.16704e-08
0.0950869 9.18223e-08
0.0951767 9.19741e-08
0.0952666 9.21259e-08
0.0953565 9.22777e-08
0.0954464 9.24296e-08
0.0955362 9.25814e-08
0.0956261 9.27332e-08
0.095716 9.28851e-08
0.0958059 9.30369e-08
0.0958957 9.31887e-08
0.0959856 9.33405e-08
0.0960755 9.34924e-08
0.0961653 9.36442e-08
0.0962552 9.3796e-08
0.0963451 9.39478e-08
0.096435 9.40997e-08
0.0965248 9.42515e-08
0.0966147 9.44033e-08
0.0967046 9.45552e-08
0.0967945 9.4707e-08
0.0968843 9.48588e-08
0.0969742 9.50106e-08
0.0970641 9.51625e-08
0.097154 9.53143e-08
0.0972438 9.54661e-08
0.0973337 9.56179e-08
0.0974236 9.57698e-08
0.0975135 9.59216e-08
0.0976033 9.60734e-08
0.0976932 9.62253e-08
0.0977831 9.63771e-08
0.097873 9.65289e-08
0.0979628 9.66807e-08
0.0980527 9.68326e-08
0.0981426 9.69844e-08
0.0982325 9.71362e-08
0.0983223 9.72881e-08
0.0984122 9.74399e-08
0.0985021 9.75917e-08
0.098592 9.77435e-08
0.0986818 9.78954e-08
0.0987717 9.80472e-08
0.0988616 9.8199e-08
0.0989514 9.83508e-08
0.0990413 9.85027e-08
0.0991312 9.86545e-08
0.0992211 9.88063e-08
0.0993109 9.89582e-08
0.0994008 9.911e-08
0.0994907 9.92618e-08
0.0995806 9.94136e-08
0.0996704 9.95655e-08
0.0997603 9.97173e-08
0.0998502 9.98691e-08
0.0999401 1.00021e-07
0.10003 1.00173e-07
0.10012 1.00325e-07
0.10021 1.00476e-07
0.1003 1.00628e-07
0.100389 1.0078e-07
0.100479 1.00932e-07
0.100569 1.01084e-07
0.100659 1.01236e-07
0.100749 1.01387e-07
0.100839 1.01539e-07
0.100929 1.01691e-07
0.101019 1.01843e-07
0.101108 1.01995e-07
0.101198 1.02147e-07
0.101288 1.02298e-07
0.101378 1.0245e-07
0.101468 1.02602e-07
0.101558 1.02754e-07
0.101648 1.02906e-07
0.101738 1.03057e-07
0.101827 1.03209e-07
0.101917 1.03361e-07
0.102007 1.03513e-07
0.102097 1.03665e-07
0.102187 1.03817e-07
0.102277 1.03968e-07
0.102367 1.0412e-07
0.102457 1.04272e-07
0.102546 1.04424e-07
0.102636 1.04576e-07
0.102726 1.04728e-07
0.102816 1.04879e-07
0.102906 1.05031e-07
0.102996 1.05183e-07
0.103086 1.05335e-07
0.103176 1.05487e-07
0.103265 1.05639e-07
0.103355 1.0579e-07
0.103445 1.05942e-07
0.103535 1.06094e-07
0.103625 1.06246e-07
0.103715 1.06398e-07
0.103805 1.0655e-07
0.103895 1.06701e-07
0.103984 1.06853e-07
0.104074 1.07005e-07
0.104164 1.07157e-07
0.104254 1.07309e-07
0.104344 1.0746e-07
0.104434 1.07612e-07
0.104524 1.07764e-07
0.104614 1.07916e-07
0.104703 1.08068e-07
0.104793 1.0822e-07
0.104883 1.08371e-07
0.104973 1.08523e-07
0.105063 1.08675e-07
0.105153 1.08827e-07
0.105243 1.08979e-07
0.105333 1.09131e-07
0.105422 1.09282e-07
0.105512 1.09434e-07
0.105602 1.09586e-07
0.105692 1.09738e-07
0.105782 1.0989e-07
0.105872 1.10042e-07
0.105962 1.10193e-07
0.106052 1.10345e-07
0.106141 1.10497e-07
0.106231 1.10649e-07
0.106321 1.10801e-07
0.106411 1.10953e-07
0.106501 1.11104e-07
0.106591 1.11256e-07
0.106681 1.11408e-07
0.106771 1.1156e-07
0.10686 1.11712e-07
0.10695 1.11863e-07
0.10704 1.12015e-07
0.10713 1.12167e-07
0.10722 1.12319e-07
0.10731 1.12471e-07
0.1074 1.12623e-07
0.107489 1.12774e-07
0.107579 1.12926e-07
0.107669 1.13078e-07
0.107759 1.1323e-07
0.107849 1.13382e-07
0.107939 1.13534e-07
0.108029 1.13685e-07
0.108119 1.13837e-07
0.108208 1.13989e-07
0.108298 1.14141e-07
0.108388 1.14293e-07
0.108478 1.14445e-07
0.108568 1.14596e-07
0.108658 1.14748e-07
0.108748 1.149e-07
0.108838 1.15052e-07
0.108927 1.15204e-07
0.109017 1.15356e-07
0.109107 1.15507e-07
0.109197 1.15659e-07
0.109287 1.15811e-07
0.109377 1.15963e-07
0.109467 1.16115e-07
0.109557 1.16266e-07
0.109646 1.16418e-07
0.109736 1.1657e-07
0.109826 1.16722e-07
0.109916 1.16874e-07
0.110006 1.17026e-07
0.110096 1.17177e-07
0.110186 1.17329e-07
0.110276 1.17481e-07
0.110365 1.17633e-07
0.110455 1.17785e-07
0.110545 1.17937e-07
0.110635 1.18088e-07
0.110725 1.1824e-07
0.110815 1.18392e-07
0.110905 1.18544e-07
0.110995 1.18696e-07
0.111084 1.18848e-07
0.111174 1.18999e-07
0.111264 1.19151e-07
0.111354 1.19303e-07
0.111444 1.19455e-07
0.111534 1.19607e-07
0.111624 1.19759e-07
0.111714 1.1991e-07
0.111803 1.20062e-07
0.111893 1.20214e-07
0.111983 1.20366e-07
0.112073 1.20518e-07
0.112163 1.20669e-07
0.112253 1.20821e-07
0.112343 1.20973e-07
0.112433 1.21125e-07
0.112522 1.21277e-07
0.112612 1.21429e-07
0.112702 1.2158e-07
0.112792 1.21732e-07
0.112882 1.21884e-07
0.112972 1.22036e-07
0.113062 1.22188e-07
0.113152 1.2234e-07
0.113241 1.22491e-07
0.113331 1.22643e-07
0.113421 1.22795e-07
0.113511 1.22947e-07
0.113601 1.23099e-07
0.113691 1.23251e-07
0.113781 1.23402e-07
0.113871 1.23554e-07
0.11396 1.23706e-07
0.11405 1.23858e-07
0.11414 1.2401e-07
0.11423 1.24162e-07
0.11432 1.24313e-07
0.11441 1.24465e-07
0.1145 1.24617e-07
0.11459 1.24769e-07
0.114679 1.24921e-07
0.114769 1.25072e-07
0.114859 1.25224e-07
0.114949 1.25376e-07
0.115039 1.25528e-07
0.115129 1.2568e-07
0.115219 1.25832e-07
0.115309 1.25983e-07
0.115398 1.26135e-07
0.115488 1.26287e-07
0.115578 1.26439e-07
0.115668 1.26591e-07
0.115758 1.26743e-07
0.115848 1.26894e-07
0.115938 1.27046e-07
0.116028 1.27198e-07
0.116117 1.2735e-07
0.116207 1.27502e-07
0.116297 1.27654e-07
0.116387 1.27805e-07
0.116477 1.27957e-07
0.116567 1.28109e-07
0.116657 1.28261e-07
0.116747 1.28413e-07
0.116836 1.28565e-07
0.116926 1.28716e-07
0.117016 1.28868e-07
0.117106 1.2902e-07
0.117196 1.29172e-07
0.117286 1.29324e-07
0.117376 1.29475e-07
0.117466 1.29627e-07
0.117555 1.29779e-07
0.117645 1.29931e-07
0.117735 1.30083e-07
0.117825 1.30235e-07
0.117915 1.30386e-07
0.118005 1.30538e-07
0.118095 1.3069e-07
0.118185 1.30842e-07
0.118274 1.30994e-07
0.118364 1.31146e-07
0.118454 1.31297e-07
0.118544 1.31449e-07
0.118634 1.31601e-07
0.118724 1.31753e-07
0.118814 1.31905e-07
0.118904 1.32057e-07
0.118993 1.32208e-07
0.119083 1.3236e-07
0.119173 1.32512e-07
0.119263 1.32664e-07
0.119353 1.32816e-07
0.119443 1.32968e-07
0.119533 1.33119e-07
0.119623 1.33271e-07
0.119712 1.33423e-07
0.119802 1.33575e-07
0.119892 1.33727e-07
0.119982 1.33878e-07
0.120072 1.3403e-07
0.120162 1.34182e-07
0.120252 1.34334e-07
0.120341 1.34486e-07
0.120431 1.34638e-07
0.120521 1.34789e-07
0.120611 1.34941e-07
0.120701 1.35093e-07
0.120791 1.35245e-07
0.120881 1.35397e-07
0.120971 1.35549e-07
0.12106 1.357e-07
0.12115 1.35852e-07
0.12124 1.36004e-07
0.12133 1.36156e-07
0.12142 1.36308e-07
0.12151 1.3646e-07
0.1216 1.36611e-07
0.12169 1.36763e-07
0.121779 1.36915e-07
0.121869 1.37067e-07
0.121959 1.37219e-07
0.122049 1.37371e-07
0.122139 1.37522e-07
0.122229 1.37674e-07
0.122319 1.37826e-07
0.122409 1.37978e-07
0.122498 1.3813e-07
0.122588 1.38281e-07
0.122678 1.38433e-07
0.122768 1.38585e-07
0.122858 1.38737e-07
0.122948 1.38889e-07
0.123038 1.39041e-07
0.123128 1.39192e-07
0.123217 1.39344e-07
0.123307 1.39496e-07
0.123397 1.39648e-07
0.123487 1.398e-07
0.123577 1.39952e-07
0.123667 1.40103e-07
0.123757 1.40255e-07
0.123847 1.40407e-07
0.123936 1.40559e-07
0.124026 1.40711e-07
0.124116 1.40863e-07
0.124206 1.41014e-07
0.124296 1.41166e-07
0.124386 1.41318e-07
0.124476 1.4147e-07
0.124566 1.41622e-07
0.124655 1.41774e-07
0.124745 1.41925e-07
0.124835 1.42077e-07
0.124925 1.42229e-07
0.125015 1.42381e-07
0.125105 1.42533e-07
0.125195 1.42684e-07
0.125285 1.42836e-07
0.125374 1.42988e-07
0.125464 1.4314e-07
0.125554 1.43292e-07
0.125644 1.43444e-07
0.125734 1.43595e-07
0.125824 1.43747e-07
0.125914 1.43899e-07
0.126004 1.44051e-07
0.126093 1.44203e-07
0.126183 1.44355e-07
0.126273 1.44506e-07
0.126363 1.44658e-07
0.126453 1.4481e-07
0.126543 1.44962e-07
0.126633 1.45114e-07
0.126723 1.45266e-07
0.126812 1.45417e-07
0.126902 1.45569e-07
0.126992 1.45721e-07
0.127082 1.45873e-07
0.127172 1.46025e-07
0.127262 1.46177e-07
0.127352 1.46328e-07
0.127442 1.4648e-07
0.127531 1.46632e-07
0.127621 1.46784e-07
0.127711 1.46936e-07
0.127801 1.47087e-07
0.127891 1.47239e-07
0.127981 1.47391e-07
0.128071 1.47543e-07
0.128161 1.47695e-07
0.12825 1.47847e-07
0.12834 1.47998e-07
0.12843 1.4815e-07
0.12852 1.48302e-07
0.12861 1.48454e-07
0.1287 1.48606e-07
0.12879 1.48758e-07
0.12888 1.48909e-07
0.128969 1.49061e-07
0.129059 1.49213e-07
0.129149 1.49365e-07
0.129239 1.49517e-07
0.129329 1.49669e-07
0.129419 1.4982e-07
0.129509 1.49972e-07
0.129599 1.50124e-07
0.129688 1.50276e-07
0.129778 1.50428e-07
0.129868 1.5058e-07
0.129958 1.50731e-07
0.130048 1.50883e-07
0.130138 1.51035e-07
0.130228 1.51187e-07
0.130318 1.51339e-07
0.130407 1.5149e-07
0.130497 1.51642e-07
0.130587 1.51794e-07
0.130677 1.51946e-07
0.130767 1.52098e-07
0.130857 1.5225e-07
0.130947 1.52401e-07
0.131037 1.52553e-07
0.131126 1.52705e-07
0.131216 1.52857e-07
0.131306 1.53009e-07
0.131396 1.53161e-07
0.131486 1.53312e-07
0.131576 1.53464e-07
0.131666 1.53616e-07
0.131756 1.53768e-07
0.131845 1.5392e-07
0.131935 1.54072e-07
0.132025 1.54223e-07
0.132115 1.54375e-07
0.132205 1.54527e-07
0.132295 1.54679e-07
0.132385 1.54831e-07
0.132475 1.54983e-07
0.132564 1.55134e-07
0.132654 1.55286e-07
0.132744 1.55438e-07
0.132834 1.5559e-07
0.132924 1.55742e-07
0.133014 1.55893e-07
0.133104 1.56045e-07
0.133194 1.56197e-07
0.133283 1.56349e-07
0.133373 1.56501e-07
0.133463 1.56653e-07
0.133553 1.56804e-07
0.133643 1.56956e-07
0.133733 1.57108e-07
0.133823 1.5726e-07
0.133912 1.57412e-07
0.134002 1.57564e-07
0.134092 1.57715e-07
0.134182 1.57867e-07
0.134272 1.58019e-07
0.134362 1.58171e-07
0.134452 1.58323e-07
0.134542 1.58475e-07
0.134631 1.58626e-07
0.134721 1.58778e-07
0.134811 1.5893e-07
