-0.134811 5.57747e-07
-0.134721 5.57765e-07
-0.134631 5.57746e-07
-0.134542 5.57613e-07
-0.134452 5.57852e-07
-0.134362 5.5771e-07
-0.134272 5.57666e-07
-0.134182 5.57975e-07
-0.134092 5.58174e-07
-0.134002 5.58151e-07
-0.133912 5.58543e-07
-0.133823 5.58525e-07
-0.133733 5.58533e-07
-0.133643 5.58402e-07
-0.133553 5.58283e-07
-0.133463 5.57843e-07
-0.133373 5.57517e-07
-0.133283 5.57347e-07
-0.133194 5.56567e-07
-0.133104 5.56045e-07
-0.133014 5.55902e-07
-0.132924 5.55427e-07
-0.132834 5.55079e-07
-0.132744 5.55091e-07
-0.132654 5.54343e-07
-0.132564 5.53886e-07
-0.132475 5.5276e-07
-0.132385 5.51533e-07
-0.132295 5.49646e-07
-0.132205 5.48085e-07
-0.132115 5.44841e-07
-0.132025 5.40015e-07
-0.131935 5.32643e-07
-0.131845 5.24926e-07
-0.131756 5.15936e-07
-0.131666 5.11347e-07
-0.131576 5.08159e-07
-0.131486 5.06729e-07
-0.131396 5.05015e-07
-0.131306 5.04339e-07
-0.131216 5.03679e-07
-0.131126 5.03477e-07
-0.131037 5.02657e-07
-0.130947 5.02772e-07
-0.130857 5.02872e-07
-0.130767 5.02692e-07
-0.130677 5.02291e-07
-0.130587 5.01971e-07
-0.130497 5.01572e-07
-0.130407 5.01492e-07
-0.130318 5.014e-07
-0.130228 5.01239e-07
-0.130138 5.01198e-07
-0.130048 5.0104e-07
-0.129958 5.00874e-07
-0.129868 5.0059e-07
-0.129778 5.00618e-07
-0.129688 5.00616e-07
-0.129599 5.0056e-07
-0.129509 5.0035e-07
-0.129419 5.00203e-07
-0.129329 4.99997e-07
-0.129239 5.00027e-07
-0.129149 4.99921e-07
-0.129059 4.99896e-07
-0.128969 4.99874e-07
-0.12888 4.99696e-07
-0.12879 4.9959e-07
-0.1287 4.99488e-07
-0.12861 4.99528e-07
-0.12852 4.99608e-07
-0.12843 4.99575e-07
-0.12834 4.99399e-07
-0.12825 4.99214e-07
-0.128161 4.99024e-07
-0.128071 4.98995e-07
-0.127981 4.98797e-07
-0.127891 4.98707e-07
-0.127801 4.98334e-07
-0.127711 4.97771e-07
-0.127621 4.97448e-07
-0.127531 4.96891e-07
-0.127442 4.96498e-07
-0.127352 4.9612e-07
-0.127262 4.95626e-07
-0.127172 4.95043e-07
-0.127082 4.94426e-07
-0.126992 4.93971e-07
-0.126902 4.93636e-07
-0.126812 4.92906e-07
-0.126723 4.92104e-07
-0.126633 4.90499e-07
-0.126543 4.89036e-07
-0.126453 4.87829e-07
-0.126363 4.8584e-07
-0.126273 4.84098e-07
-0.126183 4.81256e-07
-0.126093 4.79138e-07
-0.126004 4.76207e-07
-0.125914 4.73158e-07
-0.125824 4.70616e-07
-0.125734 4.68206e-07
-0.125644 4.65571e-07
-0.125554 4.63156e-07
-0.125464 4.61683e-07
-0.125374 4.60318e-07
-0.125285 4.59303e-07
-0.125195 4.58489e-07
-0.125105 4.5732e-07
-0.125015 4.56233e-07
-0.124925 4.55893e-07
-0.124835 4.55097e-07
-0.124745 4.54503e-07
-0.124655 4.53948e-07
-0.124566 4.53507e-07
-0.124476 4.53069e-07
-0.124386 4.52801e-07
-0.124296 4.52664e-07
-0.124206 4.52146e-07
-0.124116 4.51981e-07
-0.124026 4.5169e-07
-0.123936 4.51184e-07
-0.123847 4.5079e-07
-0.123757 4.5062e-07
-0.123667 4.50118e-07
-0.123577 4.49865e-07
-0.123487 4.4959e-07
-0.123397 4.49566e-07
-0.123307 4.49502e-07
-0.123217 4.49642e-07
-0.123128 4.49607e-07
-0.123038 4.49506e-07
-0.122948 4.49573e-07
-0.122858 4.49512e-07
-0.122768 4.49289e-07
-0.122678 4.49181e-07
-0.122588 4.48969e-07
-0.122498 4.4853e-07
-0.122409 4.48265e-07
-0.122319 4.47925e-07
-0.122229 4.47822e-07
-0.122139 4.4765e-07
-0.122049 4.47506e-07
-0.121959 4.47179e-07
-0.121869 4.46898e-07
-0.121779 4.46484e-07
-0.12169 4.46086e-07
-0.1216 4.45479e-07
-0.12151 4.45127e-07
-0.12142 4.44398e-07
-0.12133 4.43665e-07
-0.12124 4.4293e-07
-0.12115 4.42376e-07
-0.12106 4.41913e-07
-0.120971 4.41255e-07
-0.120881 4.40201e-07
-0.120791 4.39388e-07
-0.120701 4.37938e-07
-0.120611 4.3635e-07
-0.120521 4.34921e-07
-0.120431 4.33453e-07
-0.120341 4.32003e-07
-0.120252 4.30327e-07
-0.120162 4.28595e-07
-0.120072 4.26925e-07
-0.119982 4.25475e-07
-0.119892 4.23954e-07
-0.119802 4.22366e-07
-0.119712 4.20962e-07
-0.119623 4.19901e-07
-0.119533 4.18322e-07
-0.119443 4.16987e-07
-0.119353 4.15992e-07
-0.119263 4.15057e-07
-0.119173 4.142e-07
-0.119083 4.13598e-07
-0.118993 4.12674e-07
-0.118904 4.11958e-07
-0.118814 4.11153e-07
-0.118724 4.10502e-07
-0.118634 4.10138e-07
-0.118544 4.09677e-07
-0.118454 4.09225e-07
-0.118364 4.08871e-07
-0.118274 4.08475e-07
-0.118185 4.08277e-07
-0.118095 4.07827e-07
-0.118005 4.07753e-07
-0.117915 4.07567e-07
-0.117825 4.07227e-07
-0.117735 4.06848e-07
-0.117645 4.06484e-07
-0.117555 4.06245e-07
-0.117466 4.06175e-07
-0.117376 4.0575e-07
-0.117286 4.05631e-07
-0.117196 4.05398e-07
-0.117106 4.05289e-07
-0.117016 4.05046e-07
-0.116926 4.0468e-07
-0.116836 4.04579e-07
-0.116747 4.04236e-07
-0.116657 4.0383e-07
-0.116567 4.03405e-07
-0.116477 4.03113e-07
-0.116387 4.0289e-07
-0.116297 4.02598e-07
-0.116207 4.02048e-07
-0.116117 4.01814e-07
-0.116028 4.01391e-07
-0.115938 4.01227e-07
-0.115848 4.00518e-07
-0.115758 3.99973e-07
-0.115668 3.99443e-07
-0.115578 3.98765e-07
-0.115488 3.9798e-07
-0.115398 3.9725e-07
-0.115309 3.96533e-07
-0.115219 3.95586e-07
-0.115129 3.94598e-07
-0.115039 3.93482e-07
-0.114949 3.92395e-07
-0.114859 3.91486e-07
-0.114769 3.90531e-07
-0.114679 3.89141e-07
-0.11459 3.88045e-07
-0.1145 3.86905e-07
-0.11441 3.85863e-07
-0.11432 3.84706e-07
-0.11423 3.83541e-07
-0.11414 3.82198e-07
-0.11405 3.80747e-07
-0.11396 3.79816e-07
-0.113871 3.78658e-07
-0.113781 3.77756e-07
-0.113691 3.76825e-07
-0.113601 3.76062e-07
-0.113511 3.75354e-07
-0.113421 3.74685e-07
-0.113331 3.74148e-07
-0.113241 3.73704e-07
-0.113152 3.73079e-07
-0.113062 3.72395e-07
-0.112972 3.71764e-07
-0.112882 3.71276e-07
-0.112792 3.70869e-07
-0.112702 3.70532e-07
-0.112612 3.70168e-07
-0.112522 3.69621e-07
-0.112433 3.6934e-07
-0.112343 3.69001e-07
-0.112253 3.68676e-07
-0.112163 3.68506e-07
-0.112073 3.68279e-07
-0.111983 3.67979e-07
-0.111893 3.6763e-07
-0.111803 3.67458e-07
-0.111714 3.6714e-07
-0.111624 3.66897e-07
-0.111534 3.66798e-07
-0.111444 3.66446e-07
-0.111354 3.66044e-07
-0.111264 3.65838e-07
-0.111174 3.65435e-07
-0.111084 3.6507e-07
-0.110995 3.64767e-07
-0.110905 3.64366e-07
-0.110815 3.63989e-07
-0.110725 3.63609e-07
-0.110635 3.6331e-07
-0.110545 3.62753e-07
-0.110455 3.62414e-07
-0.110365 3.62017e-07
-0.110276 3.61407e-07
-0.110186 3.6075e-07
-0.110096 3.60193e-07
-0.110006 3.59274e-07
-0.109916 3.58535e-07
-0.109826 3.57743e-07
-0.109736 3.57097e-07
-0.109646 3.56438e-07
-0.109557 3.55706e-07
-0.109467 3.5483e-07
-0.109377 3.54037e-07
-0.109287 3.52999e-07
-0.109197 3.52056e-07
-0.109107 3.50986e-07
-0.109017 3.50115e-07
-0.108927 3.49145e-07
-0.108838 3.48103e-07
-0.108748 3.47148e-07
-0.108658 3.46368e-07
-0.108568 3.45688e-07
-0.108478 3.45012e-07
-0.108388 3.44176e-07
-0.108298 3.43581e-07
-0.108208 3.42946e-07
-0.108119 3.42081e-07
-0.108029 3.4146e-07
-0.107939 3.40871e-07
-0.107849 3.40413e-07
-0.107759 3.3992e-07
-0.107669 3.39454e-07
-0.107579 3.38889e-07
-0.107489 3.38471e-07
-0.1074 3.37944e-07
-0.10731 3.37497e-07
-0.10722 3.37077e-07
-0.10713 3.36751e-07
-0.10704 3.3635e-07
-0.10695 3.35921e-07
-0.10686 3.35581e-07
-0.106771 3.35307e-07
-0.106681 3.34977e-07
-0.106591 3.34804e-07
-0.106501 3.34478e-07
-0.106411 3.34094e-07
-0.106321 3.33711e-07
-0.106231 3.3332e-07
-0.106141 3.33083e-07
-0.106052 3.32807e-07
-0.105962 3.32376e-07
-0.105872 3.32114e-07
-0.105782 3.31677e-07
-0.105692 3.31386e-07
-0.105602 3.30874e-07
-0.105512 3.30464e-07
-0.105422 3.30097e-07
-0.105333 3.2957e-07
-0.105243 3.28971e-07
-0.105153 3.28403e-07
-0.105063 3.27856e-07
-0.104973 3.2738e-07
-0.104883 3.2669e-07
-0.104793 3.25987e-07
-0.104703 3.25398e-07
-0.104614 3.24792e-07
-0.104524 3.24233e-07
-0.104434 3.23321e-07
-0.104344 3.2266e-07
-0.104254 3.21894e-07
-0.104164 3.21148e-07
-0.104074 3.20282e-07
-0.103984 3.19541e-07
-0.103895 3.18712e-07
-0.103805 3.17821e-07
-0.103715 3.17035e-07
-0.103625 3.16203e-07
-0.103535 3.15493e-07
-0.103445 3.14871e-07
-0.103355 3.14185e-07
-0.103265 3.13481e-07
-0.103176 3.12875e-07
-0.103086 3.12319e-07
-0.102996 3.11872e-07
-0.102906 3.11337e-07
-0.102816 3.1083e-07
-0.102726 3.10197e-07
-0.102636 3.09685e-07
-0.102546 3.09293e-07
-0.102457 3.08787e-07
-0.102367 3.08379e-07
-0.102277 3.07877e-07
-0.102187 3.07558e-07
-0.102097 3.07174e-07
-0.102007 3.06799e-07
-0.101917 3.0652e-07
-0.101827 3.06243e-07
-0.101738 3.05846e-07
-0.101648 3.05421e-07
-0.101558 3.05055e-07
-0.101468 3.0471e-07
-0.101378 3.04388e-07
-0.101288 3.04123e-07
-0.101198 3.03721e-07
-0.101108 3.03274e-07
-0.101019 3.0301e-07
-0.100929 3.02578e-07
-0.100839 3.02198e-07
-0.100749 3.01838e-07
-0.100659 3.01434e-07
-0.100569 3.00998e-07
-0.100479 3.00589e-07
-0.100389 3.0025e-07
-0.1003 2.9972e-07
-0.10021 2.99336e-07
-0.10012 2.98894e-07
-0.10003 2.98299e-07
-0.0999401 2.97697e-07
-0.0998502 2.97179e-07
-0.0997603 2.9643e-07
-0.0996704 2.95761e-07
-0.0995806 2.95051e-07
-0.0994907 2.94482e-07
-0.0994008 2.93925e-07
-0.0993109 2.93363e-07
-0.0992211 2.92709e-07
-0.0991312 2.92073e-07
-0.0990413 2.91341e-07
-0.0989514 2.90653e-07
-0.0988616 2.8998e-07
-0.0987717 2.89336e-07
-0.0986818 2.88681e-07
-0.098592 2.87996e-07
-0.0985021 2.87317e-07
-0.0984122 2.86743e-07
-0.0983223 2.86247e-07
-0.0982325 2.85768e-07
-0.0981426 2.85172e-07
-0.0980527 2.84712e-07
-0.0979628 2.84228e-07
-0.097873 2.83608e-07
-0.0977831 2.83165e-07
-0.0976932 2.82778e-07
-0.0976033 2.82365e-07
-0.0975135 2.82027e-07
-0.0974236 2.81683e-07
-0.0973337 2.81258e-07
-0.0972438 2.80891e-07
-0.097154 2.80448e-07
-0.0970641 2.80062e-07
-0.0969742 2.79684e-07
-0.0968843 2.79359e-07
-0.0967945 2.78998e-07
-0.0967046 2.78627e-07
-0.0966147 2.78302e-07
-0.0965248 2.77978e-07
-0.096435 2.77566e-07
-0.0963451 2.77337e-07
-0.0962552 2.76978e-07
-0.0961653 2.76575e-07
-0.0960755 2.76095e-07
-0.0959856 2.75615e-07
-0.0958957 2.75207e-07
-0.0958059 2.74793e-07
-0.095716 2.74224e-07
-0.0956261 2.73871e-07
-0.0955362 2.73381e-07
-0.0954464 2.72971e-07
-0.0953565 2.7237e-07
-0.0952666 2.71847e-07
-0.0951767 2.71337e-07
-0.0950869 2.70807e-07
-0.094997 2.70191e-07
-0.0949071 2.69593e-07
-0.0948172 2.69e-07
-0.0947274 2.684e-07
-0.0946375 2.67747e-07
-0.0945476 2.67104e-07
-0.0944577 2.66554e-07
-0.0943679 2.65996e-07
-0.094278 2.65414e-07
-0.0941881 2.64799e-07
-0.0940982 2.64171e-07
-0.0940084 2.63586e-07
-0.0939185 2.63105e-07
-0.0938286 2.62602e-07
-0.0937387 2.62115e-07
-0.0936489 2.61576e-07
-0.093559 2.60975e-07
-0.0934691 2.60557e-07
-0.0933793 2.6003e-07
-0.0932894 2.59587e-07
-0.0931995 2.59097e-07
-0.0931096 2.58669e-07
-0.0930198 2.58325e-07
-0.0929299 2.57868e-07
-0.09284 2.57534e-07
-0.0927501 2.57232e-07
-0.0926603 2.5693e-07
-0.0925704 2.56552e-07
-0.0924805 2.56191e-07
-0.0923906 2.55841e-07
-0.0923008 2.55563e-07
-0.0922109 2.55193e-07
-0.092121 2.54817e-07
-0.0920311 2.54325e-07
-0.0919413 2.54007e-07
-0.0918514 2.53644e-07
-0.0917615 2.53218e-07
-0.0916716 2.52801e-07
-0.0915818 2.52372e-07
-0.0914919 2.51962e-07
-0.091402 2.51528e-07
-0.0913121 2.51215e-07
-0.0912223 2.50776e-07
-0.0911324 2.50363e-07
-0.0910425 2.49942e-07
-0.0909526 2.49447e-07
-0.0908628 2.48973e-07
-0.0907729 2.48489e-07
-0.090683 2.47983e-07
-0.0905932 2.47421e-07
-0.0905033 2.46823e-07
-0.0904134 2.46258e-07
-0.0903235 2.45775e-07
-0.0902337 2.45292e-07
-0.0901438 2.44804e-07
-0.0900539 2.44237e-07
-0.089964 2.43694e-07
-0.0898742 2.43121e-07
-0.0897843 2.42675e-07
-0.0896944 2.4216e-07
-0.0896045 2.41585e-07
-0.0895147 2.41121e-07
-0.0894248 2.40593e-07
-0.0893349 2.40095e-07
-0.089245 2.39613e-07
-0.0891552 2.39178e-07
-0.0890653 2.38662e-07
-0.0889754 2.38183e-07
-0.0888855 2.37773e-07
-0.0887957 2.37285e-07
-0.0887058 2.36884e-07
-0.0886159 2.36551e-07
-0.088526 2.36162e-07
-0.0884362 2.35797e-07
-0.0883463 2.35529e-07
-0.0882564 2.35185e-07
-0.0881665 2.34849e-07
-0.0880767 2.34414e-07
-0.0879868 2.33991e-07
-0.0878969 2.33564e-07
-0.0878071 2.3319e-07
-0.0877172 2.32795e-07
-0.0876273 2.32464e-07
-0.0875374 2.32062e-07
-0.0874476 2.3168e-07
-0.0873577 2.31273e-07
-0.0872678 2.30892e-07
-0.0871779 2.30515e-07
-0.0870881 2.30148e-07
-0.0869982 2.29703e-07
-0.0869083 2.2924e-07
-0.0868184 2.2878e-07
-0.0867286 2.28386e-07
-0.0866387 2.27853e-07
-0.0865488 2.27435e-07
-0.0864589 2.27018e-07
-0.0863691 2.26505e-07
-0.0862792 2.25983e-07
-0.0861893 2.25505e-07
-0.0860994 2.24914e-07
-0.0860096 2.2441e-07
-0.0859197 2.23913e-07
-0.0858298 2.23454e-07
-0.0857399 2.23013e-07
-0.0856501 2.22548e-07
-0.0855602 2.22056e-07
-0.0854703 2.21612e-07
-0.0853805 2.21105e-07
-0.0852906 2.20657e-07
-0.0852007 2.20155e-07
-0.0851108 2.19744e-07
-0.085021 2.19297e-07
-0.0849311 2.18822e-07
-0.0848412 2.18391e-07
-0.0847513 2.18014e-07
-0.0846615 2.17664e-07
-0.0845716 2.17311e-07
-0.0844817 2.16907e-07
-0.0843918 2.16586e-07
-0.084302 2.16261e-07
-0.0842121 2.15828e-07
-0.0841222 2.15453e-07
-0.0840323 2.15092e-07
-0.0839425 2.14775e-07
-0.0838526 2.14443e-07
-0.0837627 2.14107e-07
-0.0836728 2.13704e-07
-0.083583 2.13337e-07
-0.0834931 2.12919e-07
-0.0834032 2.12537e-07
-0.0833133 2.12196e-07
-0.0832235 2.11783e-07
-0.0831336 2.11401e-07
-0.0830437 2.10982e-07
-0.0829538 2.10587e-07
-0.082864 2.10182e-07
-0.0827741 2.09718e-07
-0.0826842 2.09352e-07
-0.0825944 2.08896e-07
-0.0825045 2.08414e-07
-0.0824146 2.07907e-07
-0.0823247 2.07438e-07
-0.0822349 2.06978e-07
-0.082145 2.06507e-07
-0.0820551 2.05947e-07
-0.0819652 2.05509e-07
-0.0818754 2.05047e-07
-0.0817855 2.04645e-07
-0.0816956 2.04124e-07
-0.0816057 2.03642e-07
-0.0815159 2.03191e-07
-0.081426 2.02763e-07
-0.0813361 2.02345e-07
-0.0812462 2.0193e-07
-0.0811564 2.01537e-07
-0.0810665 2.01059e-07
-0.0809766 2.00673e-07
-0.0808867 2.00284e-07
-0.0807969 1.99886e-07
-0.080707 1.99527e-07
-0.0806171 1.9913e-07
-0.0805272 1.98788e-07
-0.0804374 1.98392e-07
-0.0803475 1.98045e-07
-0.0802576 1.97725e-07
-0.0801677 1.97401e-07
-0.0800779 1.97027e-07
-0.079988 1.9665e-07
-0.0798981 1.96267e-07
-0.0798083 1.95942e-07
-0.0797184 1.95589e-07
-0.0796285 1.95238e-07
-0.0795386 1.94806e-07
-0.0794488 1.94432e-07
-0.0793589 1.9412e-07
-0.079269 1.93705e-07
-0.0791791 1.93328e-07
-0.0790893 1.92918e-07
-0.0789994 1.92531e-07
-0.0789095 1.92104e-07
-0.0788196 1.91751e-07
-0.0787298 1.91366e-07
-0.0786399 1.90917e-07
-0.07855 1.90518e-07
-0.0784601 1.90066e-07
-0.0783703 1.89618e-07
-0.0782804 1.89156e-07
-0.0781905 1.88707e-07
-0.0781006 1.88221e-07
-0.0780108 1.87723e-07
-0.0779209 1.87237e-07
-0.077831 1.86823e-07
-0.0777411 1.86428e-07
-0.0776513 1.86016e-07
-0.0775614 1.85599e-07
-0.0774715 1.85181e-07
-0.0773817 1.84723e-07
-0.0772918 1.84352e-07
-0.0772019 1.8402e-07
-0.077112 1.83609e-07
-0.0770222 1.83262e-07
-0.0769323 1.82914e-07
-0.0768424 1.82541e-07
-0.0767525 1.8219e-07
-0.0766627 1.81817e-07
-0.0765728 1.81444e-07
-0.0764829 1.81039e-07
-0.076393 1.80705e-07
-0.0763032 1.80333e-07
-0.0762133 1.7998e-07
-0.0761234 1.79645e-07
-0.0760335 1.79331e-07
-0.0759437 1.78973e-07
-0.0758538 1.78683e-07
-0.0757639 1.78369e-07
-0.075674 1.78045e-07
-0.0755842 1.77654e-07
-0.0754943 1.77242e-07
-0.0754044 1.76851e-07
-0.0753145 1.76468e-07
-0.0752247 1.76024e-07
-0.0751348 1.75688e-07
-0.0750449 1.75291e-07
-0.074955 1.74853e-07
-0.0748652 1.74415e-07
-0.0747753 1.73989e-07
-0.0746854 1.73521e-07
-0.0745956 1.73121e-07
-0.0745057 1.72691e-07
-0.0744158 1.72306e-07
-0.0743259 1.71912e-07
-0.0742361 1.71528e-07
-0.0741462 1.7112e-07
-0.0740563 1.70731e-07
-0.0739664 1.70325e-07
-0.0738766 1.69942e-07
-0.0737867 1.69507e-07
-0.0736968 1.69155e-07
-0.0736069 1.68733e-07
-0.0735171 1.68329e-07
-0.0734272 1.67949e-07
-0.0733373 1.67626e-07
-0.0732474 1.67301e-07
-0.0731576 1.66972e-07
-0.0730677 1.666e-07
-0.0729778 1.66323e-07
-0.0728879 1.65961e-07
-0.0727981 1.65591e-07
-0.0727082 1.65243e-07
-0.0726183 1.64927e-07
-0.0725284 1.64607e-07
-0.0724386 1.643e-07
-0.0723487 1.63955e-07
-0.0722588 1.63592e-07
-0.0721689 1.63227e-07
-0.0720791 1.62838e-07
-0.0719892 1.62493e-07
-0.0718993 1.62148e-07
-0.0718095 1.61754e-07
-0.0717196 1.61417e-07
-0.0716297 1.61024e-07
-0.0715398 1.60686e-07
-0.07145 1.6027e-07
-0.0713601 1.5988e-07
-0.0712702 1.59515e-07
-0.0711803 1.59111e-07
-0.0710905 1.58677e-07
-0.0710006 1.58256e-07
-0.0709107 1.57851e-07
-0.0708208 1.57458e-07
-0.070731 1.57031e-07
-0.0706411 1.56609e-07
-0.0705512 1.56236e-07
-0.0704613 1.5587e-07
-0.0703715 1.55509e-07
-0.0702816 1.55105e-07
-0.0701917 1.54725e-07
-0.0701018 1.54359e-07
-0.070012 1.54033e-07
-0.0699221 1.53697e-07
-0.0698322 1.53362e-07
-0.0697423 1.53006e-07
-0.0696525 1.52615e-07
-0.0695626 1.52318e-07
-0.0694727 1.5197e-07
-0.0693829 1.5165e-07
-0.069293 1.51298e-07
-0.0692031 1.50971e-07
-0.0691132 1.50685e-07
-0.0690234 1.50328e-07
-0.0689335 1.50015e-07
-0.0688436 1.497e-07
-0.0687537 1.49388e-07
-0.0686639 1.49024e-07
-0.068574 1.48698e-07
-0.0684841 1.48369e-07
-0.0683942 1.48031e-07
-0.0683044 1.47702e-07
-0.0682145 1.47341e-07
-0.0681246 1.46949e-07
-0.0680347 1.46585e-07
-0.0679449 1.46224e-07
-0.067855 1.45831e-07
-0.0677651 1.4543e-07
-0.0676752 1.45019e-07
-0.0675854 1.44656e-07
-0.0674955 1.44294e-07
-0.0674056 1.43962e-07
-0.0673157 1.43579e-07
-0.0672259 1.43202e-07
-0.067136 1.42815e-07
-0.0670461 1.42459e-07
-0.0669562 1.42129e-07
-0.0668664 1.41731e-07
-0.0667765 1.41393e-07
-0.0666866 1.41045e-07
-0.0665968 1.40686e-07
-0.0665069 1.40338e-07
-0.066417 1.40003e-07
-0.0663271 1.39663e-07
-0.0662373 1.39287e-07
-0.0661474 1.38984e-07
-0.0660575 1.3864e-07
-0.0659676 1.38311e-07
-0.0658778 1.38007e-07
-0.0657879 1.37717e-07
-0.065698 1.37397e-07
-0.0656081 1.37119e-07
-0.0655183 1.36828e-07
-0.0654284 1.36535e-07
-0.0653385 1.36191e-07
-0.0652486 1.35824e-07
-0.0651588 1.35473e-07
-0.0650689 1.35137e-07
-0.064979 1.34773e-07
-0.0648891 1.34471e-07
-0.0647993 1.34137e-07
-0.0647094 1.33756e-07
-0.0646195 1.33409e-07
-0.0645296 1.33059e-07
-0.0644398 1.32671e-07
-0.0643499 1.32335e-07
-0.06426 1.31974e-07
-0.0641701 1.31647e-07
-0.0640803 1.31306e-07
-0.0639904 1.30982e-07
-0.0639005 1.30622e-07
-0.0638107 1.30271e-07
-0.0637208 1.29907e-07
-0.0636309 1.29563e-07
-0.063541 1.29193e-07
-0.0634512 1.28866e-07
-0.0633613 1.2851e-07
-0.0632714 1.28161e-07
-0.0631815 1.2782e-07
-0.0630917 1.27519e-07
-0.0630018 1.27225e-07
-0.0629119 1.26925e-07
-0.062822 1.26592e-07
-0.0627322 1.26323e-07
-0.0626423 1.25996e-07
-0.0625524 1.25657e-07
-0.0624625 1.25353e-07
-0.0623727 1.25055e-07
-0.0622828 1.24738e-07
-0.0621929 1.24471e-07
-0.062103 1.24162e-07
-0.0620132 1.23839e-07
-0.0619233 1.23491e-07
-0.0618334 1.2313e-07
-0.0617435 1.22797e-07
-0.0616537 1.22474e-07
-0.0615638 1.22103e-07
-0.0614739 1.218e-07
-0.0613841 1.2146e-07
-0.0612942 1.21141e-07
-0.0612043 1.20776e-07
-0.0611144 1.20426e-07
-0.0610246 1.2009e-07
-0.0609347 1.19761e-07
-0.0608448 1.19414e-07
-0.0607549 1.19069e-07
-0.0606651 1.18738e-07
-0.0605752 1.18395e-07
-0.0604853 1.18054e-07
-0.0603954 1.17717e-07
-0.0603056 1.17395e-07
-0.0602157 1.17083e-07
-0.0601258 1.16749e-07
-0.0600359 1.16455e-07
-0.0599461 1.16117e-07
-0.0598562 1.15798e-07
-0.0597663 1.15515e-07
-0.0596764 1.15246e-07
-0.0595866 1.14968e-07
-0.0594967 1.14679e-07
-0.0594068 1.1437e-07
-0.0593169 1.14119e-07
-0.0592271 1.13828e-07
-0.0591372 1.13523e-07
-0.0590473 1.13202e-07
-0.0589574 1.12904e-07
-0.0588676 1.12632e-07
-0.0587777 1.12327e-07
-0.0586878 1.1202e-07
-0.058598 1.11689e-07
-0.0585081 1.11382e-07
-0.0584182 1.11053e-07
-0.0583283 1.10768e-07
-0.0582385 1.10474e-07
-0.0581486 1.10135e-07
-0.0580587 1.09837e-07
-0.0579688 1.09503e-07
-0.057879 1.09206e-07
-0.0577891 1.08852e-07
-0.0576992 1.08516e-07
-0.0576093 1.08205e-07
-0.0575195 1.07863e-07
-0.0574296 1.07523e-07
-0.0573397 1.07196e-07
-0.0572498 1.06892e-07
-0.05716 1.06551e-07
-0.0570701 1.06237e-07
-0.0569802 1.05915e-07
-0.0568903 1.05602e-07
-0.0568005 1.05318e-07
-0.0567106 1.0504e-07
-0.0566207 1.04743e-07
-0.0565308 1.04459e-07
-0.056441 1.04185e-07
-0.0563511 1.03929e-07
-0.0562612 1.03658e-07
-0.0561713 1.03356e-07
-0.0560815 1.03047e-07
-0.0559916 1.02736e-07
-0.0559017 1.02452e-07
-0.0558119 1.02165e-07
-0.055722 1.01883e-07
-0.0556321 1.01555e-07
-0.0555422 1.0124e-07
-0.0554524 1.00964e-07
-0.0553625 1.00631e-07
-0.0552726 1.00332e-07
-0.0551827 1.00015e-07
-0.0550929 9.97182e-08
-0.055003 9.94105e-08
-0.0549131 9.91406e-08
-0.0548232 9.8848e-08
-0.0547334 9.85336e-08
-0.0546435 9.8241e-08
-0.0545536 9.79304e-08
-0.0544637 9.76307e-08
-0.0543739 9.7318e-08
-0.054284 9.70095e-08
-0.0541941 9.67004e-08
-0.0541042 9.63791e-08
-0.0540144 9.60757e-08
-0.0539245 9.57926e-08
-0.0538346 9.55233e-08
-0.0537447 9.5218e-08
-0.0536549 9.49492e-08
-0.053565 9.46727e-08
-0.0534751 9.43716e-08
-0.0533853 9.41097e-08
-0.0532954 9.38748e-08
-0.0532055 9.35985e-08
-0.0531156 9.33542e-08
-0.0530258 9.31126e-08
-0.0529359 9.28516e-08
-0.052846 9.25749e-08
-0.0527561 9.2265e-08
-0.0526663 9.19587e-08
-0.0525764 9.16736e-08
-0.0524865 9.13672e-08
-0.0523966 9.10867e-08
-0.0523068 9.0827e-08
-0.0522169 9.05254e-08
-0.052127 9.02285e-08
-0.0520371 8.99378e-08
-0.0519473 8.96251e-08
-0.0518574 8.93325e-08
-0.0517675 8.90437e-08
-0.0516776 8.87578e-08
-0.0515878 8.84856e-08
-0.0514979 8.82079e-08
-0.051408 8.79249e-08
-0.0513181 8.7646e-08
-0.0512283 8.73636e-08
-0.0511384 8.70899e-08
-0.0510485 8.68005e-08
-0.0509586 8.65355e-08
-0.0508688 8.627e-08
-0.0507789 8.5977e-08
-0.050689 8.5701e-08
-0.0505992 8.5441e-08
-0.0505093 8.51954e-08
-0.0504194 8.49353e-08
-0.0503295 8.46612e-08
-0.0502397 8.44054e-08
-0.0501498 8.41541e-08
-0.0500599 8.38604e-08
-0.04997 8.3591e-08
-0.0498802 8.33376e-08
-0.0497903 8.30704e-08
-0.0497004 8.28258e-08
-0.0496105 8.25815e-08
-0.0495207 8.22964e-08
-0.0494308 8.20044e-08
-0.0493409 8.17009e-08
-0.049251 8.14168e-08
-0.0491612 8.11503e-08
-0.0490713 8.08328e-08
-0.0489814 8.05502e-08
-0.0488915 8.02873e-08
-0.0488017 8.00173e-08
-0.0487118 7.97405e-08
-0.0486219 7.94416e-08
-0.048532 7.91691e-08
-0.0484422 7.8894e-08
-0.0483523 7.86427e-08
-0.0482624 7.83763e-08
-0.0481725 7.81391e-08
-0.0480827 7.78631e-08
-0.0479928 7.75945e-08
-0.0479029 7.73542e-08
-0.0478131 7.70805e-08
-0.0477232 7.68341e-08
-0.0476333 7.6564e-08
-0.0475434 7.63339e-08
-0.0474536 7.60979e-08
-0.0473637 7.5833e-08
-0.0472738 7.55963e-08
-0.0471839 7.53582e-08
-0.0470941 7.51227e-08
-0.0470042 7.48635e-08
-0.0469143 7.46337e-08
-0.0468244 7.43839e-08
-0.0467346 7.41414e-08
-0.0466447 7.38804e-08
-0.0465548 7.36102e-08
-0.0464649 7.33411e-08
-0.0463751 7.30706e-08
-0.0462852 7.28037e-08
-0.0461953 7.25332e-08
-0.0461054 7.22374e-08
-0.0460156 7.19503e-08
-0.0459257 7.16825e-08
-0.0458358 7.14294e-08
-0.0457459 7.11769e-08
-0.0456561 7.09058e-08
-0.0455662 7.06368e-08
-0.0454763 7.03816e-08
-0.0453865 7.0152e-08
-0.0452966 6.99172e-08
-0.0452067 6.9647e-08
-0.0451168 6.94182e-08
-0.045027 6.91752e-08
-0.0449371 6.8955e-08
-0.0448472 6.87085e-08
-0.0447573 6.84688e-08
-0.0446675 6.81987e-08
-0.0445776 6.79492e-08
-0.0444877 6.7722e-08
-0.0443978 6.74827e-08
-0.044308 6.72502e-08
-0.0442181 6.69867e-08
-0.0441282 6.67626e-08
-0.0440383 6.65312e-08
-0.0439485 6.62747e-08
-0.0438586 6.60438e-08
-0.0437687 6.57963e-08
-0.0436788 6.55577e-08
-0.043589 6.53043e-08
-0.0434991 6.50918e-08
-0.0434092 6.48396e-08
-0.0433193 6.45983e-08
-0.0432295 6.4362e-08
-0.0431396 6.41132e-08
-0.0430497 6.38628e-08
-0.0429598 6.36127e-08
-0.04287 6.33637e-08
-0.0427801 6.3105e-08
-0.0426902 6.28426e-08
-0.0426004 6.26006e-08
-0.0425105 6.23821e-08
-0.0424206 6.21586e-08
-0.0423307 6.19129e-08
-0.0422409 6.16983e-08
-0.042151 6.14587e-08
-0.0420611 6.12131e-08
-0.0419712 6.10061e-08
-0.0418814 6.07963e-08
-0.0417915 6.05642e-08
-0.0417016 6.03708e-08
-0.0416117 6.01614e-08
-0.0415219 5.99456e-08
-0.041432 5.97063e-08
-0.0413421 5.94506e-08
-0.0412522 5.92088e-08
-0.0411624 5.89722e-08
-0.0410725 5.87191e-08
-0.0409826 5.85068e-08
-0.0408927 5.82831e-08
-0.0408029 5.80288e-08
-0.040713 5.77914e-08
-0.0406231 5.75503e-08
-0.0405332 5.72914e-08
-0.0404434 5.70587e-08
-0.0403535 5.68228e-08
-0.0402636 5.66024e-08
-0.0401737 5.63898e-08
-0.0400839 5.6168e-08
-0.039994 5.5949e-08
-0.0399041 5.57327e-08
-0.0398143 5.54987e-08
-0.0397244 5.52818e-08
-0.0396345 5.50598e-08
-0.0395446 5.48543e-08
-0.0394548 5.4638e-08
-0.0393649 5.44203e-08
-0.039275 5.4201e-08
-0.0391851 5.39957e-08
-0.0390953 5.37835e-08
-0.0390054 5.35669e-08
-0.0389155 5.33533e-08
-0.0388256 5.31432e-08
-0.0387358 5.29289e-08
-0.0386459 5.2705e-08
-0.038556 5.24938e-08
-0.0384661 5.22792e-08
-0.0383763 5.20423e-08
-0.0382864 5.18413e-08
-0.0381965 5.16264e-08
-0.0381066 5.13961e-08
-0.0380168 5.11519e-08
-0.0379269 5.09147e-08
-0.037837 5.06864e-08
-0.0377471 5.04614e-08
-0.0376573 5.02166e-08
-0.0375674 5.00061e-08
-0.0374775 4.98033e-08
-0.0373876 4.95854e-08
-0.0372978 4.9372e-08
-0.0372079 4.91571e-08
-0.037118 4.89303e-08
-0.0370282 4.87344e-08
-0.0369383 4.85493e-08
-0.0368484 4.83632e-08
-0.0367585 4.817e-08
-0.0366687 4.79513e-08
-0.0365788 4.77625e-08
-0.0364889 4.75759e-08
-0.036399 4.73525e-08
-0.0363092 4.71372e-08
-0.0362193 4.69152e-08
-0.0361294 4.67291e-08
-0.0360395 4.6525e-08
-0.0359497 4.63232e-08
-0.0358598 4.61024e-08
-0.0357699 4.58893e-08
-0.03568 4.56737e-08
-0.0355902 4.547e-08
-0.0355003 4.52895e-08
-0.0354104 4.50583e-08
-0.0353205 4.48514e-08
-0.0352307 4.46378e-08
-0.0351408 4.44344e-08
-0.0350509 4.42251e-08
-0.034961 4.39851e-08
-0.0348712 4.37876e-08
-0.0347813 4.35726e-08
-0.0346914 4.33738e-08
-0.0346016 4.31654e-08
-0.0345117 4.29794e-08
-0.0344218 4.27651e-08
-0.0343319 4.25598e-08
-0.0342421 4.23793e-08
-0.0341522 4.2179e-08
-0.0340623 4.19957e-08
-0.0339724 4.17927e-08
-0.0338826 4.16161e-08
-0.0337927 4.14332e-08
-0.0337028 4.12354e-08
-0.0336129 4.10594e-08
-0.0335231 4.08778e-08
-0.0334332 4.06901e-08
-0.0333433 4.04843e-08
-0.0332534 4.03138e-08
-0.0331636 4.01259e-08
-0.0330737 3.99469e-08
-0.0329838 3.97707e-08
-0.0328939 3.95716e-08
-0.0328041 3.93684e-08
-0.0327142 3.91706e-08
-0.0326243 3.89718e-08
-0.0325344 3.87656e-08
-0.0324446 3.85497e-08
-0.0323547 3.83427e-08
-0.0322648 3.81605e-08
-0.0321749 3.79793e-08
-0.0320851 3.77884e-08
-0.0319952 3.76097e-08
-0.0319053 3.74212e-08
-0.0318155 3.72328e-08
-0.0317256 3.70793e-08
-0.0316357 3.69205e-08
-0.0315458 3.67395e-08
-0.031456 3.6593e-08
-0.0313661 3.64367e-08
-0.0312762 3.62783e-08
-0.0311863 3.60979e-08
-0.0310965 3.59011e-08
-0.0310066 3.57086e-08
-0.0309167 3.55238e-08
-0.0308268 3.53396e-08
-0.030737 3.51752e-08
-0.0306471 3.50072e-08
-0.0305572 3.48041e-08
-0.0304673 3.46278e-08
-0.0303775 3.44484e-08
-0.0302876 3.42502e-08
-0.0301977 3.40719e-08
-0.0301078 3.38872e-08
-0.030018 3.37179e-08
-0.0299281 3.35538e-08
-0.0298382 3.33898e-08
-0.0297483 3.32187e-08
-0.0296585 3.30494e-08
-0.0295686 3.28669e-08
-0.0294787 3.26997e-08
-0.0293888 3.25427e-08
-0.029299 3.23786e-08
-0.0292091 3.22242e-08
-0.0291192 3.20647e-08
-0.0290294 3.18992e-08
-0.0289395 3.17396e-08
-0.0288496 3.1573e-08
-0.0287597 3.14014e-08
-0.0286699 3.12307e-08
-0.02858 3.10631e-08
-0.0284901 3.08966e-08
-0.0284002 3.07289e-08
-0.0283104 3.05658e-08
-0.0282205 3.0402e-08
-0.0281306 3.02259e-08
-0.0280407 3.00681e-08
-0.0279509 2.99112e-08
-0.027861 2.9747e-08
-0.0277711 2.95712e-08
-0.0276812 2.93985e-08
-0.0275914 2.92336e-08
-0.0275015 2.90673e-08
-0.0274116 2.88934e-08
-0.0273217 2.87343e-08
-0.0272319 2.85836e-08
-0.027142 2.84129e-08
-0.0270521 2.82611e-08
-0.0269622 2.8107e-08
-0.0268724 2.79322e-08
-0.0267825 2.77795e-08
-0.0266926 2.76381e-08
-0.0266028 2.7504e-08
-0.0265129 2.73597e-08
-0.026423 2.72043e-08
-0.0263331 2.70625e-08
-0.0262433 2.69256e-08
-0.0261534 2.67575e-08
-0.0260635 2.65994e-08
-0.0259736 2.64523e-08
-0.0258838 2.62969e-08
-0.0257939 2.61531e-08
-0.025704 2.60114e-08
-0.0256141 2.58436e-08
-0.0255243 2.56716e-08
-0.0254344 2.5496e-08
-0.0253445 2.53312e-08
-0.0252546 2.5177e-08
-0.0251648 2.49915e-08
-0.0250749 2.48267e-08
-0.024985 2.46817e-08
-0.0248951 2.45334e-08
-0.0248053 2.43832e-08
-0.0247154 2.42227e-08
-0.0246255 2.40707e-08
-0.0245356 2.39247e-08
-0.0244458 2.38048e-08
-0.0243559 2.36745e-08
-0.024266 2.35473e-08
-0.0241761 2.33963e-08
-0.0240863 2.32485e-08
-0.0239964 2.31267e-08
-0.0239065 2.29757e-08
-0.0238167 2.28259e-08
-0.0237268 2.26592e-08
-0.0236369 2.25212e-08
-0.023547 2.23858e-08
-0.0234572 2.22326e-08
-0.0233673 2.20816e-08
-0.0232774 2.19207e-08
-0.0231875 2.17767e-08
-0.0230977 2.16247e-08
-0.0230078 2.15079e-08
-0.0229179 2.13541e-08
-0.022828 2.11991e-08
-0.0227382 2.10538e-08
-0.0226483 2.09089e-08
-0.0225584 2.07836e-08
-0.0224685 2.06136e-08
-0.0223787 2.0472e-08
-0.0222888 2.03302e-08
-0.0221989 2.01861e-08
-0.022109 2.00464e-08
-0.0220192 1.99103e-08
-0.0219293 1.97737e-08
-0.0218394 1.96135e-08
-0.0217495 1.94908e-08
-0.0216597 1.93475e-08
-0.0215698 1.92151e-08
-0.0214799 1.90708e-08
-0.02139 1.89334e-08
-0.0213002 1.88144e-08
-0.0212103 1.86655e-08
-0.0211204 1.85332e-08
-0.0210306 1.83956e-08
-0.0209407 1.8262e-08
-0.0208508 1.81178e-08
-0.0207609 1.79987e-08
-0.0206711 1.78757e-08
-0.0205812 1.77306e-08
-0.0204913 1.7603e-08
-0.0204014 1.7461e-08
-0.0203116 1.7327e-08
-0.0202217 1.71827e-08
-0.0201318 1.70427e-08
-0.0200419 1.69002e-08
-0.0199521 1.67474e-08
-0.0198622 1.66049e-08
-0.0197723 1.64725e-08
-0.0196824 1.63506e-08
-0.0195926 1.62031e-08
-0.0195027 1.60739e-08
-0.0194128 1.59437e-08
-0.0193229 1.5798e-08
-0.0192331 1.56732e-08
-0.0191432 1.55535e-08
-0.0190533 1.5428e-08
-0.0189634 1.53046e-08
-0.0188736 1.51915e-08
-0.0187837 1.50724e-08
-0.0186938 1.49441e-08
-0.018604 1.47963e-08
-0.0185141 1.46599e-08
-0.0184242 1.45362e-08
-0.0183343 1.43918e-08
-0.0182445 1.42603e-08
-0.0181546 1.41399e-08
-0.0180647 1.39904e-08
-0.0179748 1.38469e-08
-0.017885 1.37177e-08
-0.0177951 1.35687e-08
-0.0177052 1.34229e-08
-0.0176153 1.32933e-08
-0.0175255 1.31762e-08
-0.0174356 1.30768e-08
-0.0173457 1.29572e-08
-0.0172558 1.284e-08
-0.017166 1.27374e-08
-0.0170761 1.26037e-08
-0.0169862 1.24695e-08
-0.0168963 1.2364e-08
-0.0168065 1.22428e-08
-0.0167166 1.21259e-08
-0.0166267 1.20248e-08
-0.0165368 1.19046e-08
-0.016447 1.17721e-08
-0.0163571 1.16307e-08
-0.0162672 1.14857e-08
-0.0161773 1.13678e-08
-0.0160875 1.12342e-08
-0.0159976 1.10994e-08
-0.0159077 1.09995e-08
-0.0158179 1.08829e-08
-0.015728 1.07546e-08
-0.0156381 1.06358e-08
-0.0155482 1.05056e-08
-0.0154584 1.03727e-08
-0.0153685 1.02617e-08
-0.0152786 1.01545e-08
-0.0151887 1.00569e-08
-0.0150989 9.95183e-09
-0.015009 9.83015e-09
-0.0149191 9.74343e-09
-0.0148292 9.63603e-09
-0.0147394 9.51373e-09
-0.0146495 9.40475e-09
-0.0145596 9.29931e-09
-0.0144697 9.20435e-09
-0.0143799 9.10796e-09
-0.01429 9.00532e-09
-0.0142001 8.88164e-09
-0.0141102 8.76138e-09
-0.0140204 8.62956e-09
-0.0139305 8.52167e-09
-0.0138406 8.41352e-09
-0.0137507 8.27785e-09
-0.0136609 8.17714e-09
-0.013571 8.07332e-09
-0.0134811 7.97764e-09
-0.0133912 7.86239e-09
-0.0133014 7.74583e-09
-0.0132115 7.6432e-09
-0.0131216 7.54708e-09
-0.0130318 7.46155e-09
-0.0129419 7.36564e-09
-0.012852 7.27996e-09
-0.0127621 7.16155e-09
-0.0126723 7.07363e-09
-0.0125824 6.99099e-09
-0.0124925 6.88907e-09
-0.0124026 6.79269e-09
-0.0123128 6.68237e-09
-0.0122229 6.60947e-09
-0.012133 6.51446e-09
-0.0120431 6.41815e-09
-0.0119533 6.31755e-09
-0.0118634 6.21655e-09
-0.0117735 6.11554e-09
-0.0116836 6.01848e-09
-0.0115938 5.94635e-09
-0.0115039 5.83422e-09
-0.011414 5.74487e-09
-0.0113241 5.65139e-09
-0.0112343 5.57501e-09
-0.0111444 5.49153e-09
-0.0110545 5.38037e-09
-0.0109646 5.30471e-09
-0.0108748 5.2179e-09
-0.0107849 5.1438e-09
-0.010695 5.05873e-09
-0.0106052 4.97884e-09
-0.0105153 4.87593e-09
-0.0104254 4.77645e-09
-0.0103355 4.70685e-09
-0.0102457 4.61856e-09
-0.0101558 4.54751e-09
-0.0100659 4.45024e-09
-0.00997603 4.38329e-09
-0.00988616 4.31379e-09
-0.00979628 4.22754e-09
-0.00970641 4.15931e-09
-0.00961653 4.08312e-09
-0.00952666 4.01148e-09
-0.00943679 3.92867e-09
-0.00934691 3.87457e-09
-0.00925704 3.79694e-09
-0.00916716 3.71874e-09
-0.00907729 3.64682e-09
-0.00898742 3.57009e-09
-0.00889754 3.50942e-09
-0.00880767 3.42321e-09
-0.00871779 3.35971e-09
-0.00862792 3.29435e-09
-0.00853805 3.22586e-09
-0.00844817 3.1614e-09
-0.0083583 3.09813e-09
-0.00826842 3.02658e-09
-0.00817855 2.93985e-09
-0.00808867 2.88136e-09
-0.0079988 2.81446e-09
-0.00790893 2.75427e-09
-0.00781905 2.68931e-09
-0.00772918 2.62677e-09
-0.0076393 2.57324e-09
-0.00754943 2.50868e-09
-0.00745956 2.46126e-09
-0.00736968 2.40823e-09
-0.00727981 2.35201e-09
-0.00718993 2.2915e-09
-0.00710006 2.24581e-09
-0.00701018 2.19609e-09
-0.00692031 2.13385e-09
-0.00683044 2.08306e-09
-0.00674056 2.02655e-09
-0.00665069 1.96939e-09
-0.00656081 1.91532e-09
-0.00647094 1.86629e-09
-0.00638107 1.81372e-09
-0.00629119 1.75869e-09
-0.00620132 1.71311e-09
-0.00611144 1.67375e-09
-0.00602157 1.6308e-09
-0.00593169 1.57673e-09
-0.00584182 1.53257e-09
-0.00575195 1.49249e-09
-0.00566207 1.44526e-09
-0.0055722 1.40412e-09
-0.00548232 1.36664e-09
-0.00539245 1.31524e-09
-0.00530258 1.27124e-09
-0.0052127 1.23828e-09
-0.00512283 1.20003e-09
-0.00503295 1.15413e-09
-0.00494308 1.10628e-09
-0.0048532 1.06926e-09
-0.00476333 1.03164e-09
-0.00467346 9.89206e-10
-0.00458358 9.49059e-10
-0.00449371 9.22181e-10
-0.00440383 8.83063e-10
-0.00431396 8.47381e-10
-0.00422409 8.2868e-10
-0.00413421 7.88251e-10
-0.00404434 7.53529e-10
-0.00395446 7.28904e-10
-0.00386459 7.1355e-10
-0.00377471 6.90817e-10
-0.00368484 6.65252e-10
-0.00359497 6.43811e-10
-0.00350509 6.21235e-10
-0.00341522 5.97714e-10
-0.00332534 5.62517e-10
-0.00323547 5.47414e-10
-0.0031456 5.12052e-10
-0.00305572 4.75755e-10
-0.00296585 4.61056e-10
-0.00287597 4.32832e-10
-0.0027861 3.99893e-10
-0.00269622 3.63096e-10
-0.00260635 3.41544e-10
-0.00251648 3.09477e-10
-0.0024266 2.83268e-10
-0.00233673 2.55695e-10
-0.00224685 2.38532e-10
-0.00215698 2.28588e-10
-0.00206711 2.04526e-10
-0.00197723 2.09339e-10
-0.00188736 1.91374e-10
-0.00179748 1.72569e-10
-0.00170761 1.71393e-10
-0.00161773 1.7573e-10
-0.00152786 1.73497e-10
-0.00143799 1.63052e-10
-0.00134811 1.70693e-10
-0.00125824 1.63223e-10
-0.00116836 1.65972e-10
-0.00107849 1.5052e-10
-0.000988616 1.41054e-10
-0.000898742 1.30142e-10
-0.000808867 1.02603e-10
-0.000718993 1.02233e-10
-0.000629119 8.70114e-11
-0.000539245 6.66709e-11
-0.000449371 4.62516e-11
-0.000359497 4.42508e-11
-0.000269622 2.94141e-11
-0.000179748 1.19692e-11
-8.98742e-05 1.1954e-11
0 0
8.98742e-05 1.19552e-11
0.000179748 1.19712e-11
0.000269622 2.94164e-11
0.000359497 4.42516e-11
0.000449371 4.62512e-11
0.000539245 6.66688e-11
0.000629119 8.7007e-11
0.000718993 1.02229e-10
0.000808867 1.02597e-10
0.000898742 1.30137e-10
0.000988616 1.41049e-10
0.00107849 1.50515e-10
0.00116836 1.65968e-10
0.00125824 1.6322e-10
0.00134811 1.70691e-10
0.00143799 1.63051e-10
0.00152786 1.73495e-10
0.00161773 1.75728e-10
0.00170761 1.7139e-10
0.00179748 1.72565e-10
0.00188736 1.91372e-10
0.00197723 2.0934e-10
0.00206711 2.04528e-10
0.00215698 2.28591e-10
0.00224685 2.38537e-10
0.00233673 2.55701e-10
0.0024266 2.83274e-10
0.00251648 3.09484e-10
0.00260635 3.41551e-10
0.00269622 3.63103e-10
0.0027861 3.99899e-10
0.00287597 4.32837e-10
0.00296585 4.61062e-10
0.00305572 4.75763e-10
0.0031456 5.12062e-10
0.00323547 5.47425e-10
0.00332534 5.62529e-10
0.00341522 5.97726e-10
0.00350509 6.21248e-10
0.00359497 6.43823e-10
0.00368484 6.65264e-10
0.00377471 6.90827e-10
0.00386459 7.13557e-10
0.00395446 7.28909e-10
0.00404434 7.53531e-10
0.00413421 7.88252e-10
0.00422409 8.2868e-10
0.00431396 8.4738e-10
0.00440383 8.83061e-10
0.00449371 9.22178e-10
0.00458358 9.49055e-10
0.00467346 9.89202e-10
0.00476333 1.03163e-09
0.0048532 1.06925e-09
0.00494308 1.10627e-09
0.00503295 1.15412e-09
0.00512283 1.20002e-09
0.0052127 1.23827e-09
0.00530258 1.27122e-09
0.00539245 1.31523e-09
0.00548232 1.36663e-09
0.0055722 1.4041e-09
0.00566207 1.44524e-09
0.00575195 1.49247e-09
0.00584182 1.53256e-09
0.00593169 1.57671e-09
0.00602157 1.63078e-09
0.00611144 1.67373e-09
0.00620132 1.71308e-09
0.00629119 1.75867e-09
0.00638107 1.81369e-09
0.00647094 1.86627e-09
0.00656081 1.9153e-09
0.00665069 1.96936e-09
0.00674056 2.02653e-09
0.00683044 2.08304e-09
0.00692031 2.13384e-09
0.00701018 2.19607e-09
0.00710006 2.2458e-09
0.00718993 2.29148e-09
0.00727981 2.35199e-09
0.00736968 2.40821e-09
0.00745956 2.46124e-09
0.00754943 2.50866e-09
0.0076393 2.57322e-09
0.00772918 2.62675e-09
0.00781905 2.6893e-09
0.00790893 2.75425e-09
0.0079988 2.81445e-09
0.00808867 2.88134e-09
0.00817855 2.93984e-09
0.00826842 3.02657e-09
0.0083583 3.09812e-09
0.00844817 3.16139e-09
0.00853805 3.22585e-09
0.00862792 3.29434e-09
0.00871779 3.35969e-09
0.00880767 3.4232e-09
0.00889754 3.5094e-09
0.00898742 3.57008e-09
0.00907729 3.64681e-09
0.00916716 3.71873e-09
0.00925704 3.79693e-09
0.00934691 3.87456e-09
0.00943679 3.92867e-09
0.00952666 4.01148e-09
0.00961653 4.08311e-09
0.00970641 4.1593e-09
0.00979628 4.22753e-09
0.00988616 4.31378e-09
0.00997603 4.38328e-09
0.0100659 4.45023e-09
0.0101558 4.5475e-09
0.0102457 4.61854e-09
0.0103355 4.70684e-09
0.0104254 4.77644e-09
0.0105153 4.87592e-09
0.0106052 4.97882e-09
0.010695 5.05872e-09
0.0107849 5.14379e-09
0.0108748 5.21789e-09
0.0109646 5.3047e-09
0.0110545 5.38036e-09
0.0111444 5.49151e-09
0.0112343 5.575e-09
0.0113241 5.65138e-09
0.011414 5.74485e-09
0.0115039 5.83421e-09
0.0115938 5.94634e-09
0.0116836 6.01847e-09
0.0117735 6.11553e-09
0.0118634 6.21653e-09
0.0119533 6.31754e-09
0.0120431 6.41814e-09
0.012133 6.51445e-09
0.0122229 6.60945e-09
0.0123128 6.68235e-09
0.0124026 6.79267e-09
0.0124925 6.88906e-09
0.0125824 6.99098e-09
0.0126723 7.07362e-09
0.0127621 7.16154e-09
0.012852 7.27995e-09
0.0129419 7.36563e-09
0.0130318 7.46154e-09
0.0131216 7.54707e-09
0.0132115 7.64319e-09
0.0133014 7.74582e-09
0.0133912 7.86238e-09
0.0134811 7.97763e-09
0.013571 8.07331e-09
0.0136609 8.17713e-09
0.0137507 8.27785e-09
0.0138406 8.41352e-09
0.0139305 8.52167e-09
0.0140204 8.62956e-09
0.0141102 8.76138e-09
0.0142001 8.88164e-09
0.01429 9.00532e-09
0.0143799 9.10796e-09
0.0144697 9.20435e-09
0.0145596 9.29931e-09
0.0146495 9.40475e-09
0.0147394 9.51373e-09
0.0148292 9.63604e-09
0.0149191 9.74344e-09
0.015009 9.83017e-09
0.0150989 9.95184e-09
0.0151887 1.00569e-08
0.0152786 1.01545e-08
0.0153685 1.02617e-08
0.0154584 1.03727e-08
0.0155482 1.05056e-08
0.0156381 1.06358e-08
0.015728 1.07546e-08
0.0158179 1.08829e-08
0.0159077 1.09995e-08
0.0159976 1.10994e-08
0.0160875 1.12342e-08
0.0161773 1.13678e-08
0.0162672 1.14857e-08
0.0163571 1.16307e-08
0.016447 1.17721e-08
0.0165368 1.19047e-08
0.0166267 1.20248e-08
0.0167166 1.21259e-08
0.0168065 1.22428e-08
0.0168963 1.2364e-08
0.0169862 1.24695e-08
0.0170761 1.26037e-08
0.017166 1.27374e-08
0.0172558 1.28401e-08
0.0173457 1.29572e-08
0.0174356 1.30768e-08
0.0175255 1.31762e-08
0.0176153 1.32933e-08
0.0177052 1.34229e-08
0.0177951 1.35687e-08
0.017885 1.37177e-08
0.0179748 1.38469e-08
0.0180647 1.39904e-08
0.0181546 1.41399e-08
0.0182445 1.42603e-08
0.0183343 1.43918e-08
0.0184242 1.45362e-08
0.0185141 1.46599e-08
0.018604 1.47963e-08
0.0186938 1.49441e-08
0.0187837 1.50724e-08
0.0188736 1.51915e-08
0.0189634 1.53046e-08
0.0190533 1.5428e-08
0.0191432 1.55536e-08
0.0192331 1.56732e-08
0.0193229 1.5798e-08
0.0194128 1.59437e-08
0.0195027 1.60739e-08
0.0195926 1.62031e-08
0.0196824 1.63506e-08
0.0197723 1.64725e-08
0.0198622 1.66049e-08
0.0199521 1.67474e-08
0.0200419 1.69002e-08
0.0201318 1.70427e-08
0.0202217 1.71827e-08
0.0203116 1.7327e-08
0.0204014 1.7461e-08
0.0204913 1.7603e-08
0.0205812 1.77306e-08
0.0206711 1.78757e-08
0.0207609 1.79986e-08
0.0208508 1.81178e-08
0.0209407 1.8262e-08
0.0210306 1.83955e-08
0.0211204 1.85331e-08
0.0212103 1.86655e-08
0.0213002 1.88144e-08
0.02139 1.89334e-08
0.0214799 1.90708e-08
0.0215698 1.92151e-08
0.0216597 1.93475e-08
0.0217495 1.94908e-08
0.0218394 1.96135e-08
0.0219293 1.97737e-08
0.0220192 1.99103e-08
0.022109 2.00464e-08
0.0221989 2.01861e-08
0.0222888 2.03301e-08
0.0223787 2.0472e-08
0.0224685 2.06136e-08
0.0225584 2.07836e-08
0.0226483 2.09089e-08
0.0227382 2.10538e-08
0.022828 2.11991e-08
0.0229179 2.13541e-08
0.0230078 2.15079e-08
0.0230977 2.16247e-08
0.0231875 2.17767e-08
0.0232774 2.19206e-08
0.0233673 2.20816e-08
0.0234572 2.22326e-08
0.023547 2.23858e-08
0.0236369 2.25212e-08
0.0237268 2.26592e-08
0.0238167 2.28258e-08
0.0239065 2.29757e-08
0.0239964 2.31267e-08
0.0240863 2.32485e-08
0.0241761 2.33963e-08
0.024266 2.35473e-08
0.0243559 2.36745e-08
0.0244458 2.38048e-08
0.0245356 2.39247e-08
0.0246255 2.40707e-08
0.0247154 2.42227e-08
0.0248053 2.43832e-08
0.0248951 2.45334e-08
0.024985 2.46817e-08
0.0250749 2.48267e-08
0.0251648 2.49915e-08
0.0252546 2.5177e-08
0.0253445 2.53312e-08
0.0254344 2.5496e-08
0.0255243 2.56716e-08
0.0256141 2.58436e-08
0.025704 2.60114e-08
0.0257939 2.61531e-08
0.0258838 2.62969e-08
0.0259736 2.64523e-08
0.0260635 2.65994e-08
0.0261534 2.67575e-08
0.0262433 2.69257e-08
0.0263331 2.70625e-08
0.026423 2.72044e-08
0.0265129 2.73597e-08
0.0266028 2.7504e-08
0.0266926 2.76381e-08
0.0267825 2.77795e-08
0.0268724 2.79322e-08
0.0269622 2.8107e-08
0.0270521 2.82611e-08
0.027142 2.84129e-08
0.0272319 2.85836e-08
0.0273217 2.87344e-08
0.0274116 2.88934e-08
0.0275015 2.90673e-08
0.0275914 2.92337e-08
0.0276812 2.93985e-08
0.0277711 2.95713e-08
0.027861 2.9747e-08
0.0279509 2.99112e-08
0.0280407 3.00681e-08
0.0281306 3.02259e-08
0.0282205 3.0402e-08
0.0283104 3.05658e-08
0.0284002 3.07289e-08
0.0284901 3.08966e-08
0.02858 3.10631e-08
0.0286699 3.12307e-08
0.0287597 3.14014e-08
0.0288496 3.1573e-08
0.0289395 3.17396e-08
0.0290294 3.18993e-08
0.0291192 3.20647e-08
0.0292091 3.22242e-08
0.029299 3.23786e-08
0.0293888 3.25427e-08
0.0294787 3.26997e-08
0.0295686 3.28669e-08
0.0296585 3.30494e-08
0.0297483 3.32187e-08
0.0298382 3.33898e-08
0.0299281 3.35538e-08
0.030018 3.37179e-08
0.0301078 3.38872e-08
0.0301977 3.40719e-08
0.0302876 3.42502e-08
0.0303775 3.44484e-08
0.0304673 3.46279e-08
0.0305572 3.48041e-08
0.0306471 3.50073e-08
0.030737 3.51752e-08
0.0308268 3.53396e-08
0.0309167 3.55238e-08
0.0310066 3.57086e-08
0.0310965 3.59011e-08
0.0311863 3.60979e-08
0.0312762 3.62783e-08
0.0313661 3.64367e-08
0.031456 3.65931e-08
0.0315458 3.67395e-08
0.0316357 3.69205e-08
0.0317256 3.70793e-08
0.0318155 3.72328e-08
0.0319053 3.74212e-08
0.0319952 3.76097e-08
0.0320851 3.77884e-08
0.0321749 3.79793e-08
0.0322648 3.81605e-08
0.0323547 3.83427e-08
0.0324446 3.85497e-08
0.0325344 3.87656e-08
0.0326243 3.89718e-08
0.0327142 3.91706e-08
0.0328041 3.93684e-08
0.0328939 3.95716e-08
0.0329838 3.97707e-08
0.0330737 3.99469e-08
0.0331636 4.01259e-08
0.0332534 4.03138e-08
0.0333433 4.04843e-08
0.0334332 4.06901e-08
0.0335231 4.08778e-08
0.0336129 4.10594e-08
0.0337028 4.12354e-08
0.0337927 4.14332e-08
0.0338826 4.16161e-08
0.0339724 4.17928e-08
0.0340623 4.19957e-08
0.0341522 4.2179e-08
0.0342421 4.23793e-08
0.0343319 4.25598e-08
0.0344218 4.27651e-08
0.0345117 4.29794e-08
0.0346016 4.31654e-08
0.0346914 4.33738e-08
0.0347813 4.35726e-08
0.0348712 4.37876e-08
0.034961 4.39851e-08
0.0350509 4.42252e-08
0.0351408 4.44345e-08
0.0352307 4.46378e-08
0.0353205 4.48514e-08
0.0354104 4.50583e-08
0.0355003 4.52895e-08
0.0355902 4.54701e-08
0.03568 4.56737e-08
0.0357699 4.58893e-08
0.0358598 4.61024e-08
0.0359497 4.63232e-08
0.0360395 4.6525e-08
0.0361294 4.67291e-08
0.0362193 4.69153e-08
0.0363092 4.71372e-08
0.036399 4.73525e-08
0.0364889 4.75759e-08
0.0365788 4.77625e-08
0.0366687 4.79514e-08
0.0367585 4.817e-08
0.0368484 4.83633e-08
0.0369383 4.85493e-08
0.0370282 4.87344e-08
0.037118 4.89303e-08
0.0372079 4.91571e-08
0.0372978 4.9372e-08
0.0373876 4.95854e-08
0.0374775 4.98033e-08
0.0375674 5.00061e-08
0.0376573 5.02166e-08
0.0377471 5.04614e-08
0.037837 5.06864e-08
0.0379269 5.09147e-08
0.0380168 5.11519e-08
0.0381066 5.13962e-08
0.0381965 5.16264e-08
0.0382864 5.18413e-08
0.0383763 5.20423e-08
0.0384661 5.22792e-08
0.038556 5.24938e-08
0.0386459 5.2705e-08
0.0387358 5.29289e-08
0.0388256 5.31432e-08
0.0389155 5.33533e-08
0.0390054 5.35669e-08
0.0390953 5.37835e-08
0.0391851 5.39957e-08
0.039275 5.4201e-08
0.0393649 5.44203e-08
0.0394548 5.4638e-08
0.0395446 5.48543e-08
0.0396345 5.50598e-08
0.0397244 5.52818e-08
0.0398143 5.54987e-08
0.0399041 5.57327e-08
0.039994 5.5949e-08
0.0400839 5.6168e-08
0.0401737 5.63898e-08
0.0402636 5.66024e-08
0.0403535 5.68228e-08
0.0404434 5.70587e-08
0.0405332 5.72914e-08
0.0406231 5.75503e-08
0.040713 5.77914e-08
0.0408029 5.80288e-08
0.0408927 5.82831e-08
0.0409826 5.85068e-08
0.0410725 5.87191e-08
0.0411624 5.89723e-08
0.0412522 5.92089e-08
0.0413421 5.94506e-08
0.041432 5.97063e-08
0.0415219 5.99456e-08
0.0416117 6.01614e-08
0.0417016 6.03708e-08
0.0417915 6.05643e-08
0.0418814 6.07964e-08
0.0419712 6.10061e-08
0.0420611 6.12131e-08
0.042151 6.14587e-08
0.0422409 6.16983e-08
0.0423307 6.19129e-08
0.0424206 6.21586e-08
0.0425105 6.23821e-08
0.0426004 6.26007e-08
0.0426902 6.28427e-08
0.0427801 6.3105e-08
0.04287 6.33637e-08
0.0429598 6.36127e-08
0.0430497 6.38628e-08
0.0431396 6.41132e-08
0.0432295 6.4362e-08
0.0433193 6.45983e-08
0.0434092 6.48396e-08
0.0434991 6.50918e-08
0.043589 6.53043e-08
0.0436788 6.55577e-08
0.0437687 6.57963e-08
0.0438586 6.60438e-08
0.0439485 6.62747e-08
0.0440383 6.65312e-08
0.0441282 6.67626e-08
0.0442181 6.69867e-08
0.044308 6.72503e-08
0.0443978 6.74827e-08
0.0444877 6.77221e-08
0.0445776 6.79492e-08
0.0446675 6.81987e-08
0.0447573 6.84688e-08
0.0448472 6.87085e-08
0.0449371 6.8955e-08
0.045027 6.91752e-08
0.0451168 6.94182e-08
0.0452067 6.9647e-08
0.0452966 6.99173e-08
0.0453865 7.0152e-08
0.0454763 7.03816e-08
0.0455662 7.06368e-08
0.0456561 7.09059e-08
0.0457459 7.1177e-08
0.0458358 7.14294e-08
0.0459257 7.16825e-08
0.0460156 7.19503e-08
0.0461054 7.22375e-08
0.0461953 7.25332e-08
0.0462852 7.28037e-08
0.0463751 7.30706e-08
0.0464649 7.33411e-08
0.0465548 7.36102e-08
0.0466447 7.38804e-08
0.0467346 7.41414e-08
0.0468244 7.43839e-08
0.0469143 7.46337e-08
0.0470042 7.48635e-08
0.0470941 7.51227e-08
0.0471839 7.53582e-08
0.0472738 7.55963e-08
0.0473637 7.5833e-08
0.0474536 7.60979e-08
0.0475434 7.63339e-08
0.0476333 7.6564e-08
0.0477232 7.68341e-08
0.0478131 7.70805e-08
0.0479029 7.73542e-08
0.0479928 7.75945e-08
0.0480827 7.78631e-08
0.0481725 7.81391e-08
0.0482624 7.83763e-08
0.0483523 7.86427e-08
0.0484422 7.8894e-08
0.048532 7.91691e-08
0.0486219 7.94416e-08
0.0487118 7.97405e-08
0.0488017 8.00173e-08
0.0488915 8.02873e-08
0.0489814 8.05502e-08
0.0490713 8.08328e-08
0.0491612 8.11503e-08
0.049251 8.14167e-08
0.0493409 8.17008e-08
0.0494308 8.20044e-08
0.0495207 8.22964e-08
0.0496105 8.25815e-08
0.0497004 8.28258e-08
0.0497903 8.30704e-08
0.0498802 8.33376e-08
0.04997 8.3591e-08
0.0500599 8.38603e-08
0.0501498 8.41541e-08
0.0502397 8.44054e-08
0.0503295 8.46612e-08
0.0504194 8.49353e-08
0.0505093 8.51954e-08
0.0505992 8.5441e-08
0.050689 8.5701e-08
0.0507789 8.5977e-08
0.0508688 8.627e-08
0.0509586 8.65355e-08
0.0510485 8.68005e-08
0.0511384 8.70899e-08
0.0512283 8.73636e-08
0.0513181 8.7646e-08
0.051408 8.79249e-08
0.0514979 8.82079e-08
0.0515878 8.84856e-08
0.0516776 8.87578e-08
0.0517675 8.90436e-08
0.0518574 8.93325e-08
0.0519473 8.96251e-08
0.0520371 8.99378e-08
0.052127 9.02285e-08
0.0522169 9.05254e-08
0.0523068 9.0827e-08
0.0523966 9.10867e-08
0.0524865 9.13671e-08
0.0525764 9.16736e-08
0.0526663 9.19587e-08
0.0527561 9.2265e-08
0.052846 9.25748e-08
0.0529359 9.28516e-08
0.0530258 9.31126e-08
0.0531156 9.33541e-08
0.0532055 9.35985e-08
0.0532954 9.38748e-08
0.0533853 9.41097e-08
0.0534751 9.43716e-08
0.053565 9.46726e-08
0.0536549 9.49492e-08
0.0537447 9.5218e-08
0.0538346 9.55233e-08
0.0539245 9.57925e-08
0.0540144 9.60757e-08
0.0541042 9.63791e-08
0.0541941 9.67004e-08
0.054284 9.70095e-08
0.0543739 9.7318e-08
0.0544637 9.76307e-08
0.0545536 9.79304e-08
0.0546435 9.8241e-08
0.0547334 9.85336e-08
0.0548232 9.8848e-08
0.0549131 9.91406e-08
0.055003 9.94105e-08
0.0550929 9.97182e-08
0.0551827 1.00015e-07
0.0552726 1.00332e-07
0.0553625 1.00631e-07
0.0554524 1.00964e-07
0.0555422 1.0124e-07
0.0556321 1.01555e-07
0.055722 1.01883e-07
0.0558119 1.02165e-07
0.0559017 1.02452e-07
0.0559916 1.02736e-07
0.0560815 1.03047e-07
0.0561713 1.03356e-07
0.0562612 1.03658e-07
0.0563511 1.03929e-07
0.056441 1.04185e-07
0.0565308 1.04459e-07
0.0566207 1.04743e-07
0.0567106 1.0504e-07
0.0568005 1.05318e-07
0.0568903 1.05602e-07
0.0569802 1.05915e-07
0.0570701 1.06237e-07
0.05716 1.06551e-07
0.0572498 1.06892e-07
0.0573397 1.07196e-07
0.0574296 1.07524e-07
0.0575195 1.07863e-07
0.0576093 1.08205e-07
0.0576992 1.08516e-07
0.0577891 1.08852e-07
0.057879 1.09206e-07
0.0579688 1.09503e-07
0.0580587 1.09837e-07
0.0581486 1.10135e-07
0.0582385 1.10474e-07
0.0583283 1.10768e-07
0.0584182 1.11053e-07
0.0585081 1.11382e-07
0.058598 1.11689e-07
0.0586878 1.1202e-07
0.0587777 1.12327e-07
0.0588676 1.12632e-07
0.0589574 1.12904e-07
0.0590473 1.13202e-07
0.0591372 1.13523e-07
0.0592271 1.13828e-07
0.0593169 1.14119e-07
0.0594068 1.1437e-07
0.0594967 1.14679e-07
0.0595866 1.14968e-07
0.0596764 1.15246e-07
0.0597663 1.15515e-07
0.0598562 1.15798e-07
0.0599461 1.16117e-07
0.0600359 1.16455e-07
0.0601258 1.16749e-07
0.0602157 1.17083e-07
0.0603056 1.17395e-07
0.0603954 1.17717e-07
0.0604853 1.18054e-07
0.0605752 1.18395e-07
0.0606651 1.18738e-07
0.0607549 1.19069e-07
0.0608448 1.19414e-07
0.0609347 1.19761e-07
0.0610246 1.2009e-07
0.0611144 1.20426e-07
0.0612043 1.20776e-07
0.0612942 1.21141e-07
0.0613841 1.2146e-07
0.0614739 1.218e-07
0.0615638 1.22102e-07
0.0616537 1.22474e-07
0.0617435 1.22797e-07
0.0618334 1.2313e-07
0.0619233 1.23491e-07
0.0620132 1.23839e-07
0.062103 1.24162e-07
0.0621929 1.24471e-07
0.0622828 1.24738e-07
0.0623727 1.25055e-07
0.0624625 1.25353e-07
0.0625524 1.25657e-07
0.0626423 1.25996e-07
0.0627322 1.26323e-07
0.062822 1.26592e-07
0.0629119 1.26925e-07
0.0630018 1.27225e-07
0.0630917 1.27519e-07
0.0631815 1.2782e-07
0.0632714 1.28161e-07
0.0633613 1.2851e-07
0.0634512 1.28866e-07
0.063541 1.29193e-07
0.0636309 1.29563e-07
0.0637208 1.29907e-07
0.0638107 1.30271e-07
0.0639005 1.30622e-07
0.0639904 1.30982e-07
0.0640803 1.31306e-07
0.0641701 1.31647e-07
0.06426 1.31974e-07
0.0643499 1.32335e-07
0.0644398 1.32671e-07
0.0645296 1.33059e-07
0.0646195 1.33409e-07
0.0647094 1.33756e-07
0.0647993 1.34137e-07
0.0648891 1.34471e-07
0.064979 1.34773e-07
0.0650689 1.35137e-07
0.0651588 1.35473e-07
0.0652486 1.35824e-07
0.0653385 1.36191e-07
0.0654284 1.36535e-07
0.0655183 1.36828e-07
0.0656081 1.37119e-07
0.065698 1.37397e-07
0.0657879 1.37717e-07
0.0658778 1.38007e-07
0.0659676 1.38311e-07
0.0660575 1.3864e-07
0.0661474 1.38984e-07
0.0662373 1.39287e-07
0.0663271 1.39663e-07
0.066417 1.40003e-07
0.0665069 1.40338e-07
0.0665968 1.40686e-07
0.0666866 1.41045e-07
0.0667765 1.41393e-07
0.0668664 1.41731e-07
0.0669562 1.42129e-07
0.0670461 1.42459e-07
0.067136 1.42815e-07
0.0672259 1.43202e-07
0.0673157 1.43579e-07
0.0674056 1.43962e-07
0.0674955 1.44294e-07
0.0675854 1.44656e-07
0.0676752 1.45019e-07
0.0677651 1.4543e-07
0.067855 1.45831e-07
0.0679449 1.46224e-07
0.0680347 1.46585e-07
0.0681246 1.46949e-07
0.0682145 1.47341e-07
0.0683044 1.47702e-07
0.0683942 1.48031e-07
0.0684841 1.48369e-07
0.068574 1.48698e-07
0.0686639 1.49024e-07
0.0687537 1.49388e-07
0.0688436 1.497e-07
0.0689335 1.50015e-07
0.0690234 1.50328e-07
0.0691132 1.50684e-07
0.0692031 1.50971e-07
0.069293 1.51298e-07
0.0693829 1.5165e-07
0.0694727 1.5197e-07
0.0695626 1.52318e-07
0.0696525 1.52615e-07
0.0697423 1.53006e-07
0.0698322 1.53362e-07
0.0699221 1.53697e-07
0.070012 1.54033e-07
0.0701018 1.54359e-07
0.0701917 1.54725e-07
0.0702816 1.55105e-07
0.0703715 1.55509e-07
0.0704613 1.5587e-07
0.0705512 1.56236e-07
0.0706411 1.5661e-07
0.070731 1.57031e-07
0.0708208 1.57458e-07
0.0709107 1.57851e-07
0.0710006 1.58256e-07
0.0710905 1.58677e-07
0.0711803 1.59111e-07
0.0712702 1.59515e-07
0.0713601 1.5988e-07
0.07145 1.6027e-07
0.0715398 1.60686e-07
0.0716297 1.61024e-07
0.0717196 1.61417e-07
0.0718095 1.61754e-07
0.0718993 1.62148e-07
0.0719892 1.62493e-07
0.0720791 1.62838e-07
0.0721689 1.63227e-07
0.0722588 1.63592e-07
0.0723487 1.63955e-07
0.0724386 1.643e-07
0.0725284 1.64607e-07
0.0726183 1.64927e-07
0.0727082 1.65243e-07
0.0727981 1.65591e-07
0.0728879 1.65961e-07
0.0729778 1.66323e-07
0.0730677 1.666e-07
0.0731576 1.66972e-07
0.0732474 1.67301e-07
0.0733373 1.67626e-07
0.0734272 1.67949e-07
0.0735171 1.68329e-07
0.0736069 1.68733e-07
0.0736968 1.69155e-07
0.0737867 1.69507e-07
0.0738766 1.69942e-07
0.0739664 1.70325e-07
0.0740563 1.70731e-07
0.0741462 1.7112e-07
0.0742361 1.71528e-07
0.0743259 1.71912e-07
0.0744158 1.72306e-07
0.0745057 1.72691e-07
0.0745956 1.73121e-07
0.0746854 1.73521e-07
0.0747753 1.73989e-07
0.0748652 1.74415e-07
0.074955 1.74853e-07
0.0750449 1.75291e-07
0.0751348 1.75688e-07
0.0752247 1.76024e-07
0.0753145 1.76468e-07
0.0754044 1.76851e-07
0.0754943 1.77242e-07
0.0755842 1.77654e-07
0.075674 1.78045e-07
0.0757639 1.78368e-07
0.0758538 1.78683e-07
0.0759437 1.78973e-07
0.0760335 1.79331e-07
0.0761234 1.79645e-07
0.0762133 1.7998e-07
0.0763032 1.80333e-07
0.076393 1.80705e-07
0.0764829 1.81039e-07
0.0765728 1.81444e-07
0.0766627 1.81817e-07
0.0767525 1.8219e-07
0.0768424 1.82541e-07
0.0769323 1.82914e-07
0.0770222 1.83262e-07
0.077112 1.83609e-07
0.0772019 1.8402e-07
0.0772918 1.84352e-07
0.0773817 1.84723e-07
0.0774715 1.85181e-07
0.0775614 1.85599e-07
0.0776513 1.86015e-07
0.0777411 1.86428e-07
0.077831 1.86823e-07
0.0779209 1.87237e-07
0.0780108 1.87723e-07
0.0781006 1.88221e-07
0.0781905 1.88707e-07
0.0782804 1.89156e-07
0.0783703 1.89618e-07
0.0784601 1.90066e-07
0.07855 1.90518e-07
0.0786399 1.90917e-07
0.0787298 1.91366e-07
0.0788196 1.91751e-07
0.0789095 1.92104e-07
0.0789994 1.92531e-07
0.0790893 1.92918e-07
0.0791791 1.93328e-07
0.079269 1.93705e-07
0.0793589 1.9412e-07
0.0794488 1.94432e-07
0.0795386 1.94806e-07
0.0796285 1.95238e-07
0.0797184 1.95589e-07
0.0798083 1.95942e-07
0.0798981 1.96267e-07
0.079988 1.9665e-07
0.0800779 1.97027e-07
0.0801677 1.97401e-07
0.0802576 1.97725e-07
0.0803475 1.98045e-07
0.0804374 1.98392e-07
0.0805272 1.98788e-07
0.0806171 1.9913e-07
0.080707 1.99527e-07
0.0807969 1.99886e-07
0.0808867 2.00284e-07
0.0809766 2.00673e-07
0.0810665 2.01059e-07
0.0811564 2.01537e-07
0.0812462 2.0193e-07
0.0813361 2.02345e-07
0.081426 2.02763e-07
0.0815159 2.03191e-07
0.0816057 2.03642e-07
0.0816956 2.04124e-07
0.0817855 2.04645e-07
0.0818754 2.05047e-07
0.0819652 2.05509e-07
0.0820551 2.05947e-07
0.082145 2.06507e-07
0.0822349 2.06978e-07
0.0823247 2.07438e-07
0.0824146 2.07907e-07
0.0825045 2.08414e-07
0.0825944 2.08896e-07
0.0826842 2.09352e-07
0.0827741 2.09718e-07
0.082864 2.10182e-07
0.0829538 2.10587e-07
0.0830437 2.10982e-07
0.0831336 2.11401e-07
0.0832235 2.11783e-07
0.0833133 2.12196e-07
0.0834032 2.12537e-07
0.0834931 2.12919e-07
0.083583 2.13337e-07
0.0836728 2.13704e-07
0.0837627 2.14107e-07
0.0838526 2.14443e-07
0.0839425 2.14775e-07
0.0840323 2.15092e-07
0.0841222 2.15453e-07
0.0842121 2.15828e-07
0.084302 2.16261e-07
0.0843918 2.16586e-07
0.0844817 2.16907e-07
0.0845716 2.17311e-07
0.0846615 2.17664e-07
0.0847513 2.18014e-07
0.0848412 2.18391e-07
0.0849311 2.18822e-07
0.085021 2.19297e-07
0.0851108 2.19744e-07
0.0852007 2.20155e-07
0.0852906 2.20657e-07
0.0853805 2.21105e-07
0.0854703 2.21612e-07
0.0855602 2.22056e-07
0.0856501 2.22548e-07
0.0857399 2.23013e-07
0.0858298 2.23454e-07
0.0859197 2.23913e-07
0.0860096 2.2441e-07
0.0860994 2.24914e-07
0.0861893 2.25505e-07
0.0862792 2.25983e-07
0.0863691 2.26505e-07
0.0864589 2.27018e-07
0.0865488 2.27435e-07
0.0866387 2.27852e-07
0.0867286 2.28386e-07
0.0868184 2.2878e-07
0.0869083 2.2924e-07
0.0869982 2.29703e-07
0.0870881 2.30148e-07
0.0871779 2.30515e-07
0.0872678 2.30892e-07
0.0873577 2.31273e-07
0.0874476 2.3168e-07
0.0875374 2.32062e-07
0.0876273 2.32464e-07
0.0877172 2.32795e-07
0.0878071 2.3319e-07
0.0878969 2.33564e-07
0.0879868 2.33991e-07
0.0880767 2.34414e-07
0.0881665 2.34848e-07
0.0882564 2.35185e-07
0.0883463 2.35529e-07
0.0884362 2.35797e-07
0.088526 2.36162e-07
0.0886159 2.36551e-07
0.0887058 2.36884e-07
0.0887957 2.37285e-07
0.0888855 2.37773e-07
0.0889754 2.38183e-07
0.0890653 2.38662e-07
0.0891552 2.39178e-07
0.089245 2.39613e-07
0.0893349 2.40095e-07
0.0894248 2.40593e-07
0.0895147 2.41121e-07
0.0896045 2.41585e-07
0.0896944 2.4216e-07
0.0897843 2.42675e-07
0.0898742 2.43121e-07
0.089964 2.43694e-07
0.0900539 2.44237e-07
0.0901438 2.44804e-07
0.0902337 2.45292e-07
0.0903235 2.45775e-07
0.0904134 2.46258e-07
0.0905033 2.46823e-07
0.0905932 2.47421e-07
0.090683 2.47983e-07
0.0907729 2.48489e-07
0.0908628 2.48973e-07
0.0909526 2.49447e-07
0.0910425 2.49942e-07
0.0911324 2.50362e-07
0.0912223 2.50776e-07
0.0913121 2.51215e-07
0.091402 2.51528e-07
0.0914919 2.51962e-07
0.0915818 2.52372e-07
0.0916716 2.52801e-07
0.0917615 2.53218e-07
0.0918514 2.53644e-07
0.0919413 2.54007e-07
0.0920311 2.54325e-07
0.092121 2.54817e-07
0.0922109 2.55193e-07
0.0923008 2.55563e-07
0.0923906 2.55841e-07
0.0924805 2.56191e-07
0.0925704 2.56552e-07
0.0926603 2.5693e-07
0.0927501 2.57232e-07
0.09284 2.57534e-07
0.0929299 2.57868e-07
0.0930198 2.58325e-07
0.0931096 2.58669e-07
0.0931995 2.59097e-07
0.0932894 2.59587e-07
0.0933793 2.6003e-07
0.0934691 2.60557e-07
0.093559 2.60975e-07
0.0936489 2.61576e-07
0.0937387 2.62115e-07
0.0938286 2.62602e-07
0.0939185 2.63105e-07
0.0940084 2.63586e-07
0.0940982 2.64171e-07
0.0941881 2.64799e-07
0.094278 2.65414e-07
0.0943679 2.65996e-07
0.0944577 2.66554e-07
0.0945476 2.67103e-07
0.0946375 2.67747e-07
0.0947274 2.684e-07
0.0948172 2.69e-07
0.0949071 2.69593e-07
0.094997 2.70191e-07
0.0950869 2.70807e-07
0.0951767 2.71337e-07
0.0952666 2.71847e-07
0.0953565 2.7237e-07
0.0954464 2.72971e-07
0.0955362 2.73381e-07
0.0956261 2.73871e-07
0.095716 2.74224e-07
0.0958059 2.74794e-07
0.0958957 2.75207e-07
0.0959856 2.75615e-07
0.0960755 2.76095e-07
0.0961653 2.76575e-07
0.0962552 2.76978e-07
0.0963451 2.77337e-07
0.096435 2.77566e-07
0.0965248 2.77978e-07
0.0966147 2.78302e-07
0.0967046 2.78627e-07
0.0967945 2.78998e-07
0.0968843 2.79359e-07
0.0969742 2.79684e-07
0.0970641 2.80062e-07
0.097154 2.80448e-07
0.0972438 2.80891e-07
0.0973337 2.81258e-07
0.0974236 2.81683e-07
0.0975135 2.82027e-07
0.0976033 2.82365e-07
0.0976932 2.82778e-07
0.0977831 2.83165e-07
0.097873 2.83608e-07
0.0979628 2.84228e-07
0.0980527 2.84712e-07
0.0981426 2.85172e-07
0.0982325 2.85768e-07
0.0983223 2.86247e-07
0.0984122 2.86743e-07
0.0985021 2.87317e-07
0.098592 2.87996e-07
0.0986818 2.88681e-07
0.0987717 2.89336e-07
0.0988616 2.8998e-07
0.0989514 2.90653e-07
0.0990413 2.91341e-07
0.0991312 2.92073e-07
0.0992211 2.92709e-07
0.0993109 2.93363e-07
0.0994008 2.93924e-07
0.0994907 2.94482e-07
0.0995806 2.95051e-07
0.0996704 2.95761e-07
0.0997603 2.96431e-07
0.0998502 2.97179e-07
0.0999401 2.97697e-07
0.10003 2.98299e-07
0.10012 2.98894e-07
0.10021 2.99336e-07
0.1003 2.9972e-07
0.100389 3.0025e-07
0.100479 3.0059e-07
0.100569 3.00998e-07
0.100659 3.01434e-07
0.100749 3.01838e-07
0.100839 3.02198e-07
0.100929 3.02578e-07
0.101019 3.0301e-07
0.101108 3.03274e-07
0.101198 3.03721e-07
0.101288 3.04123e-07
0.101378 3.04388e-07
0.101468 3.0471e-07
0.101558 3.05055e-07
0.101648 3.05421e-07
0.101738 3.05846e-07
0.101827 3.06243e-07
0.101917 3.0652e-07
0.102007 3.06799e-07
0.102097 3.07174e-07
0.102187 3.07558e-07
0.102277 3.07877e-07
0.102367 3.08379e-07
0.102457 3.08787e-07
0.102546 3.09294e-07
0.102636 3.09685e-07
0.102726 3.10197e-07
0.102816 3.1083e-07
0.102906 3.11337e-07
0.102996 3.11872e-07
0.103086 3.12319e-07
0.103176 3.12875e-07
0.103265 3.13481e-07
0.103355 3.14185e-07
0.103445 3.14871e-07
0.103535 3.15493e-07
0.103625 3.16203e-07
0.103715 3.17035e-07
0.103805 3.17821e-07
0.103895 3.18712e-07
0.103984 3.19541e-07
0.104074 3.20282e-07
0.104164 3.21148e-07
0.104254 3.21894e-07
0.104344 3.2266e-07
0.104434 3.23321e-07
0.104524 3.24233e-07
0.104614 3.24792e-07
0.104703 3.25398e-07
0.104793 3.25987e-07
0.104883 3.2669e-07
0.104973 3.2738e-07
0.105063 3.27856e-07
0.105153 3.28403e-07
0.105243 3.28971e-07
0.105333 3.2957e-07
0.105422 3.30097e-07
0.105512 3.30464e-07
0.105602 3.30873e-07
0.105692 3.31386e-07
0.105782 3.31677e-07
0.105872 3.32114e-07
0.105962 3.32376e-07
0.106052 3.32807e-07
0.106141 3.33083e-07
0.106231 3.3332e-07
0.106321 3.33711e-07
0.106411 3.34094e-07
0.106501 3.34478e-07
0.106591 3.34805e-07
0.106681 3.34977e-07
0.106771 3.35307e-07
0.10686 3.35581e-07
0.10695 3.35921e-07
0.10704 3.3635e-07
0.10713 3.36751e-07
0.10722 3.37077e-07
0.10731 3.37497e-07
0.1074 3.37944e-07
0.107489 3.38471e-07
0.107579 3.38889e-07
0.107669 3.39454e-07
0.107759 3.3992e-07
0.107849 3.40413e-07
0.107939 3.40871e-07
0.108029 3.4146e-07
0.108119 3.42081e-07
0.108208 3.42945e-07
0.108298 3.4358e-07
0.108388 3.44176e-07
0.108478 3.45012e-07
0.108568 3.45687e-07
0.108658 3.46368e-07
0.108748 3.47148e-07
0.108838 3.48103e-07
0.108927 3.49145e-07
0.109017 3.50115e-07
0.109107 3.50986e-07
0.109197 3.52056e-07
0.109287 3.52999e-07
0.109377 3.54037e-07
0.109467 3.5483e-07
0.109557 3.55706e-07
0.109646 3.56438e-07
0.109736 3.57097e-07
0.109826 3.57743e-07
0.109916 3.58536e-07
0.110006 3.59274e-07
0.110096 3.60193e-07
0.110186 3.6075e-07
0.110276 3.61407e-07
0.110365 3.62017e-07
0.110455 3.62414e-07
0.110545 3.62753e-07
0.110635 3.6331e-07
0.110725 3.63609e-07
0.110815 3.63989e-07
0.110905 3.64366e-07
0.110995 3.64767e-07
0.111084 3.65069e-07
0.111174 3.65434e-07
0.111264 3.65838e-07
0.111354 3.66044e-07
0.111444 3.66446e-07
0.111534 3.66797e-07
0.111624 3.66897e-07
0.111714 3.6714e-07
0.111803 3.67458e-07
0.111893 3.6763e-07
0.111983 3.67979e-07
0.112073 3.68279e-07
0.112163 3.68506e-07
0.112253 3.68676e-07
0.112343 3.69001e-07
0.112433 3.6934e-07
0.112522 3.69621e-07
0.112612 3.70169e-07
0.112702 3.70532e-07
0.112792 3.7087e-07
0.112882 3.71277e-07
0.112972 3.71764e-07
0.113062 3.72395e-07
0.113152 3.7308e-07
0.113241 3.73704e-07
0.113331 3.74148e-07
0.113421 3.74685e-07
0.113511 3.75354e-07
0.113601 3.76062e-07
0.113691 3.76825e-07
0.113781 3.77756e-07
0.113871 3.78658e-07
0.11396 3.79816e-07
0.11405 3.80747e-07
0.11414 3.82198e-07
0.11423 3.8354e-07
0.11432 3.84706e-07
0.11441 3.85863e-07
0.1145 3.86905e-07
0.11459 3.88045e-07
0.114679 3.89141e-07
0.114769 3.90531e-07
0.114859 3.91486e-07
0.114949 3.92394e-07
0.115039 3.93482e-07
0.115129 3.94598e-07
0.115219 3.95586e-07
0.115309 3.96533e-07
0.115398 3.9725e-07
0.115488 3.9798e-07
0.115578 3.98765e-07
0.115668 3.99442e-07
0.115758 3.99973e-07
0.115848 4.00517e-07
0.115938 4.01227e-07
0.116028 4.01391e-07
0.116117 4.01814e-07
0.116207 4.02048e-07
0.116297 4.02598e-07
0.116387 4.0289e-07
0.116477 4.03113e-07
0.116567 4.03405e-07
0.116657 4.0383e-07
0.116747 4.04236e-07
0.116836 4.04579e-07
0.116926 4.0468e-07
0.117016 4.05046e-07
0.117106 4.05289e-07
0.117196 4.05398e-07
0.117286 4.05631e-07
0.117376 4.0575e-07
0.117466 4.06175e-07
0.117555 4.06245e-07
0.117645 4.06484e-07
0.117735 4.06848e-07
0.117825 4.07227e-07
0.117915 4.07566e-07
0.118005 4.07753e-07
0.118095 4.07827e-07
0.118185 4.08277e-07
0.118274 4.08475e-07
0.118364 4.08871e-07
0.118454 4.09225e-07
0.118544 4.09677e-07
0.118634 4.10138e-07
0.118724 4.10502e-07
0.118814 4.11153e-07
0.118904 4.11958e-07
0.118993 4.12674e-07
0.119083 4.13598e-07
0.119173 4.142e-07
0.119263 4.15057e-07
0.119353 4.15992e-07
0.119443 4.16987e-07
0.119533 4.18322e-07
0.119623 4.19901e-07
0.119712 4.20962e-07
0.119802 4.22366e-07
0.119892 4.23954e-07
0.119982 4.25474e-07
0.120072 4.26925e-07
0.120162 4.28594e-07
0.120252 4.30327e-07
0.120341 4.32003e-07
0.120431 4.33453e-07
0.120521 4.34922e-07
0.120611 4.36351e-07
0.120701 4.37938e-07
0.120791 4.39388e-07
0.120881 4.40201e-07
0.120971 4.41255e-07
0.12106 4.41913e-07
0.12115 4.42376e-07
0.12124 4.4293e-07
0.12133 4.43666e-07
0.12142 4.44398e-07
0.12151 4.45127e-07
0.1216 4.45479e-07
0.12169 4.46086e-07
0.121779 4.46484e-07
0.121869 4.46898e-07
0.121959 4.47179e-07
0.122049 4.47506e-07
0.122139 4.4765e-07
0.122229 4.47822e-07
0.122319 4.47925e-07
0.122409 4.48265e-07
0.122498 4.4853e-07
0.122588 4.48969e-07
0.122678 4.49181e-07
0.122768 4.49289e-07
0.122858 4.49512e-07
0.122948 4.49573e-07
0.123038 4.49506e-07
0.123128 4.49607e-07
0.123217 4.49642e-07
0.123307 4.49502e-07
0.123397 4.49566e-07
0.123487 4.4959e-07
0.123577 4.49865e-07
0.123667 4.50118e-07
0.123757 4.5062e-07
0.123847 4.5079e-07
0.123936 4.51184e-07
0.124026 4.5169e-07
0.124116 4.51981e-07
0.124206 4.52146e-07
0.124296 4.52664e-07
0.124386 4.52801e-07
0.124476 4.53069e-07
0.124566 4.53507e-07
0.124655 4.53948e-07
0.124745 4.54504e-07
0.124835 4.55097e-07
0.124925 4.55893e-07
0.125015 4.56233e-07
0.125105 4.5732e-07
0.125195 4.58489e-07
0.125285 4.59303e-07
0.125374 4.60318e-07
0.125464 4.61683e-07
0.125554 4.63156e-07
0.125644 4.65571e-07
0.125734 4.68205e-07
0.125824 4.70615e-07
0.125914 4.73158e-07
0.126004 4.76206e-07
0.126093 4.79138e-07
0.126183 4.81255e-07
0.126273 4.84097e-07
0.126363 4.8584e-07
0.126453 4.87828e-07
0.126543 4.89035e-07
0.126633 4.90499e-07
0.126723 4.92104e-07
0.126812 4.92906e-07
0.126902 4.93635e-07
0.126992 4.93971e-07
0.127082 4.94425e-07
0.127172 4.95043e-07
0.127262 4.95626e-07
0.127352 4.9612e-07
0.127442 4.96498e-07
0.127531 4.96891e-07
0.127621 4.97448e-07
0.127711 4.97771e-07
0.127801 4.98334e-07
0.127891 4.98707e-07
0.127981 4.98797e-07
0.128071 4.98995e-07
0.128161 4.99024e-07
0.12825 4.99214e-07
0.12834 4.99399e-07
0.12843 4.99575e-07
0.12852 4.99609e-07
0.12861 4.99529e-07
0.1287 4.99488e-07
0.12879 4.9959e-07
0.12888 4.99696e-07
0.128969 4.99874e-07
0.129059 4.99896e-07
0.129149 4.99921e-07
0.129239 5.00027e-07
0.129329 4.99997e-07
0.129419 5.00203e-07
0.129509 5.0035e-07
0.129599 5.0056e-07
0.129688 5.00616e-07
0.129778 5.00618e-07
0.129868 5.0059e-07
0.129958 5.00874e-07
0.130048 5.0104e-07
0.130138 5.01198e-07
0.130228 5.01239e-07
0.130318 5.01401e-07
0.130407 5.01492e-07
0.130497 5.01572e-07
0.130587 5.01971e-07
0.130677 5.02291e-07
0.130767 5.02692e-07
0.130857 5.02872e-07
0.130947 5.02772e-07
0.131037 5.02657e-07
0.131126 5.03477e-07
0.131216 5.03679e-07
0.131306 5.04339e-07
0.131396 5.05015e-07
0.131486 5.06729e-07
0.131576 5.08158e-07
0.131666 5.11346e-07
0.131756 5.15936e-07
0.131845 5.24926e-07
0.131935 5.32643e-07
0.132025 5.40015e-07
0.132115 5.44841e-07
0.132205 5.48086e-07
0.132295 5.49646e-07
0.132385 5.51533e-07
0.132475 5.5276e-07
0.132564 5.53886e-07
0.132654 5.54343e-07
0.132744 5.55091e-07
0.132834 5.55079e-07
0.132924 5.55427e-07
0.133014 5.55902e-07
0.133104 5.56045e-07
0.133194 5.56567e-07
0.133283 5.57347e-07
0.133373 5.57517e-07
0.133463 5.57843e-07
0.133553 5.58283e-07
0.133643 5.58401e-07
0.133733 5.58533e-07
0.133823 5.58525e-07
0.133912 5.58543e-07
0.134002 5.58151e-07
0.134092 5.58174e-07
0.134182 5.57975e-07
0.134272 5.57666e-07
0.134362 5.5771e-07
0.134452 5.57852e-07
0.134542 5.57613e-07
0.134631 5.57746e-07
0.134721 5.57765e-07
0.134811 5.57747e-07
