-0.134811 -1.44901e-08
-0.134721 -1.44758e-08
-0.134631 -1.44615e-08
-0.134542 -1.44472e-08
-0.134452 -1.4433e-08
-0.134362 -1.44187e-08
-0.134272 -1.44044e-08
-0.134182 -1.43901e-08
-0.134092 -1.43758e-08
-0.134002 -1.43615e-08
-0.133912 -1.43473e-08
-0.133823 -1.4333e-08
-0.133733 -1.43187e-08
-0.133643 -1.43044e-08
-0.133553 -1.42901e-08
-0.133463 -1.42758e-08
-0.133373 -1.42615e-08
-0.133283 -1.42473e-08
-0.133194 -1.4233e-08
-0.133104 -1.42187e-08
-0.133014 -1.42044e-08
-0.132924 -1.41901e-08
-0.132834 -1.41758e-08
-0.132744 -1.41616e-08
-0.132654 -1.41473e-08
-0.132564 -1.4133e-08
-0.132475 -1.41187e-08
-0.132385 -1.41044e-08
-0.132295 -1.40901e-08
-0.132205 -1.40759e-08
-0.132115 -1.40616e-08
-0.132025 -1.40473e-08
-0.131935 -1.4033e-08
-0.131845 -1.40187e-08
-0.131756 -1.40044e-08
-0.131666 -1.39901e-08
-0.131576 -1.39759e-08
-0.131486 -1.39616e-08
-0.131396 -1.39473e-08
-0.131306 -1.3933e-08
-0.131216 -1.39187e-08
-0.131126 -1.39044e-08
-0.131037 -1.38902e-08
-0.130947 -1.38759e-08
-0.130857 -1.38616e-08
-0.130767 -1.38473e-08
-0.130677 -1.3833e-08
-0.130587 -1.38187e-08
-0.130497 -1.38045e-08
-0.130407 -1.37902e-08
-0.130318 -1.37759e-08
-0.130228 -1.37616e-08
-0.130138 -1.37473e-08
-0.130048 -1.3733e-08
-0.129958 -1.37187e-08
-0.129868 -1.37045e-08
-0.129778 -1.36902e-08
-0.129688 -1.36759e-08
-0.129599 -1.36616e-08
-0.129509 -1.36473e-08
-0.129419 -1.3633e-08
-0.129329 -1.36188e-08
-0.129239 -1.36045e-08
-0.129149 -1.35902e-08
-0.129059 -1.35759e-08
-0.128969 -1.35616e-08
-0.12888 -1.35473e-08
-0.12879 -1.35331e-08
-0.1287 -1.35188e-08
-0.12861 -1.35045e-08
-0.12852 -1.34902e-08
-0.12843 -1.34759e-08
-0.12834 -1.34616e-08
-0.12825 -1.34474e-08
-0.128161 -1.34331e-08
-0.128071 -1.34188e-08
-0.127981 -1.34045e-08
-0.127891 -1.33902e-08
-0.127801 -1.33759e-08
-0.127711 -1.33616e-08
-0.127621 -1.33474e-08
-0.127531 -1.33331e-08
-0.127442 -1.33188e-08
-0.127352 -1.33045e-08
-0.127262 -1.32902e-08
-0.127172 -1.32759e-08
-0.127082 -1.32617e-08
-0.126992 -1.32474e-08
-0.126902 -1.32331e-08
-0.126812 -1.32188e-08
-0.126723 -1.32045e-08
-0.126633 -1.31902e-08
-0.126543 -1.3176e-08
-0.126453 -1.31617e-08
-0.126363 -1.31474e-08
-0.126273 -1.31331e-08
-0.126183 -1.31188e-08
-0.126093 -1.31045e-08
-0.126004 -1.30902e-08
-0.125914 -1.3076e-08
-0.125824 -1.30617e-08
-0.125734 -1.30474e-08
-0.125644 -1.30331e-08
-0.125554 -1.30188e-08
-0.125464 -1.30045e-08
-0.125374 -1.29903e-08
-0.125285 -1.2976e-08
-0.125195 -1.29617e-08
-0.125105 -1.29474e-08
-0.125015 -1.29331e-08
-0.124925 -1.29188e-08
-0.124835 -1.29046e-08
-0.124745 -1.28903e-08
-0.124655 -1.2876e-08
-0.124566 -1.28617e-08
-0.124476 -1.28474e-08
-0.124386 -1.28331e-08
-0.124296 -1.28188e-08
-0.124206 -1.28046e-08
-0.124116 -1.27903e-08
-0.124026 -1.2776e-08
-0.123936 -1.27617e-08
-0.123847 -1.27474e-08
-0.123757 -1.27331e-08
-0.123667 -1.27189e-08
-0.123577 -1.27046e-08
-0.123487 -1.26903e-08
-0.123397 -1.2676e-08
-0.123307 -1.26617e-08
-0.123217 -1.26474e-08
-0.123128 -1.26332e-08
-0.123038 -1.26189e-08
-0.122948 -1.26046e-08
-0.122858 -1.25903e-08
-0.122768 -1.2576e-08
-0.122678 -1.25617e-08
-0.122588 -1.25474e-08
-0.122498 -1.25332e-08
-0.122409 -1.25189e-08
-0.122319 -1.25046e-08
-0.122229 -1.24903e-08
-0.122139 -1.2476e-08
-0.122049 -1.24617e-08
-0.121959 -1.24475e-08
-0.121869 -1.24332e-08
-0.121779 -1.24189e-08
-0.12169 -1.24046e-08
-0.1216 -1.23903e-08
-0.12151 -1.2376e-08
-0.12142 -1.23618e-08
-0.12133 -1.23475e-08
-0.12124 -1.23332e-08
-0.12115 -1.23189e-08
-0.12106 -1.23046e-08
-0.120971 -1.22903e-08
-0.120881 -1.22761e-08
-0.120791 -1.22618e-08
-0.120701 -1.22475e-08
-0.120611 -1.22332e-08
-0.120521 -1.22189e-08
-0.120431 -1.22046e-08
-0.120341 -1.21903e-08
-0.120252 -1.21761e-08
-0.120162 -1.21618e-08
-0.120072 -1.21475e-08
-0.119982 -1.21332e-08
-0.119892 -1.21189e-08
-0.119802 -1.21046e-08
-0.119712 -1.20904e-08
-0.119623 -1.20761e-08
-0.119533 -1.20618e-08
-0.119443 -1.20475e-08
-0.119353 -1.20332e-08
-0.119263 -1.20189e-08
-0.119173 -1.20047e-08
-0.119083 -1.19904e-08
-0.118993 -1.19761e-08
-0.118904 -1.19618e-08
-0.118814 -1.19475e-08
-0.118724 -1.19332e-08
-0.118634 -1.19189e-08
-0.118544 -1.19047e-08
-0.118454 -1.18904e-08
-0.118364 -1.18761e-08
-0.118274 -1.18618e-08
-0.118185 -1.18475e-08
-0.118095 -1.18332e-08
-0.118005 -1.1819e-08
-0.117915 -1.18047e-08
-0.117825 -1.17904e-08
-0.117735 -1.17761e-08
-0.117645 -1.17618e-08
-0.117555 -1.17475e-08
-0.117466 -1.17333e-08
-0.117376 -1.1719e-08
-0.117286 -1.17047e-08
-0.117196 -1.16904e-08
-0.117106 -1.16761e-08
-0.117016 -1.16618e-08
-0.116926 -1.16475e-08
-0.116836 -1.16333e-08
-0.116747 -1.1619e-08
-0.116657 -1.16047e-08
-0.116567 -1.15904e-08
-0.116477 -1.15761e-08
-0.116387 -1.15618e-08
-0.116297 -1.15476e-08
-0.116207 -1.15333e-08
-0.116117 -1.1519e-08
-0.116028 -1.15047e-08
-0.115938 -1.14904e-08
-0.115848 -1.14761e-08
-0.115758 -1.14619e-08
-0.115668 -1.14476e-08
-0.115578 -1.14333e-08
-0.115488 -1.1419e-08
-0.115398 -1.14047e-08
-0.115309 -1.13904e-08
-0.115219 -1.13761e-08
-0.115129 -1.13619e-08
-0.115039 -1.13476e-08
-0.114949 -1.13333e-08
-0.114859 -1.1319e-08
-0.114769 -1.13047e-08
-0.114679 -1.12904e-08
-0.11459 -1.12762e-08
-0.1145 -1.12619e-08
-0.11441 -1.12476e-08
-0.11432 -1.12333e-08
-0.11423 -1.1219e-08
-0.11414 -1.12047e-08
-0.11405 -1.11905e-08
-0.11396 -1.11762e-08
-0.113871 -1.11619e-08
-0.113781 -1.11476e-08
-0.113691 -1.11333e-08
-0.113601 -1.1119e-08
-0.113511 -1.11048e-08
-0.113421 -1.10905e-08
-0.113331 -1.10762e-08
-0.113241 -1.10619e-08
-0.113152 -1.10476e-08
-0.113062 -1.10333e-08
-0.112972 -1.1019e-08
-0.112882 -1.10048e-08
-0.112792 -1.09905e-08
-0.112702 -1.09762e-08
-0.112612 -1.09619e-08
-0.112522 -1.09476e-08
-0.112433 -1.09333e-08
-0.112343 -1.09191e-08
-0.112253 -1.09048e-08
-0.112163 -1.08905e-08
-0.112073 -1.08762e-08
-0.111983 -1.08619e-08
-0.111893 -1.08476e-08
-0.111803 -1.08334e-08
-0.111714 -1.08191e-08
-0.111624 -1.08048e-08
-0.111534 -1.07905e-08
-0.111444 -1.07762e-08
-0.111354 -1.07619e-08
-0.111264 -1.07476e-08
-0.111174 -1.07334e-08
-0.111084 -1.07191e-08
-0.110995 -1.07048e-08
-0.110905 -1.06905e-08
-0.110815 -1.06762e-08
-0.110725 -1.06619e-08
-0.110635 -1.06477e-08
-0.110545 -1.06334e-08
-0.110455 -1.06191e-08
-0.110365 -1.06048e-08
-0.110276 -1.05905e-08
-0.110186 -1.05762e-08
-0.110096 -1.0562e-08
-0.110006 -1.05477e-08
-0.109916 -1.05334e-08
-0.109826 -1.05191e-08
-0.109736 -1.05048e-08
-0.109646 -1.04905e-08
-0.109557 -1.04762e-08
-0.109467 -1.0462e-08
-0.109377 -1.04477e-08
-0.109287 -1.04334e-08
-0.109197 -1.04191e-08
-0.109107 -1.04048e-08
-0.109017 -1.03905e-08
-0.108927 -1.03763e-08
-0.108838 -1.0362e-08
-0.108748 -1.03477e-08
-0.108658 -1.03334e-08
-0.108568 -1.03191e-08
-0.108478 -1.03048e-08
-0.108388 -1.02906e-08
-0.108298 -1.02763e-08
-0.108208 -1.0262e-08
-0.108119 -1.02477e-08
-0.108029 -1.02334e-08
-0.107939 -1.02191e-08
-0.107849 -1.02048e-08
-0.107759 -1.01906e-08
-0.107669 -1.01763e-08
-0.107579 -1.0162e-08
-0.107489 -1.01477e-08
-0.1074 -1.01334e-08
-0.10731 -1.01191e-08
-0.10722 -1.01049e-08
-0.10713 -1.00906e-08
-0.10704 -1.00763e-08
-0.10695 -1.0062e-08
-0.10686 -1.00477e-08
-0.106771 -1.00334e-08
-0.106681 -1.00192e-08
-0.106591 -1.00049e-08
-0.106501 -9.99059e-09
-0.106411 -9.9763e-09
-0.106321 -9.96202e-09
-0.106231 -9.94774e-09
-0.106141 -9.93345e-09
-0.106052 -9.91917e-09
-0.105962 -9.90488e-09
-0.105872 -9.8906e-09
-0.105782 -9.87631e-09
-0.105692 -9.86203e-09
-0.105602 -9.84775e-09
-0.105512 -9.83346e-09
-0.105422 -9.81918e-09
-0.105333 -9.80489e-09
-0.105243 -9.79061e-09
-0.105153 -9.77633e-09
-0.105063 -9.76204e-09
-0.104973 -9.74776e-09
-0.104883 -9.73347e-09
-0.104793 -9.71919e-09
-0.104703 -9.7049e-09
-0.104614 -9.69062e-09
-0.104524 -9.67634e-09
-0.104434 -9.66205e-09
-0.104344 -9.64777e-09
-0.104254 -9.63348e-09
-0.104164 -9.6192e-09
-0.104074 -9.60492e-09
-0.103984 -9.59063e-09
-0.103895 -9.57635e-09
-0.103805 -9.56206e-09
-0.103715 -9.54778e-09
-0.103625 -9.53349e-09
-0.103535 -9.51921e-09
-0.103445 -9.50493e-09
-0.103355 -9.49064e-09
-0.103265 -9.47636e-09
-0.103176 -9.46207e-09
-0.103086 -9.44779e-09
-0.102996 -9.43351e-09
-0.102906 -9.41922e-09
-0.102816 -9.40494e-09
-0.102726 -9.39065e-09
-0.102636 -9.37637e-09
-0.102546 -9.36209e-09
-0.102457 -9.3478e-09
-0.102367 -9.33352e-09
-0.102277 -9.31923e-09
-0.102187 -9.30495e-09
-0.102097 -9.29066e-09
-0.102007 -9.27638e-09
-0.101917 -9.2621e-09
-0.101827 -9.24781e-09
-0.101738 -9.23353e-09
-0.101648 -9.21924e-09
-0.101558 -9.20496e-09
-0.101468 -9.19068e-09
-0.101378 -9.17639e-09
-0.101288 -9.16211e-09
-0.101198 -9.14782e-09
-0.101108 -9.13354e-09
-0.101019 -9.11925e-09
-0.100929 -9.10497e-09
-0.100839 -9.09069e-09
-0.100749 -9.0764e-09
-0.100659 -9.06212e-09
-0.100569 -9.04783e-09
-0.100479 -9.03355e-09
-0.100389 -9.01927e-09
-0.1003 -9.00498e-09
-0.10021 -8.9907e-09
-0.10012 -8.97641e-09
-0.10003 -8.96213e-09
-0.0999401 -8.94785e-09
-0.0998502 -8.93356e-09
-0.0997603 -8.91928e-09
-0.0996704 -8.90499e-09
-0.0995806 -8.89071e-09
-0.0994907 -8.87642e-09
-0.0994008 -8.86214e-09
-0.0993109 -8.84786e-09
-0.0992211 -8.83357e-09
-0.0991312 -8.81929e-09
-0.0990413 -8.805e-09
-0.0989514 -8.79072e-09
-0.0988616 -8.77644e-09
-0.0987717 -8.76215e-09
-0.0986818 -8.74787e-09
-0.098592 -8.73358e-09
-0.0985021 -8.7193e-09
-0.0984122 -8.70501e-09
-0.0983223 -8.69073e-09
-0.0982325 -8.67645e-09
-0.0981426 -8.66216e-09
-0.0980527 -8.64788e-09
-0.0979628 -8.63359e-09
-0.097873 -8.61931e-09
-0.0977831 -8.60503e-09
-0.0976932 -8.59074e-09
-0.0976033 -8.57646e-09
-0.0975135 -8.56217e-09
-0.0974236 -8.54789e-09
-0.0973337 -8.5336e-09
-0.0972438 -8.51932e-09
-0.097154 -8.50504e-09
-0.0970641 -8.49075e-09
-0.0969742 -8.47647e-09
-0.0968843 -8.46218e-09
-0.0967945 -8.4479e-09
-0.0967046 -8.43362e-09
-0.0966147 -8.41933e-09
-0.0965248 -8.40505e-09
-0.096435 -8.39076e-09
-0.0963451 -8.37648e-09
-0.0962552 -8.3622e-09
-0.0961653 -8.34791e-09
-0.0960755 -8.33363e-09
-0.0959856 -8.31934e-09
-0.0958957 -8.30506e-09
-0.0958059 -8.29077e-09
-0.095716 -8.27649e-09
-0.0956261 -8.26221e-09
-0.0955362 -8.24792e-09
-0.0954464 -8.23364e-09
-0.0953565 -8.21935e-09
-0.0952666 -8.20507e-09
-0.0951767 -8.19079e-09
-0.0950869 -8.1765e-09
-0.094997 -8.16222e-09
-0.0949071 -8.14793e-09
-0.0948172 -8.13365e-09
-0.0947274 -8.11936e-09
-0.0946375 -8.10508e-09
-0.0945476 -8.0908e-09
-0.0944577 -8.07651e-09
-0.0943679 -8.06223e-09
-0.094278 -8.04794e-09
-0.0941881 -8.03366e-09
-0.0940982 -8.01938e-09
-0.0940084 -8.00509e-09
-0.0939185 -7.99081e-09
-0.0938286 -7.97652e-09
-0.0937387 -7.96224e-09
-0.0936489 -7.94795e-09
-0.093559 -7.93367e-09
-0.0934691 -7.91939e-09
-0.0933793 -7.9051e-09
-0.0932894 -7.89082e-09
-0.0931995 -7.87653e-09
-0.0931096 -7.86225e-09
-0.0930198 -7.84797e-09
-0.0929299 -7.83368e-09
-0.09284 -7.8194e-09
-0.0927501 -7.80511e-09
-0.0926603 -7.79083e-09
-0.0925704 -7.77655e-09
-0.0924805 -7.76226e-09
-0.0923906 -7.74798e-09
-0.0923008 -7.73369e-09
-0.0922109 -7.71941e-09
-0.092121 -7.70512e-09
-0.0920311 -7.69084e-09
-0.0919413 -7.67656e-09
-0.0918514 -7.66227e-09
-0.0917615 -7.64799e-09
-0.0916716 -7.6337e-09
-0.0915818 -7.61942e-09
-0.0914919 -7.60514e-09
-0.091402 -7.59085e-09
-0.0913121 -7.57657e-09
-0.0912223 -7.56228e-09
-0.0911324 -7.548e-09
-0.0910425 -7.53371e-09
-0.0909526 -7.51943e-09
-0.0908628 -7.50515e-09
-0.0907729 -7.49086e-09
-0.090683 -7.47658e-09
-0.0905932 -7.46229e-09
-0.0905033 -7.44801e-09
-0.0904134 -7.43373e-09
-0.0903235 -7.41944e-09
-0.0902337 -7.40516e-09
-0.0901438 -7.39087e-09
-0.0900539 -7.37659e-09
-0.089964 -7.3623e-09
-0.0898742 -7.34802e-09
-0.0897843 -7.33374e-09
-0.0896944 -7.31945e-09
-0.0896045 -7.30517e-09
-0.0895147 -7.29088e-09
-0.0894248 -7.2766e-09
-0.0893349 -7.26232e-09
-0.089245 -7.24803e-09
-0.0891552 -7.23375e-09
-0.0890653 -7.21946e-09
-0.0889754 -7.20518e-09
-0.0888855 -7.1909e-09
-0.0887957 -7.17661e-09
-0.0887058 -7.16233e-09
-0.0886159 -7.14804e-09
-0.088526 -7.13376e-09
-0.0884362 -7.11947e-09
-0.0883463 -7.10519e-09
-0.0882564 -7.09091e-09
-0.0881665 -7.07662e-09
-0.0880767 -7.06234e-09
-0.0879868 -7.04805e-09
-0.0878969 -7.03377e-09
-0.0878071 -7.01949e-09
-0.0877172 -7.0052e-09
-0.0876273 -6.99092e-09
-0.0875374 -6.97663e-09
-0.0874476 -6.96235e-09
-0.0873577 -6.94806e-09
-0.0872678 -6.93378e-09
-0.0871779 -6.9195e-09
-0.0870881 -6.90521e-09
-0.0869982 -6.89093e-09
-0.0869083 -6.87664e-09
-0.0868184 -6.86236e-09
-0.0867286 -6.84808e-09
-0.0866387 -6.83379e-09
-0.0865488 -6.81951e-09
-0.0864589 -6.80522e-09
-0.0863691 -6.79094e-09
-0.0862792 -6.77666e-09
-0.0861893 -6.76237e-09
-0.0860994 -6.74809e-09
-0.0860096 -6.7338e-09
-0.0859197 -6.71952e-09
-0.0858298 -6.70523e-09
-0.0857399 -6.69095e-09
-0.0856501 -6.67667e-09
-0.0855602 -6.66238e-09
-0.0854703 -6.6481e-09
-0.0853805 -6.63381e-09
-0.0852906 -6.61953e-09
-0.0852007 -6.60525e-09
-0.0851108 -6.59096e-09
-0.085021 -6.57668e-09
-0.0849311 -6.56239e-09
-0.0848412 -6.54811e-09
-0.0847513 -6.53382e-09
-0.0846615 -6.51954e-09
-0.0845716 -6.50526e-09
-0.0844817 -6.49097e-09
-0.0843918 -6.47669e-09
-0.084302 -6.4624e-09
-0.0842121 -6.44812e-09
-0.0841222 -6.43384e-09
-0.0840323 -6.41955e-09
-0.0839425 -6.40527e-09
-0.0838526 -6.39098e-09
-0.0837627 -6.3767e-09
-0.0836728 -6.36241e-09
-0.083583 -6.34813e-09
-0.0834931 -6.33385e-09
-0.0834032 -6.31956e-09
-0.0833133 -6.30528e-09
-0.0832235 -6.29099e-09
-0.0831336 -6.27671e-09
-0.0830437 -6.26243e-09
-0.0829538 -6.24814e-09
-0.082864 -6.23386e-09
-0.0827741 -6.21957e-09
-0.0826842 -6.20529e-09
-0.0825944 -6.19101e-09
-0.0825045 -6.17672e-09
-0.0824146 -6.16244e-09
-0.0823247 -6.14815e-09
-0.0822349 -6.13387e-09
-0.082145 -6.11958e-09
-0.0820551 -6.1053e-09
-0.0819652 -6.09102e-09
-0.0818754 -6.07673e-09
-0.0817855 -6.06245e-09
-0.0816956 -6.04816e-09
-0.0816057 -6.03388e-09
-0.0815159 -6.0196e-09
-0.081426 -6.00531e-09
-0.0813361 -5.99103e-09
-0.0812462 -5.97674e-09
-0.0811564 -5.96246e-09
-0.0810665 -5.94817e-09
-0.0809766 -5.93389e-09
-0.0808867 -5.91961e-09
-0.0807969 -5.90532e-09
-0.080707 -5.89104e-09
-0.0806171 -5.87675e-09
-0.0805272 -5.86247e-09
-0.0804374 -5.84819e-09
-0.0803475 -5.8339e-09
-0.0802576 -5.81962e-09
-0.0801677 -5.80533e-09
-0.0800779 -5.79105e-09
-0.079988 -5.77676e-09
-0.0798981 -5.76248e-09
-0.0798083 -5.7482e-09
-0.0797184 -5.73391e-09
-0.0796285 -5.71963e-09
-0.0795386 -5.70534e-09
-0.0794488 -5.69106e-09
-0.0793589 -5.67678e-09
-0.079269 -5.66249e-09
-0.0791791 -5.64821e-09
-0.0790893 -5.63392e-09
-0.0789994 -5.61964e-09
-0.0789095 -5.60536e-09
-0.0788196 -5.59107e-09
-0.0787298 -5.57679e-09
-0.0786399 -5.5625e-09
-0.07855 -5.54822e-09
-0.0784601 -5.53393e-09
-0.0783703 -5.51965e-09
-0.0782804 -5.50537e-09
-0.0781905 -5.49108e-09
-0.0781006 -5.4768e-09
-0.0780108 -5.46251e-09
-0.0779209 -5.44823e-09
-0.077831 -5.43395e-09
-0.0777411 -5.41966e-09
-0.0776513 -5.40538e-09
-0.0775614 -5.39109e-09
-0.0774715 -5.37681e-09
-0.0773817 -5.36252e-09
-0.0772918 -5.34824e-09
-0.0772019 -5.33396e-09
-0.077112 -5.31967e-09
-0.0770222 -5.30539e-09
-0.0769323 -5.2911e-09
-0.0768424 -5.27682e-09
-0.0767525 -5.26254e-09
-0.0766627 -5.24825e-09
-0.0765728 -5.23397e-09
-0.0764829 -5.21968e-09
-0.076393 -5.2054e-09
-0.0763032 -5.19111e-09
-0.0762133 -5.17683e-09
-0.0761234 -5.16255e-09
-0.0760335 -5.14826e-09
-0.0759437 -5.13398e-09
-0.0758538 -5.11969e-09
-0.0757639 -5.10541e-09
-0.075674 -5.09113e-09
-0.0755842 -5.07684e-09
-0.0754943 -5.06256e-09
-0.0754044 -5.04827e-09
-0.0753145 -5.03399e-09
-0.0752247 -5.01971e-09
-0.0751348 -5.00542e-09
-0.0750449 -4.99114e-09
-0.074955 -4.97685e-09
-0.0748652 -4.96257e-09
-0.0747753 -4.94828e-09
-0.0746854 -4.934e-09
-0.0745956 -4.91972e-09
-0.0745057 -4.90543e-09
-0.0744158 -4.89115e-09
-0.0743259 -4.87686e-09
-0.0742361 -4.86258e-09
-0.0741462 -4.8483e-09
-0.0740563 -4.83401e-09
-0.0739664 -4.81973e-09
-0.0738766 -4.80544e-09
-0.0737867 -4.79116e-09
-0.0736968 -4.77687e-09
-0.0736069 -4.76259e-09
-0.0735171 -4.74831e-09
-0.0734272 -4.73402e-09
-0.0733373 -4.71974e-09
-0.0732474 -4.70545e-09
-0.0731576 -4.69117e-09
-0.0730677 -4.67689e-09
-0.0729778 -4.6626e-09
-0.0728879 -4.64832e-09
-0.0727981 -4.63403e-09
-0.0727082 -4.61975e-09
-0.0726183 -4.60547e-09
-0.0725284 -4.59118e-09
-0.0724386 -4.5769e-09
-0.0723487 -4.56261e-09
-0.0722588 -4.54833e-09
-0.0721689 -4.53404e-09
-0.0720791 -4.51976e-09
-0.0719892 -4.50548e-09
-0.0718993 -4.49119e-09
-0.0718095 -4.47691e-09
-0.0717196 -4.46262e-09
-0.0716297 -4.44834e-09
-0.0715398 -4.43406e-09
-0.07145 -4.41977e-09
-0.0713601 -4.40549e-09
-0.0712702 -4.3912e-09
-0.0711803 -4.37692e-09
-0.0710905 -4.36263e-09
-0.0710006 -4.34835e-09
-0.0709107 -4.33407e-09
-0.0708208 -4.31978e-09
-0.070731 -4.3055e-09
-0.0706411 -4.29121e-09
-0.0705512 -4.27693e-09
-0.0704613 -4.26265e-09
-0.0703715 -4.24836e-09
-0.0702816 -4.23408e-09
-0.0701917 -4.21979e-09
-0.0701018 -4.20551e-09
-0.070012 -4.19122e-09
-0.0699221 -4.17694e-09
-0.0698322 -4.16266e-09
-0.0697423 -4.14837e-09
-0.0696525 -4.13417e-09
-0.0695626 -4.12005e-09
-0.0694727 -4.106e-09
-0.0693829 -4.09212e-09
-0.069293 -4.0784e-09
-0.0692031 -4.06481e-09
-0.0691132 -4.05142e-09
-0.0690234 -4.03825e-09
-0.0689335 -4.02522e-09
-0.0688436 -4.01237e-09
-0.0687537 -3.99977e-09
-0.0686639 -3.98733e-09
-0.068574 -3.97504e-09
-0.0684841 -3.96298e-09
-0.0683942 -3.95107e-09
-0.0683044 -3.9393e-09
-0.0682145 -3.92772e-09
-0.0681246 -3.91628e-09
-0.0680347 -3.90497e-09
-0.0679449 -3.8938e-09
-0.067855 -3.88279e-09
-0.0677651 -3.87189e-09
-0.0676752 -3.86108e-09
-0.0675854 -3.85042e-09
-0.0674955 -3.83985e-09
-0.0674056 -3.82936e-09
-0.0673157 -3.81902e-09
-0.0672259 -3.80876e-09
-0.067136 -3.79856e-09
-0.0670461 -3.7885e-09
-0.0669562 -3.7785e-09
-0.0668664 -3.76858e-09
-0.0667765 -3.75877e-09
-0.0666866 -3.74907e-09
-0.0665968 -3.73946e-09
-0.0665069 -3.72997e-09
-0.066417 -3.72066e-09
-0.0663271 -3.71147e-09
-0.0662373 -3.70242e-09
-0.0661474 -3.69361e-09
-0.0660575 -3.68496e-09
-0.0659676 -3.67648e-09
-0.0658778 -3.66834e-09
-0.0657879 -3.66044e-09
-0.065698 -3.65278e-09
-0.0656081 -3.6455e-09
-0.0655183 -3.6386e-09
-0.0654284 -3.63201e-09
-0.0653385 -3.62581e-09
-0.0652486 -3.62017e-09
-0.0651588 -3.6149e-09
-0.0650689 -3.61004e-09
-0.064979 -3.60591e-09
-0.0648891 -3.60223e-09
-0.0647993 -3.59901e-09
-0.0647094 -3.59657e-09
-0.0646195 -3.5947e-09
-0.0645296 -3.59333e-09
-0.0644398 -3.59266e-09
-0.0643499 -3.59265e-09
-0.06426 -3.59312e-09
-0.0641701 -3.59421e-09
-0.0640803 -3.59592e-09
-0.0639904 -3.59802e-09
-0.0639005 -3.60056e-09
-0.0638107 -3.60357e-09
-0.0637208 -3.60681e-09
-0.0636309 -3.61026e-09
-0.063541 -3.6139e-09
-0.0634512 -3.61753e-09
-0.0633613 -3.62113e-09
-0.0632714 -3.62457e-09
-0.0631815 -3.62773e-09
-0.0630917 -3.63061e-09
-0.0630018 -3.63305e-09
-0.0629119 -3.63486e-09
-0.062822 -3.63618e-09
-0.0627322 -3.63691e-09
-0.0626423 -3.63665e-09
-0.0625524 -3.63575e-09
-0.0624625 -3.6342e-09
-0.0623727 -3.63141e-09
-0.0622828 -3.62786e-09
-0.0621929 -3.62357e-09
-0.062103 -3.61813e-09
-0.0620132 -3.61178e-09
-0.0619233 -3.60472e-09
-0.0618334 -3.59669e-09
-0.0617435 -3.5877e-09
-0.0616537 -3.57807e-09
-0.0615638 -3.56773e-09
-0.0614739 -3.55649e-09
-0.0613841 -3.54475e-09
-0.0612942 -3.53255e-09
-0.0612043 -3.51962e-09
-0.0611144 -3.50639e-09
-0.0610246 -3.49286e-09
-0.0609347 -3.47895e-09
-0.0608448 -3.46481e-09
-0.0607549 -3.45054e-09
-0.0606651 -3.43616e-09
-0.0605752 -3.42171e-09
-0.0604853 -3.40724e-09
-0.0603954 -3.39276e-09
-0.0603056 -3.37837e-09
-0.0602157 -3.36404e-09
-0.0601258 -3.34975e-09
-0.0600359 -3.33558e-09
-0.0599461 -3.3215e-09
-0.0598562 -3.30751e-09
-0.0597663 -3.29366e-09
-0.0596764 -3.2799e-09
-0.0595866 -3.26623e-09
-0.0594967 -3.25264e-09
-0.0594068 -3.23922e-09
-0.0593169 -3.2259e-09
-0.0592271 -3.21271e-09
-0.0591372 -3.1997e-09
-0.0590473 -3.18683e-09
-0.0589574 -3.17413e-09
-0.0588676 -3.16176e-09
-0.0587777 -3.14958e-09
-0.0586878 -3.13762e-09
-0.058598 -3.12609e-09
-0.0585081 -3.11487e-09
-0.0584182 -3.10394e-09
-0.0583283 -3.09346e-09
-0.0582385 -3.08338e-09
-0.0581486 -3.07361e-09
-0.0580587 -3.06427e-09
-0.0579688 -3.05539e-09
-0.057879 -3.0468e-09
-0.0577891 -3.03851e-09
-0.0576992 -3.03069e-09
-0.0576093 -3.02312e-09
-0.0575195 -3.01578e-09
-0.0574296 -3.00877e-09
-0.0573397 -3.00194e-09
-0.0572498 -2.99528e-09
-0.05716 -2.98882e-09
-0.0570701 -2.9825e-09
-0.0569802 -2.97627e-09
-0.0568903 -2.97014e-09
-0.0568005 -2.96413e-09
-0.0567106 -2.95818e-09
-0.0566207 -2.95228e-09
-0.0565308 -2.94643e-09
-0.056441 -2.94063e-09
-0.0563511 -2.93489e-09
-0.0562612 -2.92918e-09
-0.0561713 -2.9235e-09
-0.0560815 -2.91784e-09
-0.0559916 -2.91216e-09
-0.0559017 -2.9065e-09
-0.0558119 -2.90083e-09
-0.055722 -2.89514e-09
-0.0556321 -2.88937e-09
-0.0555422 -2.88355e-09
-0.0554524 -2.87765e-09
-0.0553625 -2.87161e-09
-0.0552726 -2.86543e-09
-0.0551827 -2.85912e-09
-0.0550929 -2.85254e-09
-0.055003 -2.84578e-09
-0.0549131 -2.83883e-09
-0.0548232 -2.83157e-09
-0.0547334 -2.82401e-09
-0.0546435 -2.81621e-09
-0.0545536 -2.80814e-09
-0.0544637 -2.79972e-09
-0.0543739 -2.79105e-09
-0.054284 -2.78209e-09
-0.0541941 -2.77278e-09
-0.0541042 -2.76326e-09
-0.0540144 -2.75352e-09
-0.0539245 -2.74338e-09
-0.0538346 -2.73305e-09
-0.0537447 -2.72253e-09
-0.0536549 -2.71171e-09
-0.053565 -2.70067e-09
-0.0534751 -2.68944e-09
-0.0533853 -2.67793e-09
-0.0532954 -2.66616e-09
-0.0532055 -2.65419e-09
-0.0531156 -2.642e-09
-0.0530258 -2.62942e-09
-0.0529359 -2.61664e-09
-0.052846 -2.60366e-09
-0.0527561 -2.59023e-09
-0.0526663 -2.57654e-09
-0.0525764 -2.56257e-09
-0.0524865 -2.54817e-09
-0.0523966 -2.53346e-09
-0.0523068 -2.51849e-09
-0.0522169 -2.50315e-09
-0.052127 -2.48746e-09
-0.0520371 -2.47155e-09
-0.0519473 -2.45535e-09
-0.0518574 -2.43884e-09
-0.0517675 -2.42218e-09
-0.0516776 -2.40539e-09
-0.0515878 -2.38847e-09
-0.0514979 -2.37152e-09
-0.051408 -2.35456e-09
-0.0513181 -2.33767e-09
-0.0512283 -2.32091e-09
-0.0511384 -2.30428e-09
-0.0510485 -2.28786e-09
-0.0509586 -2.2718e-09
-0.0508688 -2.25602e-09
-0.0507789 -2.24061e-09
-0.050689 -2.22573e-09
-0.0505992 -2.21122e-09
-0.0505093 -2.19711e-09
-0.0504194 -2.18369e-09
-0.0503295 -2.17066e-09
-0.0502397 -2.15804e-09
-0.0501498 -2.14607e-09
-0.0500599 -2.13457e-09
-0.04997 -2.12348e-09
-0.0498802 -2.11295e-09
-0.0497903 -2.10285e-09
-0.0497004 -2.09306e-09
-0.0496105 -2.08366e-09
-0.0495207 -2.07465e-09
-0.0494308 -2.06585e-09
-0.0493409 -2.05727e-09
-0.049251 -2.04891e-09
-0.0491612 -2.04067e-09
-0.0490713 -2.03256e-09
-0.0489814 -2.02454e-09
-0.0488915 -2.01653e-09
-0.0488017 -2.00851e-09
-0.0487118 -2.00045e-09
-0.0486219 -1.99229e-09
-0.048532 -1.98406e-09
-0.0484422 -1.97569e-09
-0.0483523 -1.96709e-09
-0.0482624 -1.95836e-09
-0.0481725 -1.94951e-09
-0.0480827 -1.94039e-09
-0.0479928 -1.93111e-09
-0.0479029 -1.92167e-09
-0.0478131 -1.91192e-09
-0.0477232 -1.902e-09
-0.0476333 -1.89191e-09
-0.0475434 -1.88153e-09
-0.0474536 -1.87101e-09
-0.0473637 -1.86037e-09
-0.0472738 -1.84956e-09
-0.0471839 -1.83858e-09
-0.0470941 -1.82751e-09
-0.0470042 -1.81633e-09
-0.0469143 -1.80505e-09
-0.0468244 -1.79373e-09
-0.0467346 -1.78237e-09
-0.0466447 -1.77095e-09
-0.0465548 -1.75958e-09
-0.0464649 -1.74826e-09
-0.0463751 -1.73702e-09
-0.0462852 -1.72588e-09
-0.0461953 -1.71484e-09
-0.0461054 -1.70396e-09
-0.0460156 -1.6933e-09
-0.0459257 -1.6828e-09
-0.0458358 -1.67254e-09
-0.0457459 -1.66256e-09
-0.0456561 -1.65283e-09
-0.0455662 -1.64336e-09
-0.0454763 -1.63439e-09
-0.0453865 -1.6257e-09
-0.0452966 -1.61729e-09
-0.0452067 -1.60939e-09
-0.0451168 -1.60187e-09
-0.045027 -1.59467e-09
-0.0449371 -1.58794e-09
-0.0448472 -1.58162e-09
-0.0447573 -1.57562e-09
-0.0446675 -1.57007e-09
-0.0445776 -1.56501e-09
-0.0444877 -1.56025e-09
-0.0443978 -1.5558e-09
-0.044308 -1.55184e-09
-0.0442181 -1.54812e-09
-0.0441282 -1.54464e-09
-0.0440383 -1.54148e-09
-0.0439485 -1.53856e-09
-0.0438586 -1.53584e-09
-0.0437687 -1.53332e-09
-0.0436788 -1.53094e-09
-0.043589 -1.52864e-09
-0.0434991 -1.52643e-09
-0.0434092 -1.52427e-09
-0.0433193 -1.5221e-09
-0.0432295 -1.51992e-09
-0.0431396 -1.5176e-09
-0.0430497 -1.51523e-09
-0.0429598 -1.51279e-09
-0.04287 -1.51016e-09
-0.0427801 -1.50737e-09
-0.0426902 -1.50443e-09
-0.0426004 -1.50124e-09
-0.0425105 -1.49782e-09
-0.0424206 -1.49421e-09
-0.0423307 -1.49033e-09
-0.0422409 -1.4861e-09
-0.042151 -1.48167e-09
-0.0420611 -1.47704e-09
-0.0419712 -1.47201e-09
-0.0418814 -1.46676e-09
-0.0417915 -1.4613e-09
-0.0417016 -1.45543e-09
-0.0416117 -1.44934e-09
-0.0415219 -1.44302e-09
-0.041432 -1.43634e-09
-0.0413421 -1.42943e-09
-0.0412522 -1.42233e-09
-0.0411624 -1.41496e-09
-0.0410725 -1.40729e-09
-0.0409826 -1.39944e-09
-0.0408927 -1.39139e-09
-0.0408029 -1.38304e-09
-0.040713 -1.37452e-09
-0.0406231 -1.36583e-09
-0.0405332 -1.35678e-09
-0.0404434 -1.3476e-09
-0.0403535 -1.33829e-09
-0.0402636 -1.32874e-09
-0.0401737 -1.319e-09
-0.0400839 -1.3091e-09
-0.039994 -1.299e-09
-0.0399041 -1.2887e-09
-0.0398143 -1.27827e-09
-0.0397244 -1.26765e-09
-0.0396345 -1.25678e-09
-0.0395446 -1.2458e-09
-0.0394548 -1.23473e-09
-0.0393649 -1.22343e-09
-0.039275 -1.21202e-09
-0.0391851 -1.20049e-09
-0.0390953 -1.18881e-09
-0.0390054 -1.17701e-09
-0.0389155 -1.16513e-09
-0.0388256 -1.15315e-09
-0.0387358 -1.14107e-09
-0.0386459 -1.12895e-09
-0.038556 -1.11682e-09
-0.0384661 -1.10469e-09
-0.0383763 -1.09259e-09
-0.0382864 -1.08052e-09
-0.0381965 -1.06855e-09
-0.0381066 -1.05668e-09
-0.0380168 -1.04492e-09
-0.0379269 -1.03334e-09
-0.037837 -1.022e-09
-0.0377471 -1.01088e-09
-0.0376573 -1.00007e-09
-0.0375674 -9.8964e-10
-0.0374775 -9.79496e-10
-0.0373876 -9.69723e-10
-0.0372978 -9.60476e-10
-0.0372079 -9.51593e-10
-0.037118 -9.43104e-10
-0.0370282 -9.35246e-10
-0.0369383 -9.27818e-10
-0.0368484 -9.20823e-10
-0.0367585 -9.14521e-10
-0.0366687 -9.08678e-10
-0.0365788 -9.03234e-10
-0.0364889 -8.98359e-10
-0.036399 -8.93977e-10
-0.0363092 -8.89943e-10
-0.0362193 -8.8633e-10
-0.0361294 -8.83114e-10
-0.0360395 -8.8015e-10
-0.0359497 -8.7746e-10
-0.0358598 -8.75088e-10
-0.0357699 -8.72831e-10
-0.03568 -8.70677e-10
-0.0355902 -8.68611e-10
-0.0355003 -8.66524e-10
-0.0354104 -8.644e-10
-0.0353205 -8.62156e-10
-0.0352307 -8.5969e-10
-0.0351408 -8.57051e-10
-0.0350509 -8.54185e-10
-0.034961 -8.51008e-10
-0.0348712 -8.47526e-10
-0.0347813 -8.43649e-10
-0.0346914 -8.3924e-10
-0.0346016 -8.34539e-10
-0.0345117 -8.29539e-10
-0.0344218 -8.23798e-10
-0.0343319 -8.17729e-10
-0.0342421 -8.11319e-10
-0.0341522 -8.04228e-10
-0.0340623 -7.96761e-10
-0.0339724 -7.88942e-10
-0.0338826 -7.80557e-10
-0.0337927 -7.71695e-10
-0.0337028 -7.62551e-10
-0.0336129 -7.53109e-10
-0.0335231 -7.43127e-10
-0.0334332 -7.32916e-10
-0.0333433 -7.22492e-10
-0.0332534 -7.11593e-10
-0.0331636 -7.005e-10
-0.0330737 -6.8924e-10
-0.0329838 -6.77834e-10
-0.0328939 -6.66208e-10
-0.0328041 -6.54469e-10
-0.0327142 -6.42702e-10
-0.0326243 -6.30782e-10
-0.0325344 -6.18851e-10
-0.0324446 -6.06981e-10
-0.0323547 -5.95051e-10
-0.0322648 -5.83171e-10
-0.0321749 -5.71361e-10
-0.0320851 -5.59816e-10
-0.0319952 -5.48358e-10
-0.0319053 -5.37015e-10
-0.0318155 -5.26039e-10
-0.0317256 -5.15237e-10
-0.0316357 -5.04636e-10
-0.0315458 -4.94449e-10
-0.031456 -4.84553e-10
-0.0313661 -4.74904e-10
-0.0312762 -4.6559e-10
-0.0311863 -4.56831e-10
-0.0310965 -4.48344e-10
-0.0310066 -4.40115e-10
-0.0309167 -4.32523e-10
-0.0308268 -4.25162e-10
-0.030737 -4.18043e-10
-0.0306471 -4.11446e-10
-0.0305572 -4.05057e-10
-0.0304673 -3.9885e-10
-0.0303775 -3.92922e-10
-0.0302876 -3.87272e-10
-0.0301977 -3.81741e-10
-0.0301078 -3.76265e-10
-0.030018 -3.70957e-10
-0.0299281 -3.65641e-10
-0.0298382 -3.60272e-10
-0.0297483 -3.54919e-10
-0.0296585 -3.49426e-10
-0.0295686 -3.43789e-10
-0.0294787 -3.37968e-10
-0.0293888 -3.32048e-10
-0.029299 -3.25999e-10
-0.0292091 -3.19629e-10
-0.0291192 -3.13113e-10
-0.0290294 -3.06432e-10
-0.0289395 -2.99473e-10
-0.0288496 -2.92358e-10
-0.0287597 -2.85088e-10
-0.0286699 -2.77624e-10
-0.02858 -2.69987e-10
-0.0284901 -2.62358e-10
-0.0284002 -2.54742e-10
-0.0283104 -2.47016e-10
-0.0282205 -2.39432e-10
-0.0281306 -2.31961e-10
-0.0280407 -2.24605e-10
-0.0279509 -2.1759e-10
-0.027861 -2.10812e-10
-0.0277711 -2.04312e-10
-0.0276812 -1.98343e-10
-0.0275914 -1.92809e-10
-0.0275015 -1.87811e-10
-0.0274116 -1.83488e-10
-0.0273217 -1.79726e-10
-0.0272319 -1.76543e-10
-0.027142 -1.74199e-10
-0.0270521 -1.72504e-10
-0.0269622 -1.71389e-10
-0.0268724 -1.71043e-10
-0.0267825 -1.71355e-10
-0.0266926 -1.72192e-10
-0.0266028 -1.73749e-10
-0.0265129 -1.75838e-10
-0.026423 -1.78318e-10
-0.0263331 -1.81268e-10
-0.0262433 -1.8458e-10
-0.0261534 -1.88101e-10
-0.0260635 -1.91827e-10
-0.0259736 -1.9589e-10
-0.0258838 -1.99959e-10
-0.0257939 -2.04046e-10
-0.025704 -2.08235e-10
-0.0256141 -2.12334e-10
-0.0255243 -2.16392e-10
-0.0254344 -2.20459e-10
-0.0253445 -2.24357e-10
-0.0252546 -2.28179e-10
-0.0251648 -2.31941e-10
-0.0250749 -2.35716e-10
-0.024985 -2.39445e-10
-0.0248951 -2.43116e-10
-0.0248053 -2.46894e-10
-0.0247154 -2.50663e-10
-0.0246255 -2.54449e-10
-0.0245356 -2.58445e-10
-0.0244458 -2.62491e-10
-0.0243559 -2.66604e-10
-0.024266 -2.70867e-10
-0.0241761 -2.75385e-10
-0.0240863 -2.80019e-10
-0.0239964 -2.84732e-10
-0.0239065 -2.89672e-10
-0.0238167 -2.94671e-10
-0.0237268 -2.99704e-10
-0.0236369 -3.04911e-10
-0.023547 -3.10068e-10
-0.0234572 -3.15169e-10
-0.0233673 -3.20183e-10
-0.0232774 -3.25156e-10
-0.0231875 -3.30032e-10
-0.0230977 -3.34601e-10
-0.0230078 -3.38974e-10
-0.0229179 -3.43114e-10
-0.022828 -3.46866e-10
-0.0227382 -3.50261e-10
-0.0226483 -3.53306e-10
-0.0225584 -3.55932e-10
-0.0224685 -3.57966e-10
-0.0223787 -3.59681e-10
-0.0222888 -3.61067e-10
-0.0221989 -3.61731e-10
-0.022109 -3.62045e-10
-0.0220192 -3.62017e-10
-0.0219293 -3.61388e-10
-0.0218394 -3.6039e-10
-0.0217495 -3.59072e-10
-0.0216597 -3.57292e-10
-0.0215698 -3.55115e-10
-0.0214799 -3.52736e-10
-0.02139 -3.50164e-10
-0.0213002 -3.47194e-10
-0.0212103 -3.44125e-10
-0.0211204 -3.40967e-10
-0.0210306 -3.37547e-10
-0.0209407 -3.34124e-10
-0.0208508 -3.30679e-10
-0.0207609 -3.27125e-10
-0.0206711 -3.23595e-10
-0.0205812 -3.20125e-10
-0.0204913 -3.16793e-10
-0.0204014 -3.13489e-10
-0.0203116 -3.1029e-10
-0.0202217 -3.07255e-10
-0.0201318 -3.04324e-10
-0.0200419 -3.01559e-10
-0.0199521 -2.98969e-10
-0.0198622 -2.96515e-10
-0.0197723 -2.94209e-10
-0.0196824 -2.92055e-10
-0.0195926 -2.90202e-10
-0.0195027 -2.88464e-10
-0.0194128 -2.86865e-10
-0.0193229 -2.85532e-10
-0.0192331 -2.84315e-10
-0.0191432 -2.83213e-10
-0.0190533 -2.82267e-10
-0.0189634 -2.81636e-10
-0.0188736 -2.81089e-10
-0.0187837 -2.80608e-10
-0.0186938 -2.80445e-10
-0.018604 -2.80319e-10
-0.0185141 -2.80256e-10
-0.0184242 -2.80452e-10
-0.0183343 -2.80684e-10
-0.0182445 -2.80967e-10
-0.0181546 -2.8136e-10
-0.0180647 -2.81911e-10
-0.0179748 -2.82495e-10
-0.017885 -2.83058e-10
-0.0177951 -2.83749e-10
-0.0177052 -2.84402e-10
-0.0176153 -2.84987e-10
-0.0175255 -2.8562e-10
-0.0174356 -2.86129e-10
-0.0173457 -2.8652e-10
-0.0172558 -2.86765e-10
-0.017166 -2.86914e-10
-0.0170761 -2.8693e-10
-0.0169862 -2.86643e-10
-0.0168963 -2.86162e-10
-0.0168065 -2.85453e-10
-0.0167166 -2.84384e-10
-0.0166267 -2.82986e-10
-0.0165368 -2.81272e-10
-0.016447 -2.79195e-10
-0.0163571 -2.76568e-10
-0.0162672 -2.73675e-10
-0.0161773 -2.70498e-10
-0.0160875 -2.66671e-10
-0.0159976 -2.62518e-10
-0.0159077 -2.58048e-10
-0.0158179 -2.5301e-10
-0.015728 -2.47641e-10
-0.0156381 -2.41971e-10
-0.0155482 -2.35858e-10
-0.0154584 -2.29342e-10
-0.0153685 -2.22616e-10
-0.0152786 -2.15689e-10
-0.0151887 -2.08341e-10
-0.0150989 -2.00883e-10
-0.015009 -1.93314e-10
-0.0149191 -1.85432e-10
-0.0148292 -1.77529e-10
-0.0147394 -1.69581e-10
-0.0146495 -1.61479e-10
-0.0145596 -1.53375e-10
-0.0144697 -1.4531e-10
-0.0143799 -1.37348e-10
-0.01429 -1.29391e-10
-0.0142001 -1.2154e-10
-0.0141102 -1.13854e-10
-0.0140204 -1.06283e-10
-0.0139305 -9.89026e-11
-0.0138406 -9.17175e-11
-0.0137507 -8.47169e-11
-0.0136609 -7.79258e-11
-0.013571 -7.1352e-11
-0.0134811 -6.52063e-11
-0.0133912 -5.92729e-11
-0.0133014 -5.35742e-11
-0.0132115 -4.82892e-11
-0.0131216 -4.33072e-11
-0.0130318 -3.85764e-11
-0.0129419 -3.41574e-11
-0.012852 -3.02928e-11
-0.0127621 -2.66795e-11
-0.0126723 -2.33105e-11
-0.0125824 -2.05515e-11
-0.0124925 -1.80455e-11
-0.0124026 -1.58054e-11
-0.0123128 -1.41029e-11
-0.0122229 -1.27023e-11
-0.012133 -1.15608e-11
-0.0120431 -1.0802e-11
-0.0119533 -1.057e-11
-0.0118634 -1.06121e-11
-0.0117735 -1.0914e-11
-0.0116836 -1.17915e-11
-0.0115938 -1.2907e-11
-0.0115039 -1.42398e-11
-0.011414 -1.62062e-11
-0.0113241 -1.84014e-11
-0.0112343 -2.08303e-11
-0.0111444 -2.36875e-11
-0.0110545 -2.69395e-11
-0.0109646 -3.04634e-11
-0.0108748 -3.42616e-11
-0.0107849 -3.84794e-11
-0.010695 -4.29051e-11
-0.0106052 -4.75093e-11
-0.0105153 -5.24931e-11
-0.0104254 -5.75918e-11
-0.0103355 -6.2775e-11
-0.0102457 -6.81121e-11
-0.0101558 -7.355e-11
-0.0100659 -7.90523e-11
-0.00997603 -8.43942e-11
-0.00988616 -8.96946e-11
-0.00979628 -9.48887e-11
-0.00970641 -9.9762e-11
-0.00961653 -1.04375e-10
-0.00952666 -1.08699e-10
-0.00943679 -1.12571e-10
-0.00934691 -1.15838e-10
-0.00925704 -1.1873e-10
-0.00916716 -1.21237e-10
-0.00907729 -1.22766e-10
-0.00898742 -1.23824e-10
-0.00889754 -1.24394e-10
-0.00880767 -1.23969e-10
-0.00871779 -1.2296e-10
-0.00862792 -1.21404e-10
-0.00853805 -1.18943e-10
-0.00844817 -1.15746e-10
-0.0083583 -1.12051e-10
-0.00826842 -1.07782e-10
-0.00817855 -1.02679e-10
-0.00808867 -9.71512e-11
-0.0079988 -9.12128e-11
-0.00790893 -8.45119e-11
-0.00781905 -7.75199e-11
-0.00772918 -7.02429e-11
-0.0076393 -6.24072e-11
-0.00754943 -5.43261e-11
-0.00745956 -4.60622e-11
-0.00736968 -3.76469e-11
-0.00727981 -2.90215e-11
-0.00718993 -2.03173e-11
-0.00710006 -1.16147e-11
-0.00701018 -2.84199e-12
-0.00692031 5.87304e-12
-0.00683044 1.44737e-11
-0.00674056 2.29828e-11
-0.00665069 3.13605e-11
-0.00656081 3.95878e-11
-0.00647094 4.7376e-11
-0.00638107 5.49762e-11
-0.00629119 6.23541e-11
-0.00620132 6.91978e-11
-0.00611144 7.57316e-11
-0.00602157 8.19665e-11
-0.00593169 8.77182e-11
-0.00584182 9.28345e-11
-0.00575195 9.75781e-11
-0.00566207 1.0193e-10
-0.0055722 1.05499e-10
-0.00548232 1.08685e-10
-0.00539245 1.11498e-10
-0.00530258 1.13483e-10
-0.0052127 1.151e-10
-0.00512283 1.1636e-10
-0.00503295 1.1702e-10
-0.00494308 1.17163e-10
-0.0048532 1.16956e-10
-0.00476333 1.16388e-10
-0.00467346 1.15362e-10
-0.00458358 1.14107e-10
-0.00449371 1.12643e-10
-0.00440383 1.10816e-10
-0.00431396 1.08895e-10
-0.00422409 1.06907e-10
-0.00413421 1.04778e-10
-0.00404434 1.02551e-10
-0.00395446 1.00263e-10
-0.00386459 9.80857e-11
-0.00377471 9.58785e-11
-0.00368484 9.37005e-11
-0.00359497 9.16749e-11
-0.00350509 8.96811e-11
-0.00341522 8.77805e-11
-0.00332534 8.60499e-11
-0.00323547 8.44591e-11
-0.0031456 8.2902e-11
-0.00305572 8.13649e-11
-0.00296585 8.00931e-11
-0.00287597 7.88286e-11
-0.0027861 7.75928e-11
-0.00269622 7.65767e-11
-0.00260635 7.55526e-11
-0.00251648 7.45579e-11
-0.0024266 7.36931e-11
-0.00233673 7.28845e-11
-0.00224685 7.20608e-11
-0.00215698 7.11647e-11
-0.00206711 7.0363e-11
-0.00197723 6.95226e-11
-0.00188736 6.86091e-11
-0.00179748 6.7709e-11
-0.00170761 6.67034e-11
-0.00161773 6.55984e-11
-0.00152786 6.44409e-11
-0.00143799 6.31712e-11
-0.00134811 6.17724e-11
-0.00125824 6.00943e-11
-0.00116836 5.83176e-11
-0.00107849 5.63819e-11
-0.000988616 5.41483e-11
-0.000898742 5.17468e-11
-0.000808867 4.91361e-11
-0.000718993 4.62589e-11
-0.000629119 4.31472e-11
-0.000539245 3.98475e-11
-0.000449371 3.63489e-11
-0.000359497 3.24332e-11
-0.000269622 2.83906e-11
-0.000179748 2.41991e-11
-8.98742e-05 1.96648e-11
0 1.49551e-11
8.98742e-05 1.01743e-11
0.000179748 5.38312e-12
0.000269622 2.89186e-13
0.000359497 -4.92256e-12
0.000449371 -1.02241e-11
0.000539245 -1.53721e-11
0.000629119 -2.06172e-11
0.000718993 -2.59722e-11
0.000808867 -3.12973e-11
0.000898742 -3.65703e-11
0.000988616 -4.17558e-11
0.00107849 -4.6648e-11
0.00116836 -5.15715e-11
0.00125824 -5.64583e-11
0.00134811 -6.12021e-11
0.00143799 -6.55976e-11
0.00152786 -6.9907e-11
0.00161773 -7.4207e-11
0.00170761 -7.83022e-11
0.00179748 -8.22681e-11
0.00188736 -8.60995e-11
0.00197723 -8.95499e-11
0.00206711 -9.29907e-11
0.00215698 -9.64065e-11
0.00224685 -9.97064e-11
0.00233673 -1.02762e-10
0.0024266 -1.05732e-10
0.00251648 -1.08783e-10
0.00260635 -1.11778e-10
0.00269622 -1.14735e-10
0.0027861 -1.17647e-10
0.00287597 -1.20361e-10
0.00296585 -1.23145e-10
0.00305572 -1.26039e-10
0.0031456 -1.28912e-10
0.00323547 -1.31672e-10
0.00332534 -1.34366e-10
0.00341522 -1.37222e-10
0.00350509 -1.40049e-10
0.00359497 -1.42802e-10
0.00368484 -1.45342e-10
0.00377471 -1.47949e-10
0.00386459 -1.50518e-10
0.00395446 -1.5297e-10
0.00404434 -1.55227e-10
0.00413421 -1.5724e-10
0.00422409 -1.58972e-10
0.00431396 -1.60561e-10
0.00440383 -1.6192e-10
0.00449371 -1.63021e-10
0.00458358 -1.63519e-10
0.00467346 -1.63844e-10
0.00476333 -1.63965e-10
0.0048532 -1.63648e-10
0.00494308 -1.62934e-10
0.00503295 -1.61871e-10
0.00512283 -1.60317e-10
0.0052127 -1.58498e-10
0.00530258 -1.5646e-10
0.00539245 -1.54176e-10
0.00548232 -1.51329e-10
0.0055722 -1.48434e-10
0.00566207 -1.455e-10
0.00575195 -1.42431e-10
0.00584182 -1.39351e-10
0.00593169 -1.36247e-10
0.00602157 -1.33071e-10
0.00611144 -1.30251e-10
0.00620132 -1.27674e-10
0.00629119 -1.25383e-10
0.00638107 -1.234e-10
0.00647094 -1.21828e-10
0.00656081 -1.2079e-10
0.00665069 -1.20531e-10
0.00674056 -1.20768e-10
0.00683044 -1.21501e-10
0.00692031 -1.22985e-10
0.00701018 -1.2524e-10
0.00710006 -1.28163e-10
0.00718993 -1.31999e-10
0.00727981 -1.36486e-10
0.00736968 -1.41576e-10
0.00745956 -1.47595e-10
0.00754943 -1.54519e-10
0.0076393 -1.62011e-10
0.00772918 -1.70118e-10
0.00781905 -1.78932e-10
0.00790893 -1.88321e-10
0.0079988 -1.98294e-10
0.00808867 -2.09003e-10
0.00817855 -2.19997e-10
0.00826842 -2.31302e-10
0.0083583 -2.43277e-10
0.00844817 -2.55581e-10
0.00853805 -2.68113e-10
0.00862792 -2.80904e-10
0.00871779 -2.93743e-10
0.00880767 -3.06723e-10
0.00889754 -3.19929e-10
0.00898742 -3.33212e-10
0.00907729 -3.46392e-10
0.00916716 -3.59452e-10
0.00925704 -3.72651e-10
0.00934691 -3.85781e-10
0.00943679 -3.98841e-10
0.00952666 -4.11764e-10
0.00961653 -4.24414e-10
0.00970641 -4.36941e-10
0.00979628 -4.49477e-10
0.00988616 -4.61859e-10
0.00997603 -4.74049e-10
0.0100659 -4.8595e-10
0.0101558 -4.97849e-10
0.0102457 -5.09642e-10
0.0103355 -5.21308e-10
0.0104254 -5.32719e-10
0.0105153 -5.43872e-10
0.0106052 -5.54811e-10
0.010695 -5.65668e-10
0.0107849 -5.76314e-10
0.0108748 -5.8673e-10
0.0109646 -5.96702e-10
0.0110545 -6.06504e-10
0.0111444 -6.16117e-10
0.0112343 -6.25446e-10
0.0113241 -6.34348e-10
0.011414 -6.42875e-10
0.0115039 -6.50992e-10
0.0115938 -6.58802e-10
0.0116836 -6.66307e-10
0.0117735 -6.73483e-10
0.0118634 -6.79984e-10
0.0119533 -6.86295e-10
0.0120431 -6.92395e-10
0.012133 -6.98071e-10
0.0122229 -7.03402e-10
0.0123128 -7.08425e-10
0.0124026 -7.1301e-10
0.0124925 -7.17465e-10
0.0125824 -7.2177e-10
0.0126723 -7.25894e-10
0.0127621 -7.29572e-10
0.012852 -7.33244e-10
0.0129419 -7.36914e-10
0.0130318 -7.40476e-10
0.0131216 -7.4399e-10
0.0132115 -7.47437e-10
0.0133014 -7.50705e-10
0.0133912 -7.54144e-10
0.0134811 -7.57674e-10
0.013571 -7.61279e-10
0.0136609 -7.64802e-10
0.0137507 -7.68456e-10
0.0138406 -7.72331e-10
0.0139305 -7.76367e-10
0.0140204 -7.80513e-10
0.0141102 -7.84759e-10
0.0142001 -7.88988e-10
0.01429 -7.9346e-10
0.0143799 -7.98114e-10
0.0144697 -8.02909e-10
0.0145596 -8.07634e-10
0.0146495 -8.12415e-10
0.0147394 -8.17419e-10
0.0148292 -8.22435e-10
0.0149191 -8.27432e-10
0.015009 -8.32392e-10
0.0150989 -8.37045e-10
0.0151887 -8.41664e-10
0.0152786 -8.46262e-10
0.0153685 -8.50601e-10
0.0154584 -8.54576e-10
0.0155482 -8.5827e-10
0.0156381 -8.61767e-10
0.015728 -8.64898e-10
0.0158179 -8.67733e-10
0.0159077 -8.70159e-10
0.0159976 -8.71937e-10
0.0160875 -8.73421e-10
0.0161773 -8.74658e-10
0.0162672 -8.75379e-10
0.0163571 -8.75703e-10
0.016447 -8.75626e-10
0.0165368 -8.75281e-10
0.0166267 -8.74706e-10
0.0167166 -8.73898e-10
0.0168065 -8.72647e-10
0.0168963 -8.71406e-10
0.0169862 -8.70153e-10
0.0170761 -8.6885e-10
0.017166 -8.67559e-10
0.0172558 -8.66263e-10
0.0173457 -8.64948e-10
0.0174356 -8.64055e-10
0.0175255 -8.63377e-10
0.0176153 -8.62905e-10
0.0177052 -8.6267e-10
0.0177951 -8.62843e-10
0.017885 -8.63408e-10
0.0179748 -8.64508e-10
0.0180647 -8.66021e-10
0.0181546 -8.6784e-10
0.0182445 -8.70007e-10
0.0183343 -8.72871e-10
0.0184242 -8.76168e-10
0.0185141 -8.79935e-10
0.018604 -8.84133e-10
0.0186938 -8.88783e-10
0.0187837 -8.93948e-10
0.0188736 -8.99797e-10
0.0189634 -9.06033e-10
0.0190533 -9.12632e-10
0.0191432 -9.19636e-10
0.0192331 -9.27207e-10
0.0193229 -9.35211e-10
0.0194128 -9.43705e-10
0.0195027 -9.52474e-10
0.0195926 -9.61562e-10
0.0196824 -9.7117e-10
0.0197723 -9.81169e-10
0.0198622 -9.91398e-10
0.0199521 -1.00186e-09
0.0200419 -1.01244e-09
0.0201318 -1.02325e-09
0.0202217 -1.03428e-09
0.0203116 -1.04544e-09
0.0204014 -1.05651e-09
0.0204913 -1.06755e-09
0.0205812 -1.07871e-09
0.0206711 -1.08977e-09
0.0207609 -1.10073e-09
0.0208508 -1.11151e-09
0.0209407 -1.12188e-09
0.0210306 -1.13208e-09
0.0211204 -1.14216e-09
0.0212103 -1.15183e-09
0.0213002 -1.16112e-09
0.02139 -1.17004e-09
0.0214799 -1.17867e-09
0.0215698 -1.18696e-09
0.0216597 -1.19495e-09
0.0217495 -1.2025e-09
0.0218394 -1.20956e-09
0.0219293 -1.21636e-09
0.0220192 -1.223e-09
0.022109 -1.22938e-09
0.0221989 -1.23555e-09
0.0222888 -1.24149e-09
0.0223787 -1.24758e-09
0.0224685 -1.25374e-09
0.0225584 -1.25999e-09
0.0226483 -1.26658e-09
0.0227382 -1.27336e-09
0.022828 -1.28042e-09
0.0229179 -1.28826e-09
0.0230078 -1.29672e-09
0.0230977 -1.30566e-09
0.0231875 -1.3152e-09
0.0232774 -1.32578e-09
0.0233673 -1.337e-09
0.0234572 -1.34891e-09
0.023547 -1.36179e-09
0.0236369 -1.37509e-09
0.0237268 -1.38879e-09
0.0238167 -1.40347e-09
0.0239065 -1.41851e-09
0.0239964 -1.43384e-09
0.0240863 -1.44934e-09
0.0241761 -1.46514e-09
0.024266 -1.48107e-09
0.0243559 -1.49704e-09
0.0244458 -1.51288e-09
0.0245356 -1.52853e-09
0.0246255 -1.54383e-09
0.0247154 -1.55892e-09
0.0248053 -1.57376e-09
0.0248951 -1.58831e-09
0.024985 -1.60202e-09
0.0250749 -1.61548e-09
0.0251648 -1.62863e-09
0.0252546 -1.64112e-09
0.0253445 -1.65311e-09
0.0254344 -1.66462e-09
0.0255243 -1.67532e-09
0.0256141 -1.68557e-09
0.025704 -1.69542e-09
0.0257939 -1.70469e-09
0.0258838 -1.71309e-09
0.0259736 -1.72109e-09
0.0260635 -1.72874e-09
0.0261534 -1.73561e-09
0.0262433 -1.74205e-09
0.0263331 -1.74804e-09
0.026423 -1.75317e-09
0.0265129 -1.75797e-09
0.0266028 -1.76246e-09
0.0266926 -1.76642e-09
0.0267825 -1.76976e-09
0.0268724 -1.77278e-09
0.0269622 -1.77557e-09
0.0270521 -1.77794e-09
0.027142 -1.78006e-09
0.0272319 -1.78192e-09
0.0273217 -1.78325e-09
0.0274116 -1.78452e-09
0.0275015 -1.78571e-09
0.0275914 -1.78673e-09
0.0276812 -1.78751e-09
0.0277711 -1.78818e-09
0.027861 -1.78896e-09
0.0279509 -1.78971e-09
0.0280407 -1.79046e-09
0.0281306 -1.79123e-09
0.0282205 -1.79187e-09
0.0283104 -1.79262e-09
0.0284002 -1.79357e-09
0.0284901 -1.79465e-09
0.02858 -1.79571e-09
0.0286699 -1.79677e-09
0.0287597 -1.7982e-09
0.0288496 -1.79975e-09
0.0289395 -1.80142e-09
0.0290294 -1.80326e-09
0.0291192 -1.80511e-09
0.0292091 -1.80708e-09
0.029299 -1.8094e-09
0.0293888 -1.8119e-09
0.0294787 -1.81447e-09
0.0295686 -1.81709e-09
0.0296585 -1.82016e-09
0.0297483 -1.82342e-09
0.0298382 -1.82686e-09
0.0299281 -1.83062e-09
0.030018 -1.83448e-09
0.0301078 -1.8385e-09
0.0301977 -1.84301e-09
0.0302876 -1.84782e-09
0.0303775 -1.85281e-09
0.0304673 -1.85793e-09
0.0305572 -1.86354e-09
0.0306471 -1.8694e-09
0.030737 -1.87549e-09
0.0308268 -1.88167e-09
0.0309167 -1.88807e-09
0.0310066 -1.89473e-09
0.0310965 -1.90155e-09
0.0311863 -1.90841e-09
0.0312762 -1.91526e-09
0.0313661 -1.92192e-09
0.031456 -1.92861e-09
0.0315458 -1.93526e-09
0.0316357 -1.94173e-09
0.0317256 -1.94775e-09
0.0318155 -1.95358e-09
0.0319053 -1.95925e-09
0.0319952 -1.96449e-09
0.0320851 -1.96942e-09
0.0321749 -1.97404e-09
0.0322648 -1.97785e-09
0.0323547 -1.98145e-09
0.0324446 -1.98479e-09
0.0325344 -1.98759e-09
0.0326243 -1.98986e-09
0.0327142 -1.99179e-09
0.0328041 -1.99345e-09
0.0328939 -1.99473e-09
0.0329838 -1.99574e-09
0.0330737 -1.99644e-09
0.0331636 -1.99662e-09
0.0332534 -1.99667e-09
0.0333433 -1.99666e-09
0.0334332 -1.9964e-09
0.0335231 -1.99592e-09
0.0336129 -1.99526e-09
0.0337028 -1.99471e-09
0.0337927 -1.99414e-09
0.0338826 -1.99356e-09
0.0339724 -1.99304e-09
0.0340623 -1.99249e-09
0.0341522 -1.99206e-09
0.0342421 -1.99194e-09
0.0343319 -1.99209e-09
0.0344218 -1.99239e-09
0.0345117 -1.99285e-09
0.0346016 -1.99404e-09
0.0346914 -1.99561e-09
0.0347813 -1.99758e-09
0.0348712 -2.00026e-09
0.034961 -2.00336e-09
0.0350509 -2.00693e-09
0.0351408 -2.01148e-09
0.0352307 -2.01681e-09
0.0353205 -2.02269e-09
0.0354104 -2.02925e-09
0.0355003 -2.03695e-09
0.0355902 -2.04536e-09
0.03568 -2.05451e-09
0.0357699 -2.0648e-09
0.0358598 -2.07566e-09
0.0359497 -2.0871e-09
0.0360395 -2.09986e-09
0.0361294 -2.11332e-09
0.0362193 -2.12738e-09
0.0363092 -2.14217e-09
0.036399 -2.15785e-09
0.0364889 -2.17414e-09
0.0365788 -2.19114e-09
0.0366687 -2.20885e-09
0.0367585 -2.22694e-09
0.0368484 -2.2454e-09
0.0369383 -2.26471e-09
0.0370282 -2.28438e-09
0.037118 -2.3044e-09
0.0372079 -2.32472e-09
0.0372978 -2.3454e-09
0.0373876 -2.36638e-09
0.0374775 -2.38762e-09
0.0375674 -2.409e-09
0.0376573 -2.4304e-09
0.0377471 -2.4517e-09
0.037837 -2.47314e-09
0.0379269 -2.49455e-09
0.0380168 -2.51584e-09
0.0381066 -2.53668e-09
0.0381965 -2.55738e-09
0.0382864 -2.57795e-09
0.0383763 -2.598e-09
0.0384661 -2.61769e-09
0.038556 -2.63699e-09
0.0386459 -2.65546e-09
0.0387358 -2.67352e-09
0.0388256 -2.69119e-09
0.0389155 -2.70819e-09
0.0390054 -2.72433e-09
0.0390953 -2.73998e-09
0.0391851 -2.75516e-09
0.039275 -2.76954e-09
0.0393649 -2.78345e-09
0.0394548 -2.79687e-09
0.0395446 -2.80929e-09
0.0396345 -2.82143e-09
0.0397244 -2.8333e-09
0.0398143 -2.84461e-09
0.0399041 -2.85546e-09
0.039994 -2.86605e-09
0.0400839 -2.87652e-09
0.0401737 -2.88681e-09
0.0402636 -2.89701e-09
0.0403535 -2.90712e-09
0.0404434 -2.91705e-09
0.0405332 -2.92707e-09
0.0406231 -2.93727e-09
0.040713 -2.94765e-09
0.0408029 -2.95802e-09
0.0408927 -2.96843e-09
0.0409826 -2.97926e-09
0.0410725 -2.99026e-09
0.0411624 -3.00139e-09
0.0412522 -3.01272e-09
0.0413421 -3.02407e-09
0.041432 -3.03553e-09
0.0415219 -3.04725e-09
0.0416117 -3.05908e-09
0.0417016 -3.07087e-09
0.0417915 -3.08258e-09
0.0418814 -3.09452e-09
0.0419712 -3.10646e-09
0.0420611 -3.11838e-09
0.042151 -3.13022e-09
0.0422409 -3.14188e-09
0.0423307 -3.15343e-09
0.0424206 -3.16503e-09
0.0425105 -3.17652e-09
0.0426004 -3.18786e-09
0.0426902 -3.19892e-09
0.0427801 -3.20999e-09
0.04287 -3.22098e-09
0.0429598 -3.23186e-09
0.0430497 -3.24254e-09
0.0431396 -3.25302e-09
0.0432295 -3.26332e-09
0.0433193 -3.27363e-09
0.0434092 -3.28386e-09
0.0434991 -3.29397e-09
0.043589 -3.30379e-09
0.0436788 -3.31367e-09
0.0437687 -3.32357e-09
0.0438586 -3.33342e-09
0.0439485 -3.34306e-09
0.0440383 -3.35273e-09
0.0441282 -3.36254e-09
0.0442181 -3.37236e-09
0.044308 -3.38222e-09
0.0443978 -3.39211e-09
0.0444877 -3.40188e-09
0.0445776 -3.41183e-09
0.0446675 -3.42192e-09
0.0447573 -3.43208e-09
0.0448472 -3.44217e-09
0.0449371 -3.45232e-09
0.045027 -3.46269e-09
0.0451168 -3.47311e-09
0.0452067 -3.48356e-09
0.0452966 -3.49406e-09
0.0453865 -3.50436e-09
0.0454763 -3.51475e-09
0.0455662 -3.52526e-09
0.0456561 -3.53575e-09
0.0457459 -3.54612e-09
0.0458358 -3.5564e-09
0.0459257 -3.56687e-09
0.0460156 -3.57734e-09
0.0461054 -3.58781e-09
0.0461953 -3.59831e-09
0.0462852 -3.60871e-09
0.0463751 -3.6192e-09
0.0464649 -3.62993e-09
0.0465548 -3.64083e-09
0.0466447 -3.65178e-09
0.0467346 -3.66278e-09
0.0468244 -3.67432e-09
0.0469143 -3.68609e-09
0.0470042 -3.69809e-09
0.0470941 -3.71051e-09
0.0471839 -3.72314e-09
0.0472738 -3.73603e-09
0.0473637 -3.74951e-09
0.0474536 -3.76341e-09
0.0475434 -3.77755e-09
0.0476333 -3.79191e-09
0.0477232 -3.80692e-09
0.0478131 -3.82221e-09
0.0479029 -3.83777e-09
0.0479928 -3.85372e-09
0.0480827 -3.86976e-09
0.0481725 -3.88589e-09
0.0482624 -3.90242e-09
0.0483523 -3.91903e-09
0.0484422 -3.93566e-09
0.048532 -3.95216e-09
0.0486219 -3.96875e-09
0.0487118 -3.98533e-09
0.0488017 -4.00177e-09
0.0488915 -4.01798e-09
0.0489814 -4.03391e-09
0.0490713 -4.04951e-09
0.0491612 -4.06487e-09
0.049251 -4.07997e-09
0.0493409 -4.09478e-09
0.0494308 -4.10887e-09
0.0495207 -4.12272e-09
0.0496105 -4.13631e-09
0.0497004 -4.14943e-09
0.0497903 -4.1621e-09
0.0498802 -4.17438e-09
0.04997 -4.18609e-09
0.0500599 -4.19751e-09
0.0501498 -4.20867e-09
0.0502397 -4.21951e-09
0.0503295 -4.22972e-09
0.0504194 -4.23978e-09
0.0505093 -4.24971e-09
0.0505992 -4.2593e-09
0.050689 -4.26872e-09
0.0507789 -4.27795e-09
0.0508688 -4.28682e-09
0.0509586 -4.29569e-09
0.0510485 -4.30454e-09
0.0511384 -4.31329e-09
0.0512283 -4.32181e-09
0.0513181 -4.33033e-09
0.051408 -4.33894e-09
0.0514979 -4.34752e-09
0.0515878 -4.3561e-09
0.0516776 -4.36467e-09
0.0517675 -4.37302e-09
0.0518574 -4.38148e-09
0.0519473 -4.39002e-09
0.0520371 -4.39852e-09
0.052127 -4.40686e-09
0.0522169 -4.41515e-09
0.0523068 -4.42356e-09
0.0523966 -4.4319e-09
0.0524865 -4.4402e-09
0.0525764 -4.44844e-09
0.0526663 -4.45639e-09
0.0527561 -4.46436e-09
0.052846 -4.4724e-09
0.0529359 -4.48033e-09
0.0530258 -4.48811e-09
0.0531156 -4.49578e-09
0.0532055 -4.50358e-09
0.0532954 -4.51137e-09
0.0533853 -4.51917e-09
0.0534751 -4.52698e-09
0.053565 -4.53468e-09
0.0536549 -4.54245e-09
0.0537447 -4.55043e-09
0.0538346 -4.55857e-09
0.0539245 -4.56673e-09
0.0540144 -4.57489e-09
0.0541042 -4.58352e-09
0.0541941 -4.59231e-09
0.054284 -4.60128e-09
0.0543739 -4.61054e-09
0.0544637 -4.61992e-09
0.0545536 -4.62948e-09
0.0546435 -4.6395e-09
0.0547334 -4.64982e-09
0.0548232 -4.6603e-09
0.0549131 -4.67093e-09
0.055003 -4.68211e-09
0.0550929 -4.69354e-09
0.0551827 -4.70521e-09
0.0552726 -4.71728e-09
0.0553625 -4.72946e-09
0.0554524 -4.74177e-09
0.0555422 -4.7546e-09
0.0556321 -4.76763e-09
0.055722 -4.7808e-09
0.0558119 -4.79404e-09
0.0559017 -4.80761e-09
0.0559916 -4.82134e-09
0.0560815 -4.83518e-09
0.0561713 -4.84913e-09
0.0562612 -4.86303e-09
0.0563511 -4.87682e-09
0.056441 -4.8908e-09
0.0565308 -4.90475e-09
0.0566207 -4.91864e-09
0.0567106 -4.93223e-09
0.0568005 -4.94585e-09
0.0568903 -4.95945e-09
0.0569802 -4.97289e-09
0.0570701 -4.98605e-09
0.05716 -4.99912e-09
0.0572498 -5.0122e-09
0.0573397 -5.02518e-09
0.0574296 -5.0381e-09
0.0575195 -5.05097e-09
0.0576093 -5.06365e-09
0.0576992 -5.07643e-09
0.0577891 -5.08937e-09
0.057879 -5.10246e-09
0.0579688 -5.11557e-09
0.0580587 -5.12877e-09
0.0581486 -5.14245e-09
0.0582385 -5.15642e-09
0.0583283 -5.17063e-09
0.0584182 -5.1852e-09
0.0585081 -5.20004e-09
0.058598 -5.21522e-09
0.0586878 -5.23092e-09
0.0587777 -5.24713e-09
0.0588676 -5.26359e-09
0.0589574 -5.28028e-09
0.0590473 -5.29771e-09
0.0591372 -5.31547e-09
0.0592271 -5.33354e-09
0.0593169 -5.35204e-09
0.0594068 -5.37072e-09
0.0594967 -5.38963e-09
0.0595866 -5.40902e-09
0.0596764 -5.42872e-09
0.0597663 -5.44854e-09
0.0598562 -5.46843e-09
0.0599461 -5.4888e-09
0.0600359 -5.50935e-09
0.0601258 -5.53005e-09
0.0602157 -5.55101e-09
0.0603056 -5.57199e-09
0.0603954 -5.59305e-09
0.0604853 -5.6145e-09
0.0605752 -5.6361e-09
0.0606651 -5.6578e-09
0.0607549 -5.67951e-09
0.0608448 -5.70156e-09
0.0609347 -5.72376e-09
0.0610246 -5.7461e-09
0.0611144 -5.76859e-09
0.0612043 -5.79108e-09
0.0612942 -5.81353e-09
0.0613841 -5.83626e-09
0.0614739 -5.85901e-09
0.0615638 -5.88173e-09
0.0616537 -5.90422e-09
0.0617435 -5.92673e-09
0.0618334 -5.9492e-09
0.0619233 -5.97148e-09
0.0620132 -5.99346e-09
0.062103 -6.01514e-09
0.0621929 -6.03634e-09
0.0622828 -6.05722e-09
0.0623727 -6.07776e-09
0.0624625 -6.0979e-09
0.0625524 -6.11712e-09
0.0626423 -6.13599e-09
0.0627322 -6.15449e-09
0.062822 -6.1722e-09
0.0629119 -6.18936e-09
0.0630018 -6.206e-09
0.0630917 -6.22174e-09
0.0631815 -6.237e-09
0.0632714 -6.25186e-09
0.0633613 -6.26616e-09
0.0634512 -6.27964e-09
0.063541 -6.29278e-09
0.0636309 -6.30565e-09
0.0637208 -6.31793e-09
0.0638107 -6.32993e-09
0.0639005 -6.34163e-09
0.0639904 -6.35274e-09
0.0640803 -6.36376e-09
0.0641701 -6.37468e-09
0.06426 -6.38538e-09
0.0643499 -6.3958e-09
0.0644398 -6.40613e-09
0.0645296 -6.41651e-09
0.0646195 -6.42685e-09
0.0647094 -6.43717e-09
0.0647993 -6.4475e-09
0.0648891 -6.45765e-09
0.064979 -6.46792e-09
0.0650689 -6.47834e-09
0.0651588 -6.48885e-09
0.0652486 -6.49931e-09
0.0653385 -6.50977e-09
0.0654284 -6.52049e-09
0.0655183 -6.53128e-09
0.0656081 -6.54213e-09
0.065698 -6.55306e-09
0.0657879 -6.56386e-09
0.0658778 -6.57472e-09
0.0659676 -6.58572e-09
0.0660575 -6.59674e-09
0.0661474 -6.60762e-09
0.0662373 -6.61835e-09
0.0663271 -6.62916e-09
0.066417 -6.63988e-09
0.0665069 -6.65049e-09
0.0665968 -6.66087e-09
0.0666866 -6.67087e-09
0.0667765 -6.68065e-09
0.0668664 -6.69028e-09
0.0669562 -6.6995e-09
0.0670461 -6.70833e-09
0.067136 -6.71663e-09
0.0672259 -6.7245e-09
0.0673157 -6.73197e-09
0.0674056 -6.73901e-09
0.0674955 -6.74517e-09
0.0675854 -6.75067e-09
0.0676752 -6.75556e-09
0.0677651 -6.75971e-09
0.067855 -6.76311e-09
0.0679449 -6.76583e-09
0.0680347 -6.76746e-09
0.0681246 -6.76828e-09
0.0682145 -6.76844e-09
0.0683044 -6.76773e-09
0.0683942 -6.76584e-09
0.0684841 -6.76311e-09
0.068574 -6.7595e-09
0.0686639 -6.75472e-09
0.0687537 -6.7492e-09
0.0688436 -6.74292e-09
0.0689335 -6.7352e-09
0.0690234 -6.72676e-09
0.0691132 -6.71766e-09
0.0692031 -6.70754e-09
0.069293 -6.69646e-09
0.0693829 -6.68465e-09
0.0694727 -6.67189e-09
0.0695626 -6.6583e-09
0.0696525 -6.64415e-09
0.0697423 -6.62938e-09
0.0698322 -6.61345e-09
0.0699221 -6.59748e-09
0.070012 -6.5815e-09
0.0701018 -6.56553e-09
0.0701917 -6.54956e-09
0.0702816 -6.53359e-09
0.0703715 -6.51762e-09
0.0704613 -6.50165e-09
0.0705512 -6.48568e-09
0.0706411 -6.46971e-09
0.070731 -6.45374e-09
0.0708208 -6.43776e-09
0.0709107 -6.42179e-09
0.0710006 -6.40582e-09
0.0710905 -6.38985e-09
0.0711803 -6.37388e-09
0.0712702 -6.35791e-09
0.0713601 -6.34194e-09
0.07145 -6.32597e-09
0.0715398 -6.30999e-09
0.0716297 -6.29402e-09
0.0717196 -6.27805e-09
0.0718095 -6.26208e-09
0.0718993 -6.24611e-09
0.0719892 -6.23014e-09
0.0720791 -6.21417e-09
0.0721689 -6.1982e-09
0.0722588 -6.18223e-09
0.0723487 -6.16625e-09
0.0724386 -6.15028e-09
0.0725284 -6.13431e-09
0.0726183 -6.11834e-09
0.0727082 -6.10237e-09
0.0727981 -6.0864e-09
0.0728879 -6.07043e-09
0.0729778 -6.05446e-09
0.0730677 -6.03848e-09
0.0731576 -6.02251e-09
0.0732474 -6.00654e-09
0.0733373 -5.99057e-09
0.0734272 -5.9746e-09
0.0735171 -5.95863e-09
0.0736069 -5.94266e-09
0.0736968 -5.92669e-09
0.0737867 -5.91072e-09
0.0738766 -5.89474e-09
0.0739664 -5.87877e-09
0.0740563 -5.8628e-09
0.0741462 -5.84683e-09
0.0742361 -5.83086e-09
0.0743259 -5.81489e-09
0.0744158 -5.79892e-09
0.0745057 -5.78295e-09
0.0745956 -5.76697e-09
0.0746854 -5.751e-09
0.0747753 -5.73503e-09
0.0748652 -5.71906e-09
0.074955 -5.70309e-09
0.0750449 -5.68712e-09
0.0751348 -5.67115e-09
0.0752247 -5.65518e-09
0.0753145 -5.63921e-09
0.0754044 -5.62323e-09
0.0754943 -5.60726e-09
0.0755842 -5.59129e-09
0.075674 -5.57532e-09
0.0757639 -5.55935e-09
0.0758538 -5.54338e-09
0.0759437 -5.52741e-09
0.0760335 -5.51144e-09
0.0761234 -5.49546e-09
0.0762133 -5.47949e-09
0.0763032 -5.46352e-09
0.076393 -5.44755e-09
0.0764829 -5.43158e-09
0.0765728 -5.41561e-09
0.0766627 -5.39964e-09
0.0767525 -5.38367e-09
0.0768424 -5.3677e-09
0.0769323 -5.35172e-09
0.0770222 -5.33575e-09
0.077112 -5.31978e-09
0.0772019 -5.30381e-09
0.0772918 -5.28784e-09
0.0773817 -5.27187e-09
0.0774715 -5.2559e-09
0.0775614 -5.23993e-09
0.0776513 -5.22395e-09
0.0777411 -5.20798e-09
0.077831 -5.19201e-09
0.0779209 -5.17604e-09
0.0780108 -5.16007e-09
0.0781006 -5.1441e-09
0.0781905 -5.12813e-09
0.0782804 -5.11216e-09
0.0783703 -5.09619e-09
0.0784601 -5.08021e-09
0.07855 -5.06424e-09
0.0786399 -5.04827e-09
0.0787298 -5.0323e-09
0.0788196 -5.01633e-09
0.0789095 -5.00036e-09
0.0789994 -4.98439e-09
0.0790893 -4.96842e-09
0.0791791 -4.95244e-09
0.079269 -4.93647e-09
0.0793589 -4.9205e-09
0.0794488 -4.90453e-09
0.0795386 -4.88856e-09
0.0796285 -4.87259e-09
0.0797184 -4.85662e-09
0.0798083 -4.84065e-09
0.0798981 -4.82468e-09
0.079988 -4.8087e-09
0.0800779 -4.79273e-09
0.0801677 -4.77676e-09
0.0802576 -4.76079e-09
0.0803475 -4.74482e-09
0.0804374 -4.72885e-09
0.0805272 -4.71288e-09
0.0806171 -4.69691e-09
0.080707 -4.68093e-09
0.0807969 -4.66496e-09
0.0808867 -4.64899e-09
0.0809766 -4.63302e-09
0.0810665 -4.61705e-09
0.0811564 -4.60108e-09
0.0812462 -4.58511e-09
0.0813361 -4.56914e-09
0.081426 -4.55317e-09
0.0815159 -4.53719e-09
0.0816057 -4.52122e-09
0.0816956 -4.50525e-09
0.0817855 -4.48928e-09
0.0818754 -4.47331e-09
0.0819652 -4.45734e-09
0.0820551 -4.44137e-09
0.082145 -4.4254e-09
0.0822349 -4.40942e-09
0.0823247 -4.39345e-09
0.0824146 -4.37748e-09
0.0825045 -4.36151e-09
0.0825944 -4.34554e-09
0.0826842 -4.32957e-09
0.0827741 -4.3136e-09
0.082864 -4.29763e-09
0.0829538 -4.28166e-09
0.0830437 -4.26568e-09
0.0831336 -4.24971e-09
0.0832235 -4.23374e-09
0.0833133 -4.21777e-09
0.0834032 -4.2018e-09
0.0834931 -4.18583e-09
0.083583 -4.16986e-09
0.0836728 -4.15389e-09
0.0837627 -4.13791e-09
0.0838526 -4.12194e-09
0.0839425 -4.10597e-09
0.0840323 -4.09e-09
0.0841222 -4.07403e-09
0.0842121 -4.05806e-09
0.084302 -4.04209e-09
0.0843918 -4.02612e-09
0.0844817 -4.01015e-09
0.0845716 -3.99417e-09
0.0846615 -3.9782e-09
0.0847513 -3.96223e-09
0.0848412 -3.94626e-09
0.0849311 -3.93029e-09
0.085021 -3.91432e-09
0.0851108 -3.89835e-09
0.0852007 -3.88238e-09
0.0852906 -3.8664e-09
0.0853805 -3.85043e-09
0.0854703 -3.83446e-09
0.0855602 -3.81849e-09
0.0856501 -3.80252e-09
0.0857399 -3.78655e-09
0.0858298 -3.77058e-09
0.0859197 -3.75461e-09
0.0860096 -3.73863e-09
0.0860994 -3.72266e-09
0.0861893 -3.70669e-09
0.0862792 -3.69072e-09
0.0863691 -3.67475e-09
0.0864589 -3.65878e-09
0.0865488 -3.64281e-09
0.0866387 -3.62684e-09
0.0867286 -3.61087e-09
0.0868184 -3.59489e-09
0.0869083 -3.57892e-09
0.0869982 -3.56295e-09
0.0870881 -3.54698e-09
0.0871779 -3.53101e-09
0.0872678 -3.51504e-09
0.0873577 -3.49907e-09
0.0874476 -3.4831e-09
0.0875374 -3.46712e-09
0.0876273 -3.45115e-09
0.0877172 -3.43518e-09
0.0878071 -3.41921e-09
0.0878969 -3.40324e-09
0.0879868 -3.38727e-09
0.0880767 -3.3713e-09
0.0881665 -3.35533e-09
0.0882564 -3.33936e-09
0.0883463 -3.32338e-09
0.0884362 -3.30741e-09
0.088526 -3.29144e-09
0.0886159 -3.27547e-09
0.0887058 -3.2595e-09
0.0887957 -3.24353e-09
0.0888855 -3.22756e-09
0.0889754 -3.21159e-09
0.0890653 -3.19561e-09
0.0891552 -3.17964e-09
0.089245 -3.16367e-09
0.0893349 -3.1477e-09
0.0894248 -3.13173e-09
0.0895147 -3.11576e-09
0.0896045 -3.09979e-09
0.0896944 -3.08382e-09
0.0897843 -3.06785e-09
0.0898742 -3.05187e-09
0.089964 -3.0359e-09
0.0900539 -3.01993e-09
0.0901438 -3.00396e-09
0.0902337 -2.98799e-09
0.0903235 -2.97202e-09
0.0904134 -2.95605e-09
0.0905033 -2.94008e-09
0.0905932 -2.9241e-09
0.090683 -2.90813e-09
0.0907729 -2.89216e-09
0.0908628 -2.87619e-09
0.0909526 -2.86022e-09
0.0910425 -2.84425e-09
0.0911324 -2.82828e-09
0.0912223 -2.81231e-09
0.0913121 -2.79634e-09
0.091402 -2.78036e-09
0.0914919 -2.76439e-09
0.0915818 -2.74842e-09
0.0916716 -2.73245e-09
0.0917615 -2.71648e-09
0.0918514 -2.70051e-09
0.0919413 -2.68454e-09
0.0920311 -2.66857e-09
0.092121 -2.65259e-09
0.0922109 -2.63662e-09
0.0923008 -2.62065e-09
0.0923906 -2.60468e-09
0.0924805 -2.58871e-09
0.0925704 -2.57274e-09
0.0926603 -2.55677e-09
0.0927501 -2.5408e-09
0.09284 -2.52483e-09
0.0929299 -2.50885e-09
0.0930198 -2.49288e-09
0.0931096 -2.47691e-09
0.0931995 -2.46094e-09
0.0932894 -2.44497e-09
0.0933793 -2.429e-09
0.0934691 -2.41303e-09
0.093559 -2.39706e-09
0.0936489 -2.38108e-09
0.0937387 -2.36511e-09
0.0938286 -2.34914e-09
0.0939185 -2.33317e-09
0.0940084 -2.3172e-09
0.0940982 -2.30123e-09
0.0941881 -2.28526e-09
0.094278 -2.26929e-09
0.0943679 -2.25332e-09
0.0944577 -2.23734e-09
0.0945476 -2.22137e-09
0.0946375 -2.2054e-09
0.0947274 -2.18943e-09
0.0948172 -2.17346e-09
0.0949071 -2.15749e-09
0.094997 -2.14152e-09
0.0950869 -2.12555e-09
0.0951767 -2.10957e-09
0.0952666 -2.0936e-09
0.0953565 -2.07763e-09
0.0954464 -2.06166e-09
0.0955362 -2.04569e-09
0.0956261 -2.02972e-09
0.095716 -2.01375e-09
0.0958059 -1.99778e-09
0.0958957 -1.98181e-09
0.0959856 -1.96583e-09
0.0960755 -1.94986e-09
0.0961653 -1.93389e-09
0.0962552 -1.91792e-09
0.0963451 -1.90195e-09
0.096435 -1.88598e-09
0.0965248 -1.87001e-09
0.0966147 -1.85404e-09
0.0967046 -1.83806e-09
0.0967945 -1.82209e-09
0.0968843 -1.80612e-09
0.0969742 -1.79015e-09
0.0970641 -1.77418e-09
0.097154 -1.75821e-09
0.0972438 -1.74224e-09
0.0973337 -1.72627e-09
0.0974236 -1.7103e-09
0.0975135 -1.69432e-09
0.0976033 -1.67835e-09
0.0976932 -1.66238e-09
0.0977831 -1.64641e-09
0.097873 -1.63044e-09
0.0979628 -1.61447e-09
0.0980527 -1.5985e-09
0.0981426 -1.58253e-09
0.0982325 -1.56655e-09
0.0983223 -1.55058e-09
0.0984122 -1.53461e-09
0.0985021 -1.51864e-09
0.098592 -1.50267e-09
0.0986818 -1.4867e-09
0.0987717 -1.47073e-09
0.0988616 -1.45476e-09
0.0989514 -1.43879e-09
0.0990413 -1.42281e-09
0.0991312 -1.40684e-09
0.0992211 -1.39087e-09
0.0993109 -1.3749e-09
0.0994008 -1.35893e-09
0.0994907 -1.34296e-09
0.0995806 -1.32699e-09
0.0996704 -1.31102e-09
0.0997603 -1.29504e-09
0.0998502 -1.27907e-09
0.0999401 -1.2631e-09
0.10003 -1.24713e-09
0.10012 -1.23116e-09
0.10021 -1.21519e-09
0.1003 -1.19922e-09
0.100389 -1.18325e-09
0.100479 -1.16728e-09
0.100569 -1.1513e-09
0.100659 -1.13533e-09
0.100749 -1.11936e-09
0.100839 -1.10339e-09
0.100929 -1.08742e-09
0.101019 -1.07145e-09
0.101108 -1.05548e-09
0.101198 -1.03951e-09
0.101288 -1.02353e-09
0.101378 -1.00756e-09
0.101468 -9.91592e-10
0.101558 -9.75621e-10
0.101648 -9.5965e-10
0.101738 -9.43679e-10
0.101827 -9.27708e-10
0.101917 -9.11736e-10
0.102007 -8.95765e-10
0.102097 -8.79794e-10
0.102187 -8.63823e-10
0.102277 -8.47852e-10
0.102367 -8.3188e-10
0.102457 -8.15909e-10
0.102546 -7.99938e-10
0.102636 -7.83967e-10
0.102726 -7.67996e-10
0.102816 -7.52025e-10
0.102906 -7.36053e-10
0.102996 -7.20082e-10
0.103086 -7.04111e-10
0.103176 -6.8814e-10
0.103265 -6.72169e-10
0.103355 -6.56197e-10
0.103445 -6.40226e-10
0.103535 -6.24255e-10
0.103625 -6.08284e-10
0.103715 -5.92313e-10
0.103805 -5.76342e-10
0.103895 -5.6037e-10
0.103984 -5.44399e-10
0.104074 -5.28428e-10
0.104164 -5.12457e-10
0.104254 -4.96486e-10
0.104344 -4.80515e-10
0.104434 -4.64543e-10
0.104524 -4.48572e-10
0.104614 -4.32601e-10
0.104703 -4.1663e-10
0.104793 -4.00659e-10
0.104883 -3.84687e-10
0.104973 -3.68716e-10
0.105063 -3.52745e-10
0.105153 -3.36774e-10
0.105243 -3.20803e-10
0.105333 -3.04832e-10
0.105422 -2.8886e-10
0.105512 -2.72889e-10
0.105602 -2.56918e-10
0.105692 -2.40947e-10
0.105782 -2.24976e-10
0.105872 -2.09004e-10
0.105962 -1.93033e-10
0.106052 -1.77062e-10
0.106141 -1.61091e-10
0.106231 -1.4512e-10
0.106321 -1.29149e-10
0.106411 -1.13177e-10
0.106501 -9.72062e-11
0.106591 -8.12351e-11
0.106681 -6.52639e-11
0.106771 -4.92927e-11
0.10686 -3.33215e-11
0.10695 -1.73504e-11
0.10704 -1.37917e-12
0.10713 1.4592e-11
0.10722 3.05632e-11
0.10731 4.65344e-11
0.1074 6.25055e-11
0.107489 7.84767e-11
0.107579 9.44479e-11
0.107669 1.10419e-10
0.107759 1.2639e-10
0.107849 1.42361e-10
0.107939 1.58333e-10
0.108029 1.74304e-10
0.108119 1.90275e-10
0.108208 2.06246e-10
0.108298 2.22217e-10
0.108388 2.38189e-10
0.108478 2.5416e-10
0.108568 2.70131e-10
0.108658 2.86102e-10
0.108748 3.02073e-10
0.108838 3.18044e-10
0.108927 3.34016e-10
0.109017 3.49987e-10
0.109107 3.65958e-10
0.109197 3.81929e-10
0.109287 3.979e-10
0.109377 4.13871e-10
0.109467 4.29843e-10
0.109557 4.45814e-10
0.109646 4.61785e-10
0.109736 4.77756e-10
0.109826 4.93727e-10
0.109916 5.09699e-10
0.110006 5.2567e-10
0.110096 5.41641e-10
0.110186 5.57612e-10
0.110276 5.73583e-10
0.110365 5.89554e-10
0.110455 6.05526e-10
0.110545 6.21497e-10
0.110635 6.37468e-10
0.110725 6.53439e-10
0.110815 6.6941e-10
0.110905 6.85382e-10
0.110995 7.01353e-10
0.111084 7.17324e-10
0.111174 7.33295e-10
0.111264 7.49266e-10
0.111354 7.65237e-10
0.111444 7.81209e-10
0.111534 7.9718e-10
0.111624 8.13151e-10
0.111714 8.29122e-10
0.111803 8.45093e-10
0.111893 8.61064e-10
0.111983 8.77036e-10
0.112073 8.93007e-10
0.112163 9.08978e-10
0.112253 9.24949e-10
0.112343 9.4092e-10
0.112433 9.56892e-10
0.112522 9.72863e-10
0.112612 9.88834e-10
0.112702 1.00481e-09
0.112792 1.02078e-09
0.112882 1.03675e-09
0.112972 1.05272e-09
0.113062 1.06869e-09
0.113152 1.08466e-09
0.113241 1.10063e-09
0.113331 1.1166e-09
0.113421 1.13257e-09
0.113511 1.14855e-09
0.113601 1.16452e-09
0.113691 1.18049e-09
0.113781 1.19646e-09
0.113871 1.21243e-09
0.11396 1.2284e-09
0.11405 1.24437e-09
0.11414 1.26034e-09
0.11423 1.27632e-09
0.11432 1.29229e-09
0.11441 1.30826e-09
0.1145 1.32423e-09
0.11459 1.3402e-09
0.114679 1.35617e-09
0.114769 1.37214e-09
0.114859 1.38811e-09
0.114949 1.40408e-09
0.115039 1.42006e-09
0.115129 1.43603e-09
0.115219 1.452e-09
0.115309 1.46797e-09
0.115398 1.48394e-09
0.115488 1.49991e-09
0.115578 1.51588e-09
0.115668 1.53185e-09
0.115758 1.54783e-09
0.115848 1.5638e-09
0.115938 1.57977e-09
0.116028 1.59574e-09
0.116117 1.61171e-09
0.116207 1.62768e-09
0.116297 1.64365e-09
0.116387 1.65962e-09
0.116477 1.67559e-09
0.116567 1.69157e-09
0.116657 1.70754e-09
0.116747 1.72351e-09
0.116836 1.73948e-09
0.116926 1.75545e-09
0.117016 1.77142e-09
0.117106 1.78739e-09
0.117196 1.80336e-09
0.117286 1.81934e-09
0.117376 1.83531e-09
0.117466 1.85128e-09
0.117555 1.86725e-09
0.117645 1.88322e-09
0.117735 1.89919e-09
0.117825 1.91516e-09
0.117915 1.93113e-09
0.118005 1.9471e-09
0.118095 1.96308e-09
0.118185 1.97905e-09
0.118274 1.99502e-09
0.118364 2.01099e-09
0.118454 2.02696e-09
0.118544 2.04293e-09
0.118634 2.0589e-09
0.118724 2.07487e-09
0.118814 2.09085e-09
0.118904 2.10682e-09
0.118993 2.12279e-09
0.119083 2.13876e-09
0.119173 2.15473e-09
0.119263 2.1707e-09
0.119353 2.18667e-09
0.119443 2.20264e-09
0.119533 2.21861e-09
0.119623 2.23459e-09
0.119712 2.25056e-09
0.119802 2.26653e-09
0.119892 2.2825e-09
0.119982 2.29847e-09
0.120072 2.31444e-09
0.120162 2.33041e-09
0.120252 2.34638e-09
0.120341 2.36236e-09
0.120431 2.37833e-09
0.120521 2.3943e-09
0.120611 2.41027e-09
0.120701 2.42624e-09
0.120791 2.44221e-09
0.120881 2.45818e-09
0.120971 2.47415e-09
0.12106 2.49012e-09
0.12115 2.5061e-09
0.12124 2.52207e-09
0.12133 2.53804e-09
0.12142 2.55401e-09
0.12151 2.56998e-09
0.1216 2.58595e-09
0.12169 2.60192e-09
0.121779 2.61789e-09
0.121869 2.63387e-09
0.121959 2.64984e-09
0.122049 2.66581e-09
0.122139 2.68178e-09
0.122229 2.69775e-09
0.122319 2.71372e-09
0.122409 2.72969e-09
0.122498 2.74566e-09
0.122588 2.76163e-09
0.122678 2.77761e-09
0.122768 2.79358e-09
0.122858 2.80955e-09
0.122948 2.82552e-09
0.123038 2.84149e-09
0.123128 2.85746e-09
0.123217 2.87343e-09
0.123307 2.8894e-09
0.123397 2.90538e-09
0.123487 2.92135e-09
0.123577 2.93732e-09
0.123667 2.95329e-09
0.123757 2.96926e-09
0.123847 2.98523e-09
0.123936 3.0012e-09
0.124026 3.01717e-09
0.124116 3.03314e-09
0.124206 3.04912e-09
0.124296 3.06509e-09
0.124386 3.08106e-09
0.124476 3.09703e-09
0.124566 3.113e-09
0.124655 3.12897e-09
0.124745 3.14494e-09
0.124835 3.16091e-09
0.124925 3.17689e-09
0.125015 3.19286e-09
0.125105 3.20883e-09
0.125195 3.2248e-09
0.125285 3.24077e-09
0.125374 3.25674e-09
0.125464 3.27271e-09
0.125554 3.28868e-09
0.125644 3.30465e-09
0.125734 3.32063e-09
0.125824 3.3366e-09
0.125914 3.35257e-09
0.126004 3.36854e-09
0.126093 3.38451e-09
0.126183 3.40048e-09
0.126273 3.41645e-09
0.126363 3.43242e-09
0.126453 3.4484e-09
0.126543 3.46437e-09
0.126633 3.48034e-09
0.126723 3.49631e-09
0.126812 3.51228e-09
0.126902 3.52825e-09
0.126992 3.54422e-09
0.127082 3.56019e-09
0.127172 3.57616e-09
0.127262 3.59214e-09
0.127352 3.60811e-09
0.127442 3.62408e-09
0.127531 3.64005e-09
0.127621 3.65602e-09
0.127711 3.67199e-09
0.127801 3.68796e-09
0.127891 3.70393e-09
0.127981 3.71991e-09
0.128071 3.73588e-09
0.128161 3.75185e-09
0.12825 3.76782e-09
0.12834 3.78379e-09
0.12843 3.79976e-09
0.12852 3.81573e-09
0.12861 3.8317e-09
0.1287 3.84767e-09
0.12879 3.86365e-09
0.12888 3.87962e-09
0.128969 3.89559e-09
0.129059 3.91156e-09
0.129149 3.92753e-09
0.129239 3.9435e-09
0.129329 3.95947e-09
0.129419 3.97544e-09
0.129509 3.99142e-09
0.129599 4.00739e-09
0.129688 4.02336e-09
0.129778 4.03933e-09
0.129868 4.0553e-09
0.129958 4.07127e-09
0.130048 4.08724e-09
0.130138 4.10321e-09
0.130228 4.11918e-09
0.130318 4.13516e-09
0.130407 4.15113e-09
0.130497 4.1671e-09
0.130587 4.18307e-09
0.130677 4.19904e-09
0.130767 4.21501e-09
0.130857 4.23098e-09
0.130947 4.24695e-09
0.131037 4.26293e-09
0.131126 4.2789e-09
0.131216 4.29487e-09
0.131306 4.31084e-09
0.131396 4.32681e-09
0.131486 4.34278e-09
0.131576 4.35875e-09
0.131666 4.37472e-09
0.131756 4.39069e-09
0.131845 4.40667e-09
0.131935 4.42264e-09
0.132025 4.43861e-09
0.132115 4.45458e-09
0.132205 4.47055e-09
0.132295 4.48652e-09
0.132385 4.50249e-09
0.132475 4.51846e-09
0.132564 4.53444e-09
0.132654 4.55041e-09
0.132744 4.56638e-09
0.132834 4.58235e-09
0.132924 4.59832e-09
0.133014 4.61429e-09
0.133104 4.63026e-09
0.133194 4.64623e-09
0.133283 4.66221e-09
0.133373 4.67818e-09
0.133463 4.69415e-09
0.133553 4.71012e-09
0.133643 4.72609e-09
0.133733 4.74206e-09
0.133823 4.75803e-09
0.133912 4.774e-09
0.134002 4.78997e-09
0.134092 4.80595e-09
0.134182 4.82192e-09
0.134272 4.83789e-09
0.134362 4.85386e-09
0.134452 4.86983e-09
0.134542 4.8858e-09
0.134631 4.90177e-09
0.134721 4.91774e-09
0.134811 4.93372e-09
