-1.681893356996699840e-01 1.276166617729663068e-07
-1.673677553993399569e-01 1.319105345846143575e-07
-1.665461750990099021e-01 1.356791329675372898e-07
-1.657245947986798751e-01 1.394197242822956120e-07
-1.649030144983498480e-01 1.433914468446653511e-07
-1.640814341980198210e-01 1.474921050790174986e-07
-1.632598538976897662e-01 1.516739159017606938e-07
-1.624382735973597391e-01 1.567477730304229805e-07
-1.616166932970297121e-01 1.624415613442848152e-07
-1.607951129966996850e-01 1.685266883708382149e-07
-1.599735326963696580e-01 1.749482189433448377e-07
-1.591519523960396032e-01 1.825966281417050165e-07
-1.583303720957095762e-01 1.905251309851285557e-07
-1.575087917953795491e-01 1.989554953974525744e-07
-1.566872114950495221e-01 2.075915978930101513e-07
-1.558656311947194673e-01 2.168851856035418211e-07
-1.550440508943894402e-01 2.267838317882069294e-07
-1.542224705940594132e-01 2.373049627645542134e-07
-1.534008902937293861e-01 2.486519989698285723e-07
-1.525793099933993591e-01 2.606411124758628388e-07
-1.517577296930693043e-01 2.723599726130919657e-07
-1.509361493927392772e-01 2.845318163493348011e-07
-1.501145690924092502e-01 2.976835157976968199e-07
-1.492929887920792231e-01 3.112421093273230185e-07
-1.484714084917491683e-01 3.245648747030522631e-07
-1.476498281914191413e-01 3.387579882496397782e-07
-1.468282478910891142e-01 3.524633459093490869e-07
-1.460066675907590872e-01 3.663233277237843718e-07
-1.451850872904290601e-01 3.808717775397544171e-07
-1.443635069900990331e-01 3.950805105193841508e-07
-1.435419266897689783e-01 4.087232963048960887e-07
-1.427203463894389512e-01 4.219607877340638427e-07
-1.418987660891089242e-01 4.349437250732717002e-07
-1.410771857887788694e-01 4.477877583427773277e-07
-1.402556054884488423e-01 4.598818471788284967e-07
-1.394340251881188153e-01 4.713298088832060891e-07
-1.386124448877887883e-01 4.819058702861293234e-07
-1.377908645874587612e-01 4.914040753269069975e-07
-1.369692842871287342e-01 4.996999876274215639e-07
-1.361477039867986794e-01 5.065737857060667940e-07
-1.353261236864686523e-01 5.120983390985249100e-07
-1.345045433861386253e-01 5.166490500260827970e-07
-1.336829630858085705e-01 5.200222464183069183e-07
-1.328613827854785434e-01 5.214541051900579565e-07
-1.320398024851485164e-01 5.214863883783909718e-07
-1.312182221848184893e-01 5.207781297378579421e-07
-1.303966418844884623e-01 5.182566436979713830e-07
-1.295750615841584352e-01 5.140129997789339415e-07
-1.287534812838283804e-01 5.085669250163357414e-07
-1.279319009834983534e-01 5.015171691139616204e-07
-1.271103206831683263e-01 4.928144730526541655e-07
-1.262887403828382715e-01 4.834142609917400099e-07
-1.254671600825082445e-01 4.732405447295008616e-07
-1.246455797821782174e-01 4.613442475280422726e-07
-1.238239994818481904e-01 4.485536035844880676e-07
-1.230024191815181633e-01 4.356292001287360381e-07
-1.221808388811881224e-01 4.213724417410608482e-07
-1.213592585808580815e-01 4.061912899802573368e-07
-1.205376782805280544e-01 3.911843090418649211e-07
-1.197160979801980274e-01 3.757867337091570661e-07
-1.188945176798680003e-01 3.599653861429075391e-07
-1.180729373795379594e-01 3.442375798587949228e-07
-1.172513570792079185e-01 3.278840246606292991e-07
-1.164297767788778915e-01 3.119823950433735108e-07
-1.156081964785478644e-01 2.961788174274199647e-07
-1.147866161782178235e-01 2.803809088936101094e-07
-1.139650358778877826e-01 2.651005810932741049e-07
-1.131434555775577555e-01 2.500757070134741945e-07
-1.123218752772277285e-01 2.355425493607883755e-07
-1.115002949768977014e-01 2.217072005341108116e-07
-1.106787146765676605e-01 2.079143934126043212e-07
-1.098571343762376196e-01 1.946181719970608664e-07
-1.090355540759075925e-01 1.823540556082323702e-07
-1.082139737755775655e-01 1.704328468191342483e-07
-1.073923934752475245e-01 1.585646843404376385e-07
-1.065708131749174975e-01 1.475695741779057516e-07
-1.057492328745874566e-01 1.374509775302785184e-07
-1.049276525742574295e-01 1.275795720073677746e-07
-1.041060722739273886e-01 1.182625813142389469e-07
-1.032844919735973616e-01 1.101539414802438774e-07
-1.024629116732673345e-01 1.014515413582941724e-07
-1.016413313729372936e-01 9.354652749810867180e-08
-1.008197510726072665e-01 8.659825534686366210e-08
-9.999817077227722562e-02 7.959277723881797665e-08
-9.917659047194719857e-02 7.318751130132573033e-08
-9.835501017161715764e-02 6.758343908031540735e-08
-9.753342987128713060e-02 6.221231110896093333e-08
-9.671184957095710355e-02 5.692533173235392232e-08
-9.589026927062706263e-02 5.242859372410853995e-08
-9.506868897029703558e-02 4.809038156108834373e-08
-9.424710866996699465e-02 4.364622886850552273e-08
-9.342552836963696761e-02 4.006140011416437017e-08
-9.260394806930692668e-02 3.690849192800761257e-08
-9.178236776897689964e-02 3.381758637816765231e-08
-9.096078746864685871e-02 3.097133280151252960e-08
-9.013920716831683166e-02 2.884368117433123665e-08
-8.931762686798680462e-02 2.616573988828279371e-08
-8.849604656765676369e-02 2.342631402657059138e-08
-8.767446626732673665e-02 2.210692685029751507e-08
-8.685288596699669572e-02 2.028918105628795855e-08
-8.603130566666666867e-02 1.809608356431808749e-08
-8.520972536633662775e-02 1.693379584304139263e-08
-8.438814506600660070e-02 1.607916187417172038e-08
-8.356656476567655978e-02 1.475389159729542329e-08
-8.274498446534653273e-02 1.342452973843325317e-08
-8.192340416501650568e-02 1.240585270962697587e-08
-8.110182386468646476e-02 1.154531103679633383e-08
-8.028024356435643771e-02 1.069456984102732722e-08
-7.945866326402639679e-02 1.008347108884273112e-08
-7.863708296369636974e-02 9.546594121682115165e-09
-7.781550266336632882e-02 8.987994433092716005e-09
-7.699392236303630177e-02 8.389401206707996746e-09
-7.617234206270627472e-02 7.854368779572725627e-09
-7.535076176237623380e-02 7.770993248536696885e-09
-7.452918146204620675e-02 7.835573139037418596e-09
-7.370760116171616583e-02 7.469630530156738386e-09
-7.288602086138613878e-02 6.938242308466010069e-09
-7.206444056105609786e-02 6.844393710880104830e-09
-7.124286026072607081e-02 6.948771700580826279e-09
-7.042127996039604376e-02 6.693618192178869310e-09
-6.959969966006600284e-02 6.091607395574950802e-09
-6.877811935973597579e-02 5.721536577628176783e-09
-6.795653905940593487e-02 5.721779719238673364e-09
-6.713495875907590782e-02 5.787260481879546049e-09
-6.631337845874586689e-02 5.871681258543567754e-09
-6.549179815841583985e-02 5.891677633567519198e-09
-6.467021785808579892e-02 5.875234732654666982e-09
-6.384863755775577188e-02 5.861887171534061781e-09
-6.302705725742574483e-02 5.865402027232832880e-09
-6.220547695709570390e-02 5.864333583510325781e-09
-6.138389665676567686e-02 5.848658145627110699e-09
-6.056231635643563593e-02 5.938073469156048196e-09
-5.974073605610560889e-02 5.951074407120247010e-09
-5.891915575577556796e-02 5.350102985848549089e-09
-5.809757545544554092e-02 4.766170799398605925e-09
-5.727599515511549999e-02 4.841625237731708893e-09
-5.645441485478547294e-02 4.854868424443892390e-09
-5.563283455445544590e-02 4.893649761328341757e-09
-5.481125425412540497e-02 4.885107394486985040e-09
-5.398967395379537793e-02 4.889975351662987756e-09
-5.316809365346533700e-02 4.829038687033534137e-09
-5.234651335313530995e-02 4.972683214724614811e-09
-5.152493305280526903e-02 4.630302863798210246e-09
-5.070335275247524198e-02 3.894412869325723477e-09
-4.988177245214521494e-02 3.896742485423056700e-09
-4.906019215181517401e-02 3.898557690225795984e-09
-4.823861185148514696e-02 3.899882952570999858e-09
-4.741703155115510604e-02 2.879750170240946380e-09
-4.659545125082507899e-02 2.903592922818586173e-09
-4.577387095049503807e-02 2.905816728283514526e-09
-4.495229065016501102e-02 2.907614769677972387e-09
-4.413071034983498397e-02 2.909427203214219018e-09
-4.330913004950495693e-02 2.911237745722305851e-09
-4.248754974917490213e-02 2.913143632923701279e-09
-4.166596944884487508e-02 2.964127832975386686e-09
-4.084438914851484803e-02 1.900701989448658723e-09
-4.002280884818482098e-02 1.918578679306219342e-09
-3.920122854785476618e-02 1.920302722413321146e-09
-3.837964824752473914e-02 1.922114249239761257e-09
-3.755806794719471209e-02 1.923923339076179153e-09
-3.673648764686468504e-02 1.925730217412909787e-09
-3.591490734653465799e-02 1.927541074519197625e-09
-3.509332704620460319e-02 1.929352730336897142e-09
-3.427174674587457615e-02 1.931164304763200758e-09
-3.345016644554454910e-02 1.957218231665806265e-09
-3.262858614521452205e-02 8.841117277791013399e-10
-3.180700584488446725e-02 9.367303446046644499e-10
-3.098542554455444020e-02 9.384126141660841056e-10
-3.016384524422441316e-02 9.401875106292037314e-10
-2.934226494389438611e-02 9.420511246557568101e-10
-2.852068464356435906e-02 9.438460225296823594e-10
-2.769910434323430426e-02 9.456565096943304839e-10
-2.687752404290427721e-02 9.474671202123867170e-10
-2.605594374257425017e-02 9.492790815413177817e-10
-2.523436344224422312e-02 9.510917431818430431e-10
-2.441278314191419607e-02 9.529023623785988538e-10
-2.359120284158414127e-02 9.547156122208255453e-10
-2.276962254125411422e-02 9.565086410420140786e-10
-2.194804224092408718e-02 1.031457050203372656e-09
-2.112646194059406013e-02 -2.107686490141207243e-10
-2.030488164026400533e-02 -2.959830267875850508e-11
-1.948330133993397828e-02 -3.605172709944873526e-11
-1.866172103960395123e-02 -3.426912446948839324e-11
-1.784014073927392419e-02 -3.271173639410741418e-11
-1.701856043894389714e-02 -3.079130054464555063e-11
-1.619698013861384234e-02 -2.897147095895491724e-11
-1.537539983828381529e-02 -2.714887771651562989e-11
-1.455381953795378824e-02 -2.535071492698983461e-11
-1.373223923762376120e-02 -2.354684844968425641e-11
-1.291065893729370639e-02 -2.171935020885400885e-11
-1.208907863696367935e-02 -1.992423598069087420e-11
-1.126749833663365230e-02 -1.811262839135330781e-11
-1.044591803630362525e-02 -1.630140708461507316e-11
-9.624337735973598207e-03 -1.448813111819822249e-11
-8.802757435643543404e-03 -1.267696551912286286e-11
-7.981177135313516358e-03 -1.086619337193370054e-11
-7.159596834983489311e-03 -9.053311113206997246e-12
-6.338016534653462264e-03 -7.242375082083200161e-12
-5.516436234323407461e-03 -5.431104496662160150e-12
-4.694855933993380415e-03 -3.619807500753824750e-12
-3.873275633663353368e-03 -1.807824582647000501e-12
-3.051695333333326321e-03 3.436939521503888650e-15
-2.230115033003299274e-03 1.817201056108054893e-12
-1.408534732673244472e-03 3.631625778772367211e-12
-5.869544323432174249e-04 5.438010364751453933e-12
2.346258679868096220e-04 7.250935076769473610e-12
1.056206168316836669e-03 9.067407449067730468e-12
1.877786468646891471e-03 1.087448702049784166e-11
2.699366768976918518e-03 1.268319566498441863e-11
3.520947069306945565e-03 1.447649696311955649e-11
4.342527369636972612e-03 1.598106124837224071e-11
5.164107669966999659e-03 1.838150966615610671e-11
5.985687970297054461e-03 -1.297224284269743195e-11
6.807268270627081508e-03 1.180399998212055494e-09
7.628848570957108555e-03 1.025263149076447475e-09
8.450428871287135602e-03 1.025366332334622706e-09
9.272009171617162648e-03 1.027176727362414960e-09
1.009358947194721745e-02 1.028988163776558282e-09
1.091516977227724450e-02 1.030799767273032647e-09
1.173675007260727154e-02 1.032611300721576341e-09
1.255833037293729859e-02 1.034420923067279384e-09
1.337991067326735339e-02 1.036233748966127843e-09
1.420149097359738044e-02 1.038046560500991583e-09
1.502307127392740749e-02 1.039866823721811431e-09
1.584465157425743453e-02 1.041738862900487778e-09
1.666623187458746158e-02 1.044055294269311289e-09
1.748781217491751638e-02 1.400343446215023772e-09
1.830939247524754343e-02 2.046085656066333100e-09
1.913097277557757048e-02 2.048915183404474011e-09
1.995255307590759752e-02 2.050726531000436549e-09
2.077413337623765233e-02 2.052537878637056669e-09
2.159571367656767937e-02 2.054349411792526963e-09
2.241729397689770642e-02 2.056161343351638063e-09
2.323887427722773347e-02 2.057946632961536542e-09
2.406045457755776051e-02 2.059431083394053620e-09
2.488203487788781532e-02 3.063334016033698046e-09
2.570361517821784236e-02 3.063314267785793464e-09
2.652519547854786941e-02 3.065217563808371156e-09
2.734677577887789646e-02 3.067030409534566844e-09
2.816835607920792350e-02 3.068842524823594533e-09
2.898993637953797831e-02 3.070662232790600534e-09
2.981151667986800535e-02 3.072678901083192022e-09
3.063309698019803240e-02 3.093017725235957648e-09
3.145467728052805945e-02 4.076358536551000005e-09
3.227625758085811425e-02 4.077899575852036583e-09
3.309783788118814130e-02 4.079711434827200368e-09
3.391941818151816834e-02 4.081525072646092285e-09
3.474099848184819539e-02 4.083273597770085278e-09
3.556257878217822244e-02 4.098518784010745644e-09
3.638415908250827724e-02 5.090867895397863173e-09
3.720573938283830429e-02 5.088767884299619541e-09
3.802731968316833133e-02 5.090581953312491720e-09
3.884889998349835838e-02 5.092393372536948410e-09
3.967048028382841318e-02 5.093465518791239822e-09
4.049206058415844023e-02 5.597526725876871001e-09
4.131364088448846728e-02 6.097862980854738043e-09
4.213522118481849432e-02 6.099639126020604775e-09
4.295680148514852137e-02 6.101452647568978089e-09
4.377838178547857617e-02 6.103227014001230970e-09
4.459996208580860322e-02 7.115446572305246585e-09
4.542154238613863027e-02 7.106896951048519043e-09
4.624312268646865731e-02 7.108687505052888001e-09
4.706470298679871211e-02 7.110535142953853692e-09
4.788628328712873916e-02 7.429733570993689719e-09
4.870786358745876621e-02 8.114154255108819102e-09
4.952944388778879325e-02 8.115943501827948257e-09
5.035102418811882030e-02 8.122687649953581803e-09
5.117260448844887510e-02 8.976047156852157149e-09
5.199418478877890215e-02 9.231718121601660250e-09
5.281576508910892920e-02 9.179066637734421526e-09
5.363734538943895624e-02 9.758072271444251529e-09
5.445892568976901105e-02 1.025331487121698866e-08
5.528050599009903809e-02 1.024969516685266056e-08
5.610208629042906514e-02 1.011234946254428453e-08
5.692366659075909219e-02 1.059204015931703010e-08
5.774524689108911923e-02 1.109173642043525848e-08
5.856682719141917404e-02 1.108478330437044027e-08
5.938840749174920108e-02 1.109845065309191848e-08
6.020998779207922813e-02 1.160510902381499507e-08
6.103156809240925518e-02 1.220472657987373415e-08
6.185314839273928222e-02 1.222571095267907862e-08
6.267472869306933703e-02 1.207059044435739937e-08
6.349630899339936407e-02 1.236053959145365540e-08
6.431788929372939112e-02 1.311785407065069902e-08
6.513946959405941817e-02 1.324995517238241314e-08
6.596104989438947297e-02 1.308952427139829040e-08
6.678263019471950002e-02 1.311506006702394488e-08
6.760421049504952706e-02 1.351341319298312877e-08
6.842579079537955411e-02 1.411565669248208651e-08
6.924737109570958116e-02 1.425222992158904970e-08
7.006895139603963596e-02 1.416593320743476003e-08
7.089053169636966301e-02 1.436645358720684787e-08
7.171211199669969005e-02 1.466425361903695259e-08
7.253369229702971710e-02 1.494654790376131722e-08
7.335527259735977190e-02 1.514007250856849284e-08
7.417685289768979895e-02 1.512064750568386769e-08
7.499843319801982600e-02 1.517054044027051692e-08
7.582001349834985304e-02 1.567935484042945655e-08
7.664159379867988009e-02 1.617500036838976708e-08
7.746317409900993489e-02 1.624439208968812560e-08
7.828475439933996194e-02 1.618833908739611633e-08
