-6.080548839999999622e-02 -3.614915602402003168e-07
-6.040413204092408977e-02 -3.353033635253591241e-07
-6.000277568184818333e-02 -3.110241324768292521e-07
-5.960141932277226995e-02 -2.898522324886261640e-07
-5.920006296369636350e-02 -2.710363109756395267e-07
-5.879870660462045706e-02 -2.540937534327662614e-07
-5.839735024554455062e-02 -2.388040054805811002e-07
-5.799599388646864417e-02 -2.247441254619680843e-07
-5.759463752739273773e-02 -2.117508400549829765e-07
-5.719328116831683129e-02 -1.997617913880365616e-07
-5.679192480924091790e-02 -1.885514085189695724e-07
-5.639056845016501146e-02 -1.781436905371309590e-07
-5.598921209108910502e-02 -1.683230289364477438e-07
-5.558785573201319857e-02 -1.590343250615098196e-07
-5.518649937293729213e-02 -1.503690667504832773e-07
-5.478514301386137875e-02 -1.420968275266593179e-07
-5.438378665478547230e-02 -1.343676622270503519e-07
-5.398243029570956586e-02 -1.269549582742596010e-07
-5.358107393663365942e-02 -1.199301344820231558e-07
-5.317971757755775297e-02 -1.133309987739346294e-07
-5.277836121848184653e-02 -1.069822844338293074e-07
-5.237700485940594008e-02 -1.009537006919955725e-07
-5.197564850033002670e-02 -9.521098772757054103e-08
-5.157429214125412026e-02 -8.976808909083633484e-08
-5.117293578217821381e-02 -8.450688061711577169e-08
-5.077157942310230737e-02 -7.950765005475819246e-08
-5.037022306402640093e-02 -7.476277831907236921e-08
-4.996886670495048755e-02 -7.013439940655419154e-08
-4.956751034587458804e-02 -6.573886706878068785e-08
-4.916615398679867466e-02 -6.154048896961500336e-08
-4.876479762772276821e-02 -5.752070423675874609e-08
-4.836344126864686177e-02 -5.367291063671725852e-08
-4.796208490957095533e-02 -4.986724019570633003e-08
-4.756072855049504888e-02 -4.627693664945771219e-08
-4.715937219141913550e-02 -4.290123946569261467e-08
-4.675801583234322906e-02 -3.956021483137236711e-08
-4.635665947326732261e-02 -3.634684399675651668e-08
-4.595530311419141617e-02 -3.330212853183468011e-08
-4.555394675511550973e-02 -3.023650654537986084e-08
-4.515259039603959634e-02 -2.741966714917618664e-08
-4.475123403696369684e-02 -2.458391887284394431e-08
-4.434987767788778346e-02 -2.195879421623505622e-08
-4.394852131881187701e-02 -1.932866345927573868e-08
-4.354716495973597057e-02 -1.680987788673939689e-08
-4.314580860066006412e-02 -1.440695738145409539e-08
-4.274445224158415768e-02 -1.203944403059376007e-08
-4.234309588250824430e-02 -9.691572792494098112e-09
-4.194173952343234479e-02 -7.516520642183249724e-09
-4.154038316435643141e-02 -5.305688038872156257e-09
-4.113902680528052497e-02 -3.211122199122338881e-09
-4.073767044620461852e-02 -1.228393031899802451e-09
-4.033631408712870514e-02 7.583172953145407730e-10
-3.993495772805280564e-02 2.706825482365913543e-09
-3.953360136897689225e-02 4.507739952540571485e-09
-3.913224500990098581e-02 6.358927660725546585e-09
-3.873088865082507937e-02 8.138658638148555381e-09
-3.832953229174917292e-02 9.793386437648726382e-09
-3.792817593267326648e-02 1.148222273743599723e-08
-3.752681957359735310e-02 1.311687979459499905e-08
-3.712546321452145359e-02 1.461069420764252953e-08
-3.672410685544554021e-02 1.626154020574572158e-08
-3.632275049636963377e-02 1.781861551824762132e-08
-3.592139413729372732e-02 1.926289261564227061e-08
-3.552003777821781394e-02 2.071942007894680917e-08
-3.511868141914191443e-02 2.205752318208046703e-08
-3.471732506006600105e-02 2.342671438387833280e-08
-3.431596870099009461e-02 2.482705352485009056e-08
-3.391461234191418816e-02 2.612178017273481675e-08
-3.351325598283828172e-02 2.734519473497512053e-08
-3.311189962376237528e-02 2.859756697080811458e-08
-3.271054326468646190e-02 2.979960863355631512e-08
-3.230918690561056239e-02 3.104517998870374580e-08
-3.190783054653464901e-02 3.215550184690528678e-08
-3.150647418745874256e-02 3.330513331489185557e-08
-3.110511782838283612e-02 3.441065386149300548e-08
-3.070376146930692621e-02 3.554820729026435218e-08
-3.030240511023101976e-02 3.656391286852540984e-08
-2.990104875115511332e-02 3.770730705824400710e-08
-2.949969239207920341e-02 3.864191257955082946e-08
-2.909833603300329696e-02 3.973606240467456238e-08
-2.869697967392739052e-02 4.068962978417596227e-08
-2.829562331485148408e-02 4.165992403121639945e-08
-2.789426695577557763e-02 4.253129778483435595e-08
-2.749291059669966425e-02 4.348976891593789281e-08
-2.709155423762375781e-02 4.433534506933746896e-08
-2.669019787854785136e-02 4.532646617102679276e-08
-2.628884151947194492e-02 4.613597031730654322e-08
-2.588748516039603847e-02 4.704390646607957224e-08
-2.548612880132013203e-02 4.786218403012894981e-08
-2.508477244224421865e-02 4.866290445846120124e-08
-2.468341608316831221e-02 4.946938055215690902e-08
-2.428205972409240576e-02 5.028685449789240387e-08
-2.388070336501649932e-02 5.097016062329410159e-08
-2.347934700594059287e-02 5.168296655676080065e-08
-2.307799064686468643e-02 5.247366267379796942e-08
-2.267663428778877305e-02 5.318983763881293199e-08
-2.227527792871286660e-02 5.393450460495547076e-08
-2.187392156963696016e-02 5.459957301992757382e-08
-2.147256521056105372e-02 5.531692357461206717e-08
-2.107120885148514727e-02 5.598480762782587233e-08
-2.066985249240924083e-02 5.661985524673438801e-08
-2.026849613333332745e-02 5.726994236950127259e-08
-1.986713977425742100e-02 5.791374772049030829e-08
-1.946578341518151456e-02 5.853474366036105546e-08
-1.906442705610560812e-02 5.914051040841475890e-08
-1.866307069702970167e-02 5.973305801830792386e-08
-1.826171433795379523e-02 6.028121981550774011e-08
-1.786035797887788185e-02 6.089395054424364927e-08
-1.745900161980197540e-02 6.146614012010837948e-08
-1.705764526072606896e-02 6.195035675320902990e-08
-1.665628890165016252e-02 6.254777860241102391e-08
-1.625493254257425607e-02 6.302150903885330777e-08
-1.585357618349834963e-02 6.350268283615089741e-08
-1.545221982442243625e-02 6.398653179798825255e-08
-1.505086346534652980e-02 6.450107197625141908e-08
-1.464950710627062336e-02 6.494980769877671485e-08
-1.424815074719471691e-02 6.545242579186855265e-08
-1.384679438811881047e-02 6.592517037059873642e-08
-1.344543802904290403e-02 6.641383876714839282e-08
-1.304408166996699064e-02 6.680637428917771282e-08
-1.264272531089108420e-02 6.727514599883419029e-08
-1.224136895181517776e-02 6.765151160373340265e-08
-1.184001259273927131e-02 6.812302948533704747e-08
-1.143865623366336487e-02 6.852031602377750087e-08
-1.103729987458745843e-02 6.893266198571705652e-08
-1.063594351551154504e-02 6.928785052875390166e-08
-1.023458715643563860e-02 6.967396827485235335e-08
-9.833230797359732156e-03 7.009964905017047250e-08
-9.431874438283825712e-03 7.043407924062321644e-08
-9.030518079207919269e-03 7.083742426363719542e-08
-8.629161720132012825e-03 7.115986951939463221e-08
-8.227805361056106381e-03 7.148599564993467105e-08
-7.826449001980192999e-03 7.190626452937776489e-08
-7.425092642904286555e-03 7.222140778181915539e-08
-7.023736283828380111e-03 7.256226484118642440e-08
-6.622379924752473668e-03 7.291668794455856705e-08
-6.221023565676567224e-03 7.329454748228565112e-08
-5.819667206600660780e-03 7.361562945344904940e-08
-5.418310847524747398e-03 7.392666474011414514e-08
-5.016954488448840954e-03 7.435979551365648536e-08
-4.615598129372934511e-03 7.459250092508290181e-08
-4.214241770297028067e-03 7.501384414102924117e-08
-3.812885411221121623e-03 7.543264429370501193e-08
-3.411529052145215180e-03 7.578286564190848490e-08
-3.010172693069301797e-03 7.619518840091268018e-08
-2.608816333993395353e-03 7.657591140833410124e-08
-2.207459974917488910e-03 7.694712406991283610e-08
-1.806103615841582466e-03 7.713635874579179575e-08
-1.404747256765676022e-03 7.741532349282133382e-08
-1.003390897689769579e-03 7.754207818505283531e-08
-6.020345386138561961e-04 7.771489505459656180e-08
-2.006781795379497524e-04 7.774855101081661344e-08
2.006781795379566913e-04 7.774855095758683957e-08
6.020345386138631349e-04 7.771488856046769416e-08
1.003390897689769579e-03 7.754207348776084612e-08
1.404747256765676022e-03 7.741532645795053351e-08
1.806103615841589405e-03 7.713635787530471795e-08
2.207459974917488910e-03 7.694712958149444341e-08
2.608816333993402292e-03 7.657589216041998239e-08
3.010172693069315675e-03 7.619514523568635998e-08
3.411529052145215180e-03 7.578279038004511846e-08
3.812885411221128562e-03 7.543261920009263986e-08
4.214241770297028067e-03 7.501385632356477895e-08
4.615598129372941449e-03 7.459248456786480360e-08
5.016954488448840954e-03 7.435980359826658254e-08
5.418310847524754337e-03 7.392664760386073415e-08
5.819667206600667719e-03 7.361564327782338308e-08
6.221023565676567224e-03 7.329456061173229083e-08
6.622379924752480607e-03 7.291668509247300807e-08
7.023736283828380111e-03 7.256225828693648165e-08
7.425092642904293494e-03 7.222137438404103459e-08
7.826449001980206877e-03 7.190623211086507526e-08
8.227805361056106381e-03 7.148599686552764140e-08
8.629161720132019764e-03 7.115986257945157212e-08
9.030518079207919269e-03 7.083742289532757281e-08
9.431874438283832651e-03 7.043407862097631682e-08
9.833230797359732156e-03 7.009968580744987461e-08
1.023458715643564554e-02 6.967397196323053475e-08
1.063594351551155892e-02 6.928780706216728781e-08
1.103729987458745843e-02 6.893264930603612383e-08
1.143865623366337181e-02 6.852031443577045457e-08
1.184001259273927131e-02 6.812305043589782222e-08
1.224136895181518470e-02 6.765149598999370933e-08
1.264272531089109808e-02 6.727516334562346366e-08
1.304408166996699758e-02 6.680642935829431852e-08
1.344543802904291097e-02 6.641386751761110945e-08
1.384679438811881047e-02 6.592518025539673321e-08
1.424815074719472385e-02 6.545242281922701775e-08
1.464950710627062336e-02 6.494979812982793378e-08
1.505086346534653674e-02 6.450108519169175527e-08
1.545221982442245012e-02 6.398658747250334021e-08
1.585357618349834963e-02 6.350272758357705896e-08
1.625493254257426301e-02 6.302153534382750886e-08
1.665628890165016252e-02 6.254776923927785532e-08
1.705764526072607590e-02 6.195036710954068638e-08
1.745900161980197540e-02 6.146612952258255603e-08
1.786035797887788878e-02 6.089394583821525639e-08
1.826171433795380217e-02 6.028122807281176161e-08
1.866307069702970167e-02 5.973302309568854473e-08
1.906442705610561505e-02 5.914046637047017023e-08
1.946578341518151456e-02 5.853471313715462435e-08
1.986713977425742794e-02 5.791376962020946926e-08
2.026849613333334132e-02 5.726993458903773100e-08
2.066985249240924083e-02 5.661985998117332474e-08
2.107120885148515421e-02 5.598482827418090506e-08
2.147256521056105372e-02 5.531690903113434279e-08
2.187392156963696710e-02 5.459958333208206810e-08
2.227527792871286660e-02 5.393451698511369484e-08
2.267663428778877999e-02 5.318983273290572761e-08
2.307799064686469337e-02 5.247362505529718291e-08
2.347934700594059287e-02 5.168293977931077455e-08
2.388070336501650626e-02 5.097018719642252252e-08
2.428205972409240576e-02 5.028687409927337161e-08
2.468341608316831914e-02 4.946935497123790619e-08
2.508477244224423253e-02 4.866288793540559278e-08
2.548612880132013203e-02 4.786219707809281995e-08
2.588748516039604541e-02 4.704389362318825493e-08
2.628884151947194492e-02 4.613598118559385980e-08
2.669019787854785830e-02 4.532648782325261447e-08
2.709155423762375781e-02 4.433530340212639719e-08
2.749291059669967119e-02 4.348973563088328721e-08
2.789426695577558457e-02 4.253131012692427240e-08
2.829562331485148408e-02 4.165992619489869456e-08
2.869697967392739746e-02 4.068961212570228122e-08
2.909833603300329696e-02 3.973602524260245582e-08
2.949969239207921035e-02 3.864188492229498670e-08
2.990104875115512373e-02 3.770727881461615995e-08
3.030240511023102323e-02 3.656385076665433231e-08
3.070376146930693662e-02 3.554818930370648800e-08
3.110511782838283612e-02 3.441066017924107909e-08
3.150647418745874950e-02 3.330511511776572999e-08
3.190783054653464901e-02 3.215550401886849362e-08
3.230918690561056239e-02 3.104521807525656894e-08
3.271054326468647577e-02 2.979963487293951409e-08
3.311189962376237528e-02 2.859755554926778186e-08
3.351325598283828866e-02 2.734520475218856036e-08
3.391461234191418816e-02 2.612180932468331532e-08
3.431596870099010155e-02 2.482710912712872617e-08
3.471732506006601493e-02 2.342676091929845471e-08
3.511868141914191443e-02 2.205755182434642429e-08
3.552003777821782782e-02 2.071939041729385231e-08
3.592139413729372732e-02 1.926285778993394268e-08
3.632275049636964070e-02 1.781862920565566864e-08
3.672410685544554021e-02 1.626153396977417917e-08
3.712546321452145359e-02 1.461069403183877669e-08
3.752681957359736697e-02 1.311684666649252807e-08
3.792817593267326648e-02 1.148220004111204847e-08
3.832953229174917986e-02 9.793353775866639052e-09
3.873088865082507937e-02 8.138624917806682797e-09
3.913224500990099275e-02 6.358895686892554647e-09
3.953360136897690613e-02 4.507736150234870491e-09
3.993495772805280564e-02 2.706858823675788825e-09
4.033631408712871902e-02 7.582840583132259954e-10
4.073767044620461852e-02 -1.228434012996452197e-09
4.113902680528053191e-02 -3.211155672251451881e-09
4.154038316435643141e-02 -5.305682285236378822e-09
4.194173952343234479e-02 -7.516479013218256618e-09
4.234309588250825818e-02 -9.691598158602580910e-09
4.274445224158415768e-02 -1.203945251529563472e-08
4.314580860066007106e-02 -1.440696173412771243e-08
4.354716495973597057e-02 -1.680989935582404286e-08
4.394852131881188395e-02 -1.932870246172867581e-08
4.434987767788778346e-02 -2.195878949099341499e-08
4.475123403696369684e-02 -2.458394271966389327e-08
4.515259039603961022e-02 -2.741969169664887232e-08
4.555394675511550973e-02 -3.023654600273369518e-08
4.595530311419142311e-02 -3.330214074096355843e-08
4.635665947326732261e-02 -3.634678614098441786e-08
4.675801583234323600e-02 -3.956018033071203272e-08
4.715937219141914938e-02 -4.290122273991269341e-08
4.756072855049504888e-02 -4.627695816626202389e-08
4.796208490957096227e-02 -4.986730704083459254e-08
4.836344126864686177e-02 -5.367291276331316895e-08
4.876479762772277515e-02 -5.752061519732162801e-08
4.916615398679867466e-02 -6.154044305191192238e-08
4.956751034587458804e-02 -6.573887575249872387e-08
4.996886670495050142e-02 -7.013439732964936309e-08
5.037022306402640093e-02 -7.476276551665043323e-08
5.077157942310231431e-02 -7.950770358208769281e-08
5.117293578217821381e-02 -8.450689268417324313e-08
5.157429214125412720e-02 -8.976809820427123154e-08
5.197564850033004058e-02 -9.521100738502016649e-08
5.237700485940594008e-02 -1.009537405375837819e-07
5.277836121848185347e-02 -1.069823552360648419e-07
5.317971757755775297e-02 -1.133310744241752018e-07
5.358107393663366635e-02 -1.199301880055018326e-07
5.398243029570956586e-02 -1.269549775637780724e-07
5.438378665478547924e-02 -1.343676157226589262e-07
5.478514301386139262e-02 -1.420968172883857371e-07
5.518649937293729213e-02 -1.503690587471861990e-07
5.558785573201320551e-02 -1.590343341968947810e-07
5.598921209108910502e-02 -1.683230342079010692e-07
5.639056845016501840e-02 -1.781436637176905186e-07
5.679192480924093178e-02 -1.885512361393377019e-07
5.719328116831683129e-02 -1.997614090449974202e-07
5.759463752739274467e-02 -2.117507065183752106e-07
5.799599388646864417e-02 -2.247443051154560288e-07
5.839735024554455756e-02 -2.388041948507693298e-07
5.879870660462045706e-02 -2.540937551795189817e-07
5.920006296369637044e-02 -2.710363917861185279e-07
5.960141932277228383e-02 -2.898522794844622147e-07
6.000277568184818333e-02 -3.110240113073194681e-07
6.040413204092409671e-02 -3.353032528215188681e-07
6.080548839999999622e-02 -3.614915719572078173e-07
