-1.681893395313531492e-01 1.271609301748214267e-07
-1.673677590627062894e-01 1.312676772778067699e-07
-1.665461785940594019e-01 1.350483564987195001e-07
-1.657245981254125422e-01 1.387970147777378368e-07
-1.649030176567656825e-01 1.428147744784086020e-07
-1.640814371881188227e-01 1.467553500880347203e-07
-1.632598567194719630e-01 1.510271836947033313e-07
-1.624382762508251032e-01 1.560998478104089920e-07
-1.616166957821782157e-01 1.617930333065635762e-07
-1.607951153135313560e-01 1.678643743573058738e-07
-1.599735348448844963e-01 1.743418639651780487e-07
-1.591519543762376365e-01 1.819337563430364403e-07
-1.583303739075907768e-01 1.896642736304690239e-07
-1.575087934389439170e-01 1.972584538130183878e-07
-1.566872129702970295e-01 2.063682507236762228e-07
-1.558656325016501698e-01 2.161799698007055531e-07
-1.550440520330033101e-01 2.261318765660003886e-07
-1.542224715643564503e-01 2.367012864277198762e-07
-1.534008910957095906e-01 2.475474467144961300e-07
-1.525793106270627031e-01 2.588156518938146671e-07
-1.517577301584158433e-01 2.711311386897523941e-07
-1.509361496897689836e-01 2.839935055138235261e-07
-1.501145692211221239e-01 2.965827815145377367e-07
-1.492929887524752641e-01 3.098881098177223782e-07
-1.484714082838283766e-01 3.239032280880226500e-07
-1.476498278151815169e-01 3.371100408754277336e-07
-1.468282473465346571e-01 3.514591086878248913e-07
-1.460066668778877974e-01 3.659056593575762837e-07
-1.451850864092409377e-01 3.798152531418309103e-07
-1.443635059405940779e-01 3.933272923668275356e-07
-1.435419254719471904e-01 4.068302594037753489e-07
-1.427203450033003307e-01 4.208669692832101239e-07
-1.418987645346534709e-01 4.340174509499084661e-07
-1.410771840660066112e-01 4.461264130143189298e-07
-1.402556035973597515e-01 4.583425662797520637e-07
-1.394340231287128917e-01 4.696903118914217442e-07
-1.386124426600660042e-01 4.800700728804057607e-07
-1.377908621914191445e-01 4.896295189783409174e-07
-1.369692817227722847e-01 4.980080898416332713e-07
-1.361477012541254250e-01 5.048739734100363212e-07
-1.353261207854785653e-01 5.104826167123988230e-07
-1.345045403168316778e-01 5.149256206725002328e-07
-1.336829598481848180e-01 5.182540929381039107e-07
-1.328613793795379583e-01 5.197569399824712429e-07
-1.320397989108910985e-01 5.198256541429196320e-07
-1.312182184422442388e-01 5.190933074334295154e-07
-1.303966379735973513e-01 5.162267334310259684e-07
-1.295750575049505193e-01 5.114466328154204623e-07
-1.287534770363036318e-01 5.062559265667583477e-07
-1.279318965676567721e-01 4.994592382605411826e-07
-1.271103160990099123e-01 4.910199955270974268e-07
-1.262887356303630526e-01 4.814737862192222434e-07
-1.254671551617161929e-01 4.707937799302854790e-07
-1.246455746930693054e-01 4.591486409393635837e-07
-1.238239942244224456e-01 4.469044935218121104e-07
-1.230024137557755859e-01 4.331242750368952723e-07
-1.221808332871287262e-01 4.188063901033683110e-07
-1.213592528184818525e-01 4.044931022600465996e-07
-1.205376723498349928e-01 3.895381135016043518e-07
-1.197160918811881192e-01 3.740390501688281994e-07
-1.188945114125412594e-01 3.582735697009271431e-07
-1.180729309438943997e-01 3.424638667416363255e-07
-1.172513504752475400e-01 3.261812778323548191e-07
-1.164297700066006663e-01 3.102498907842368231e-07
-1.156081895379537927e-01 2.944269668331126778e-07
-1.147866090693069330e-01 2.786172579724789422e-07
-1.139650286006600732e-01 2.632490828238185634e-07
-1.131434481320132135e-01 2.483066719571175567e-07
-1.123218676633663399e-01 2.339239627931513735e-07
-1.115002871947194801e-01 2.199952058543977744e-07
-1.106787067260726065e-01 2.061343830052214530e-07
-1.098571262574257468e-01 1.928535939695799736e-07
-1.090355457887788870e-01 1.805906767014780329e-07
-1.082139653201320273e-01 1.686645246437986435e-07
-1.073923848514851537e-01 1.567945411869040912e-07
-1.065708043828382801e-01 1.457980923081368311e-07
-1.057492239141914203e-01 1.356781250363669187e-07
-1.049276434455445606e-01 1.258036744725894479e-07
-1.041060629768977008e-01 1.164823074468191431e-07
-1.032844825082508272e-01 1.083700596359205855e-07
-1.024629020396039675e-01 9.967305529068334695e-08
-1.016413215709571077e-01 9.177712181492365278e-08
-1.008197411023102341e-01 8.481944370132965397e-08
-9.999816063366337437e-02 7.781703605311985760e-08
-9.917658016501650076e-02 7.140234084800055889e-08
-9.835499969636964102e-02 6.580492685205473647e-08
-9.753341922772278128e-02 6.043926784526573726e-08
-9.671183875907590766e-02 5.511433744974943269e-08
-9.589025829042904792e-02 5.057311570318809746e-08
-9.506867782178218818e-02 4.677323167900374805e-08
-9.424709735313531456e-02 4.261660965233885238e-08
-9.342551688448845482e-02 3.847208724508961849e-08
-9.260393641584159508e-02 3.501012489465353029e-08
-9.178235594719472146e-02 3.198019921459805347e-08
-9.096077547854786172e-02 2.917681691746060483e-08
-9.013919500990100198e-02 2.704559960041998362e-08
-8.931761454125412836e-02 2.482854605522078872e-08
-8.849603407260726862e-02 2.245431631318458763e-08
-8.767445360396039500e-02 2.048525387599282410e-08
-8.685287313531353526e-02 1.837753575102095687e-08
-8.603129266666667552e-02 1.629067926517798132e-08
-8.520971219801980190e-02 1.513702436035801069e-08
-8.438813172937294216e-02 1.425151811026729109e-08
-8.356655126072608242e-02 1.297252261171849216e-08
-8.274497079207920880e-02 1.164183581322558887e-08
-8.192339032343234906e-02 1.058583066095590737e-08
-8.110180985478548932e-02 9.750896843984540891e-09
-8.028022938613861570e-02 8.851974223238594252e-09
-7.945864891749175596e-02 8.286397004609642345e-09
-7.863706844884488234e-02 7.703821953871899456e-09
-7.781548798019802260e-02 7.144498452106966551e-09
-7.699390751155116286e-02 6.552514122909962975e-09
-7.617232704290428924e-02 5.993366137074809482e-09
-7.535074657425742950e-02 5.521029643328444875e-09
-7.452916610561056976e-02 5.042966212770609905e-09
-7.370758563696369614e-02 4.977292845742233756e-09
-7.288600516831683640e-02 5.110940812670983799e-09
-7.206442469966997666e-02 4.784409814373924083e-09
-7.124284423102310304e-02 4.141425439720548395e-09
-7.042126376237624330e-02 3.896469032154089890e-09
-6.959968329372938356e-02 3.959645666598332657e-09
-6.877810282508250994e-02 4.042145433605668975e-09
-6.795652235643565020e-02 4.062822316117477902e-09
-6.713494188778877658e-02 4.075654719399142640e-09
-6.631336141914191684e-02 4.020893408089213457e-09
-6.549178095049505710e-02 3.590720472025692124e-09
-6.467020048184818348e-02 3.102788186143507171e-09
-6.384862001320132374e-02 2.984052039823226372e-09
-6.302703954455446400e-02 3.016791665022761689e-09
-6.220545907590759038e-02 2.994380754787838829e-09
-6.138387860726073064e-02 2.992593802708068840e-09
-6.056229813861387090e-02 3.000278171042385111e-09
-5.974071766996699728e-02 3.005127297979709282e-09
-5.891913720132013754e-02 2.978922282823663853e-09
-5.809755673267326392e-02 3.048480851586076292e-09
-5.727597626402640418e-02 3.110626051648919641e-09
-5.645439579537954444e-02 2.480057950644083339e-09
-5.563281532673267082e-02 1.903720950401332742e-09
-5.481123485808581108e-02 2.011094964296983355e-09
-5.398965438943895134e-02 2.019362293353637954e-09
-5.316807392079207772e-02 1.998564299512991106e-09
-5.234649345214521798e-02 1.994414048413442760e-09
-5.152491298349835824e-02 2.030091406672520239e-09
-5.070333251485148462e-02 1.981551171439293116e-09
-4.988175204620462488e-02 9.995310220234539245e-10
-4.906017157755776514e-02 9.999918753875235242e-10
-4.823859110891089153e-02 1.000001911962230703e-09
-4.741701064026403178e-02 9.989828474026593661e-10
-4.659543017161715817e-02 1.602503079812091311e-11
-4.577384970297029843e-02 1.443266553903359284e-14
-4.495226923432343868e-02 2.820958527535721849e-17
-4.413068876567656507e-02 -6.820983609138737795e-12
-4.330910829702971920e-02 -1.095210410560328788e-09
-4.248752782838283171e-02 -1.000148737508811041e-09
-4.166594735973597197e-02 -9.999932116582307831e-10
-4.084436689108911223e-02 -1.000006733004409998e-09
-4.002278642244225249e-02 -1.000004281414927903e-09
-3.920120595379539274e-02 -9.869497768838568193e-10
-3.837962548514850525e-02 -1.985346361089442664e-09
-3.755804501650164551e-02 -2.000269245589752901e-09
-3.673646454785478577e-02 -2.000006743843542236e-09
-3.591488407920792603e-02 -2.000003992968520756e-09
-3.509330361056106629e-02 -2.000003256583487402e-09
-3.427172314191420655e-02 -2.000738018867733391e-09
-3.345014267326731905e-02 -2.071062026635591986e-09
-3.262856220462045931e-02 -2.992933151255838939e-09
-3.180698173597359957e-02 -2.999844973270162046e-09
-3.098540126732673983e-02 -3.000004692535224605e-09
-3.016382079867988009e-02 -3.000000698541097207e-09
-2.934224033003299259e-02 -3.000002217620149209e-09
-2.852065986138613285e-02 -3.000004956248768337e-09
-2.769907939273927311e-02 -3.000091575520161995e-09
-2.687749892409241337e-02 -2.911222657429548720e-09
-2.605591845544555363e-02 -4.052805211607779946e-09
-2.523433798679869389e-02 -4.000011346682561279e-09
-2.441275751815180639e-02 -4.000009337213784465e-09
-2.359117704950494665e-02 -4.000025969786517844e-09
-2.276959658085808691e-02 -4.000006365403771221e-09
-2.194801611221122717e-02 -4.000005519975104369e-09
-2.112643564356436743e-02 -4.000004555031782725e-09
-2.030485517491747993e-02 -4.000006926188710214e-09
-1.948327470627062019e-02 -4.000007254078552228e-09
-1.866169423762376045e-02 -4.001227638799836699e-09
-1.784011376897690071e-02 -3.983946433404187467e-09
-1.701853330033004097e-02 -4.986238565165163625e-09
-1.619695283168318123e-02 -4.994543045342688748e-09
-1.537537236303629373e-02 -4.997648328595311051e-09
-1.455379189438943399e-02 -4.999972799016617615e-09
-1.373221142574257425e-02 -5.000004781284945977e-09
-1.291063095709571451e-02 -5.000117872373902603e-09
-1.208905048844885477e-02 -5.000003934207953010e-09
-1.126747001980199503e-02 -5.000006527055425652e-09
-1.044588955115510753e-02 -5.000002786051404875e-09
-9.624309082508247792e-03 -5.000009399047688260e-09
-8.802728613861388052e-03 -5.000009706415616028e-09
-7.981148145214528311e-03 -5.000011070721419775e-09
-7.159567676567668570e-03 -5.000010064856242383e-09
-6.337987207920781074e-03 -5.000010875509124553e-09
-5.516406739273921334e-03 -5.000011389488716947e-09
-4.694826270627061593e-03 -5.000011908504767245e-09
-3.873245801980201852e-03 -5.000011672694182861e-09
-3.051665333333342112e-03 -5.000012196512909970e-09
-2.230084864686482371e-03 -5.000011794934589677e-09
-1.408504396039594875e-03 -5.000015784331022237e-09
-5.869239273927351341e-04 -5.000012818643363136e-09
2.346565412541246065e-04 -5.000011157315292038e-09
1.056237009900984347e-03 -5.000009614907258604e-09
1.877817478547844088e-03 -5.000011348834523610e-09
2.699397947194731584e-03 -5.000013746674683004e-09
3.520978415841591325e-03 -5.000016616644230934e-09
4.342558884488451065e-03 -4.999994166666156471e-09
5.164139353135310806e-03 -5.000024478895526907e-09
5.985719821782170547e-03 -4.999986551565521980e-09
6.807300290429030287e-03 -5.000040898729159319e-09
7.628880759075917783e-03 -5.001139870571100383e-09
8.450461227722777524e-03 -4.997738734112449266e-09
9.272041696369637265e-03 -4.664460905346476220e-09
1.009362216501649701e-02 -3.931629394665197294e-09
1.091520263366335675e-02 -4.000027794104056783e-09
1.173678310231024424e-02 -4.000016499248353931e-09
1.255836357095710398e-02 -4.000018313343899263e-09
1.337994403960396372e-02 -4.000017120533468215e-09
1.420152450825082346e-02 -4.000017426161590309e-09
1.502310497689768320e-02 -4.000019051426386644e-09
1.584468544554454295e-02 -4.000054700759535752e-09
1.666626591419143044e-02 -4.000021517866050370e-09
1.748784638283829018e-02 -3.989598523480809497e-09
1.830942685148514992e-02 -3.391173045940419368e-09
1.913100732013200966e-02 -2.999931179763765782e-09
1.995258778877886940e-02 -3.000019087643322757e-09
2.077416825742575690e-02 -3.000020212569145281e-09
2.159574872607261664e-02 -3.000020265554444263e-09
2.241732919471947638e-02 -3.000016751463773792e-09
2.323890966336633612e-02 -3.001159533708137135e-09
2.406049013201319586e-02 -3.115251521991222795e-09
2.488207060066005560e-02 -2.000456428871526249e-09
2.570365106930694310e-02 -2.000021063350561714e-09
2.652523153795380284e-02 -2.000013599116659524e-09
2.734681200660066258e-02 -2.000017265119300954e-09
2.816839247524752232e-02 -2.000060764118530504e-09
2.898997294389438206e-02 -1.982007519699390550e-09
2.981155341254124180e-02 -1.008724939355684505e-09
3.063313388118812930e-02 -1.000022272687800984e-09
3.145471434983498904e-02 -1.000020296324459880e-09
3.227629481848184878e-02 -1.000030855061097724e-09
3.309787528712870852e-02 -1.000730851918180120e-09
3.391945575577556826e-02 -2.029829684835283889e-11
3.474103622442245576e-02 -1.624556676791018284e-14
3.556261669306931550e-02 -2.105530105735858859e-14
3.638419716171617524e-02 2.555084541568195672e-14
3.720577763036303498e-02 -1.216891848890972166e-10
3.802735809900989472e-02 9.990874780351594823e-10
3.884893856765675446e-02 9.999756850557741045e-10
3.967051903630364196e-02 9.999809267006336874e-10
4.049209950495050170e-02 1.003910033111859285e-09
4.131367997359736144e-02 2.000945076761174524e-09
4.213526044224422118e-02 1.999975520706469994e-09
4.295684091089108092e-02 1.999415981088868287e-09
4.377842137953796842e-02 2.803579703651191621e-09
4.460000184818482816e-02 2.999970763361666979e-09
4.542158231683168790e-02 2.999953989661386126e-09
4.624316278547854764e-02 3.128701154066665683e-09
4.706474325412540738e-02 3.999970992801368179e-09
4.788632372277226712e-02 3.999993017865364651e-09
4.870790419141915462e-02 5.012833917970497101e-09
4.952948466006601436e-02 4.999975236724923770e-09
5.035106512871287410e-02 5.004902593751619469e-09
5.117264559735973384e-02 5.856425305511260776e-09
5.199422606600659358e-02 6.110545484659823012e-09
5.281580653465348107e-02 6.055752445182979314e-09
5.363738700330034082e-02 6.632101255280852827e-09
5.445896747194720056e-02 7.126027239822105047e-09
5.528054794059406030e-02 7.128058405285182635e-09
5.610212840924092004e-02 7.003113449065382365e-09
5.692370887788777978e-02 7.478372709298860589e-09
5.774528934653466727e-02 7.966433316239184123e-09
5.856686981518152701e-02 7.937918046630932267e-09
5.938845028382838676e-02 7.954460304645716751e-09
6.021003075247524650e-02 8.503598412625885299e-09
6.103161122112210624e-02 9.027793309291284852e-09
6.185319168976896598e-02 8.928208009583197494e-09
6.267477215841585347e-02 9.375275904319963828e-09
6.349635262706271321e-02 1.009550323768804310e-08
6.431793309570957295e-02 1.001115881919260235e-08
6.513951356435643270e-02 9.895118522727723684e-09
6.596109403300329244e-02 1.026651402328324742e-08
6.678267450165017993e-02 1.098393448577248180e-08
6.760425497029703967e-02 1.109090327440343904e-08
6.842583543894389941e-02 1.096095773260569563e-08
6.924741590759075915e-02 1.132068101605398103e-08
7.006899637623761889e-02 1.197440991459470378e-08
7.089057684488447864e-02 1.209391819053034307e-08
7.171215731353136613e-02 1.197838922613271486e-08
7.253373778217822587e-02 1.244937401699893343e-08
7.335531825082508561e-02 1.295346417953994827e-08
7.417689871947194535e-02 1.303476249069827723e-08
7.499847918811880509e-02 1.297311402937871214e-08
7.582005965676569259e-02 1.348780952161907857e-08
7.664164012541255233e-02 1.404430981802365613e-08
7.746322059405941207e-02 1.408653348666337446e-08
7.828480106270627181e-02 1.400090672234450661e-08
