-6.080519539999999779e-02 -4.511473580922940447e-07
-6.040384097491748733e-02 -4.296156209920641503e-07
-6.000248654983498381e-02 -4.094615025184429903e-07
-5.960113212475247335e-02 -3.915087229114005818e-07
-5.919977769966996289e-02 -3.753128421909834598e-07
-5.879842327458745938e-02 -3.605302341654781183e-07
-5.839706884950494892e-02 -3.468226424732425286e-07
-5.799571442442243846e-02 -3.340665993056789151e-07
-5.759435999933993494e-02 -3.220684712720878247e-07
-5.719300557425742448e-02 -3.108489986489216015e-07
-5.679165114917491403e-02 -3.001538005593237192e-07
-5.639029672409240357e-02 -2.900048150805603763e-07
-5.598894229900990005e-02 -2.802030202820422556e-07
-5.558758787392738959e-02 -2.709021551752986623e-07
-5.518623344884487913e-02 -2.619826770814976360e-07
-5.478487902376237562e-02 -2.534359829946527455e-07
-5.438352459867986516e-02 -2.451392155055964491e-07
-5.398217017359735470e-02 -2.372133450708967657e-07
-5.358081574851485118e-02 -2.294325851595254378e-07
-5.317946132343234072e-02 -2.219790187115842175e-07
-5.277810689834983027e-02 -2.147472599935129194e-07
-5.237675247326732675e-02 -2.076572780846944212e-07
-5.197539804818481629e-02 -2.008055425681943973e-07
-5.157404362310230583e-02 -1.941161003735089534e-07
-5.117268919801980231e-02 -1.876821633166442703e-07
-5.077133477293729186e-02 -1.812760642207564352e-07
-5.036998034785478140e-02 -1.750867203080354706e-07
-4.996862592277227788e-02 -1.690653559206070259e-07
-4.956727149768976742e-02 -1.631532088222649813e-07
-4.916591707260725697e-02 -1.573527785824031074e-07
-4.876456264752475345e-02 -1.516196524373724358e-07
-4.836320822244224299e-02 -1.460674706037636732e-07
-4.796185379735973253e-02 -1.405681469167929847e-07
-4.756049937227722901e-02 -1.352224751161390108e-07
-4.715914494719471856e-02 -1.299003035891239673e-07
-4.675779052211220810e-02 -1.247363390770037106e-07
-4.635643609702970458e-02 -1.195872514000529278e-07
-4.595508167194719412e-02 -1.146036139876178749e-07
-4.555372724686468366e-02 -1.095987365699383967e-07
-4.515237282178218015e-02 -1.046957943687529551e-07
-4.475101839669966969e-02 -9.989819401498210823e-08
-4.434966397161715923e-02 -9.515116149870957809e-08
-4.394830954653465571e-02 -9.046852444739277876e-08
-4.354695512145214525e-02 -8.580876829919763634e-08
-4.314560069636963480e-02 -8.122728119234458934e-08
-4.274424627128713128e-02 -7.670209341036804809e-08
-4.234289184620461388e-02 -7.220877122452611837e-08
-4.194153742112211036e-02 -6.776059698925428955e-08
-4.154018299603960684e-02 -6.343515983837680620e-08
-4.113882857095708945e-02 -5.906602062205535912e-08
-4.073747414587458593e-02 -5.477041546823301384e-08
-4.033611972079208241e-02 -5.058706427655230882e-08
-3.993476529570956501e-02 -4.638806268525133991e-08
-3.953341087062706150e-02 -4.222813531277600751e-08
-3.913205644554455798e-02 -3.813747201495890382e-08
-3.873070202046204058e-02 -3.401205708678082375e-08
-3.832934759537953706e-02 -2.998947174790823433e-08
-3.792799317029703354e-02 -2.606996626928231247e-08
-3.752663874521451615e-02 -2.206514152908000741e-08
-3.712528432013201263e-02 -1.822050781167286851e-08
-3.672392989504950217e-02 -1.424597712621460923e-08
-3.632257546996699171e-02 -1.050605144661397812e-08
-3.592122104488448819e-02 -6.620488819932140452e-09
-3.551986661980197774e-02 -2.937847121329922931e-09
-3.511851219471946728e-02 8.824916156498324457e-10
-3.471715776963696376e-02 4.473561794151396486e-09
-3.431580334455445330e-02 8.192279821114458152e-09
-3.391444891947194284e-02 1.182281094106989493e-08
-3.351309449438943933e-02 1.538313591016068445e-08
-3.311174006930692887e-02 1.898445124077226644e-08
-3.271038564422441841e-02 2.246476622243406258e-08
-3.230903121914191489e-02 2.598542361420508675e-08
-3.190767679405940443e-02 2.940991754010586042e-08
-3.150632236897689398e-02 3.281412719828038356e-08
-3.110496794389438699e-02 3.617640386232043469e-08
-3.070361351881188000e-02 3.956178187661654586e-08
-3.030225909372937301e-02 4.279634101074106702e-08
-2.990090466864686256e-02 4.612011699760198980e-08
-2.949955024356435557e-02 4.932739790241462130e-08
-2.909819581848184511e-02 5.255246232258520690e-08
-2.869684139339934159e-02 5.578789975623758038e-08
-2.829548696831683113e-02 5.886099737427670387e-08
-2.789413254323432068e-02 6.201358873029926341e-08
-2.749277811815181716e-02 6.506827522815904695e-08
-2.709142369306930670e-02 6.809168639904828353e-08
-2.669006926798679624e-02 7.108982679630730794e-08
-2.628871484290429272e-02 7.397648694594240350e-08
-2.588736041782178227e-02 7.697933815019844896e-08
-2.548600599273927181e-02 7.981602390645782303e-08
-2.508465156765676829e-02 8.266819939593556222e-08
-2.468329714257425783e-02 8.548364893806653608e-08
-2.428194271749174737e-02 8.823609121233740486e-08
-2.388058829240923692e-02 9.095028236876534358e-08
-2.347923386732673340e-02 9.369921533112705289e-08
-2.307787944224422294e-02 9.630912503796687128e-08
-2.267652501716171248e-02 9.897258817047470786e-08
-2.227517059207920896e-02 1.015343688957695283e-07
-2.187381616699669851e-02 1.041222563980451207e-07
-2.147246174191418805e-02 1.066011004431853015e-07
-2.107110731683168453e-02 1.090668266439088719e-07
-2.066975289174917407e-02 1.115422036105614148e-07
-2.026839846666666362e-02 1.138900298763079631e-07
-1.986704404158416010e-02 1.162495152052573512e-07
-1.946568961650164964e-02 1.185851258483022820e-07
-1.906433519141913918e-02 1.208367892126932695e-07
-1.866298076633663566e-02 1.230987660417867897e-07
-1.826162634125412521e-02 1.252498670185258088e-07
-1.786027191617161475e-02 1.273681023998276145e-07
-1.745891749108911123e-02 1.295824819984001963e-07
-1.705756306600660077e-02 1.315602620412890898e-07
-1.665620864092409031e-02 1.336402135646913517e-07
-1.625485421584158680e-02 1.356652802759295860e-07
-1.585349979075907634e-02 1.375816144438743514e-07
-1.545214536567656588e-02 1.394330040705478553e-07
-1.505079094059406236e-02 1.413208857804396190e-07
-1.464943651551155190e-02 1.430946322883945622e-07
-1.424808209042904145e-02 1.449477170078488863e-07
-1.384672766534653099e-02 1.466888435404781550e-07
-1.344537324026402747e-02 1.483939868896747835e-07
-1.304401881518151701e-02 1.500964777146998577e-07
-1.264266439009900655e-02 1.516186221350497763e-07
-1.224130996501650304e-02 1.532282427726581391e-07
-1.183995553993399258e-02 1.547740297132741160e-07
-1.143860111485148212e-02 1.563161999538516259e-07
-1.103724668976897860e-02 1.576912700045238763e-07
-1.063589226468646814e-02 1.591303129845948464e-07
-1.023453783960395769e-02 1.604785618906257489e-07
-9.833183414521454169e-03 1.618724834334467838e-07
-9.431828989438943711e-03 1.631564058277867394e-07
-9.030474564356433254e-03 1.643473232729019880e-07
-8.629120139273929735e-03 1.656097265937792254e-07
-8.227765714191419277e-03 1.667244547896330817e-07
-7.826411289108908820e-03 1.678497421826809470e-07
-7.425056864026405301e-03 1.689637260765020194e-07
-7.023702438943894844e-03 1.700967778605927034e-07
-6.622348013861384386e-03 1.710822174670135371e-07
-6.220993588778880867e-03 1.720460082165787345e-07
-5.819639163696370410e-03 1.730189101007511414e-07
-5.418284738613859952e-03 1.739732679532491397e-07
-5.016930313531356433e-03 1.748642647750880083e-07
-4.615575888448845976e-03 1.756965034282128862e-07
-4.214221463366335518e-03 1.765807098412309714e-07
-3.812867038283825061e-03 1.773592259991274959e-07
-3.411512613201321542e-03 1.782712553695081910e-07
-3.010158188118811085e-03 1.790041050334618940e-07
-2.608803763036300627e-03 1.797163597899819940e-07
-2.207449337953797108e-03 1.804050982003373388e-07
-1.806094912871286651e-03 1.808416374662945813e-07
-1.404740487788776193e-03 1.813095244850906808e-07
-1.003386062706272674e-03 1.816803382462722666e-07
-6.020316376237622169e-04 1.818502481093403102e-07
-2.006772125412517593e-04 1.820710828796837340e-07
2.006772125412517593e-04 1.820711671207072639e-07
6.020316376237622169e-04 1.818502182204039026e-07
1.003386062706272674e-03 1.816803122132826742e-07
1.404740487788776193e-03 1.813094922018081247e-07
1.806094912871286651e-03 1.808416483530713036e-07
2.207449337953790169e-03 1.804050868514118172e-07
2.608803763036307566e-03 1.797163350112256386e-07
3.010158188118811085e-03 1.790041094795776447e-07
3.411512613201314603e-03 1.782712596808705289e-07
3.812867038283832000e-03 1.773592231988236551e-07
4.214221463366335518e-03 1.765807343254743945e-07
4.615575888448839037e-03 1.756965406408410541e-07
5.016930313531356433e-03 1.748642825037846912e-07
5.418284738613859952e-03 1.739732797301662218e-07
5.819639163696363471e-03 1.730189268166685286e-07
6.220993588778880867e-03 1.720460460574317577e-07
6.622348013861384386e-03 1.710822188520699540e-07
7.023702438943887905e-03 1.700967539653717566e-07
7.425056864026405301e-03 1.689637208991184791e-07
7.826411289108908820e-03 1.678497299043881228e-07
8.227765714191412338e-03 1.667244741028716519e-07
8.629120139273929735e-03 1.656097353627707152e-07
9.030474564356433254e-03 1.643473176489300671e-07
9.431828989438936772e-03 1.631564379074511512e-07
9.833183414521454169e-03 1.618724669268002152e-07
1.023453783960395769e-02 1.604785413929954081e-07
1.063589226468646121e-02 1.591302930394708621e-07
1.103724668976897860e-02 1.576912596412995951e-07
1.143860111485148212e-02 1.563161693733221342e-07
1.183995553993399952e-02 1.547740262566281612e-07
1.224130996501650304e-02 1.532282251893029926e-07
1.264266439009900655e-02 1.516186199742744453e-07
1.304401881518152395e-02 1.500964750616646590e-07
1.344537324026402747e-02 1.483939465717987375e-07
1.384672766534653099e-02 1.466887905138751989e-07
1.424808209042904839e-02 1.449476906391004100e-07
1.464943651551155190e-02 1.430946351613647243e-07
1.505079094059405542e-02 1.413208801704921285e-07
1.545214536567657282e-02 1.394330174907432658e-07
1.585349979075907634e-02 1.375816491206857751e-07
1.625485421584157986e-02 1.356652973427802407e-07
1.665620864092409725e-02 1.336402351025109743e-07
1.705756306600660077e-02 1.315602438539384656e-07
1.745891749108910429e-02 1.295824301211104119e-07
1.786027191617162169e-02 1.273680722961595668e-07
1.826162634125412521e-02 1.252498209660751384e-07
1.866298076633662872e-02 1.230987677728529892e-07
1.906433519141914612e-02 1.208368224339741821e-07
1.946568961650164964e-02 1.185851139216484095e-07
1.986704404158415316e-02 1.162495158432549549e-07
2.026839846666667055e-02 1.138900415146686662e-07
2.066975289174917407e-02 1.115421971703149599e-07
2.107110731683167759e-02 1.090668446886174538e-07
2.147246174191419499e-02 1.066011300095986679e-07
2.187381616699669851e-02 1.041222391369440825e-07
2.227517059207920203e-02 1.015343487350338367e-07
2.267652501716171942e-02 9.897254255142538556e-08
2.307787944224422294e-02 9.630910822463455410e-08
2.347923386732672646e-02 9.369919250449597904e-08
2.388058829240924386e-02 9.095031929269736633e-08
2.428194271749174737e-02 8.823610771994482644e-08
2.468329714257425089e-02 8.548362286942786803e-08
2.508465156765676829e-02 8.266821373872614099e-08
2.548600599273927181e-02 7.981609125102069286e-08
2.588736041782177533e-02 7.697935112819014493e-08
2.628871484290429272e-02 7.397652569143264949e-08
2.669006926798679624e-02 7.108986895980250093e-08
2.709142369306929976e-02 6.809166519595437643e-08
2.749277811815181716e-02 6.506822694940689439e-08
2.789413254323432068e-02 6.201363393151718547e-08
2.829548696831682419e-02 5.886103271387213878e-08
2.869684139339934159e-02 5.578790355676472394e-08
2.909819581848184511e-02 5.255244456511979117e-08
2.949955024356434863e-02 4.932737254436660991e-08
2.990090466864686602e-02 4.612014306176027707e-08
3.030225909372936954e-02 4.279638656837203031e-08
3.070361351881187306e-02 3.956180695792057630e-08
3.110496794389439046e-02 3.617637267367306175e-08
3.150632236897689398e-02 3.281403951444601745e-08
3.190767679405941137e-02 2.940988473117382136e-08
3.230903121914191489e-02 2.598541705056446029e-08
3.271038564422441841e-02 2.246475861941000033e-08
3.311174006930693581e-02 1.898446629877041376e-08
3.351309449438943933e-02 1.538314591250260801e-08
3.391444891947194284e-02 1.182285265777622525e-08
3.431580334455446024e-02 8.192399629258119250e-09
3.471715776963696376e-02 4.473662359993590803e-09
3.511851219471946728e-02 8.824861255505688567e-10
3.551986661980198468e-02 -2.937955067939233996e-09
3.592122104488448819e-02 -6.620539503443599850e-09
3.632257546996699171e-02 -1.050600988158149662e-08
3.672392989504950911e-02 -1.424591932699286519e-08
3.712528432013201263e-02 -1.822047855086046624e-08
3.752663874521451615e-02 -2.206515323631751228e-08
3.792799317029703354e-02 -2.607001014917611184e-08
3.832934759537953706e-02 -2.998946728534797425e-08
3.873070202046204058e-02 -3.401207261542970477e-08
3.913205644554455798e-02 -3.813745134172809801e-08
3.953341087062706150e-02 -4.222814462313960582e-08
3.993476529570956501e-02 -4.638808192457813285e-08
4.033611972079208241e-02 -5.058707286228372062e-08
4.073747414587458593e-02 -5.477042128058458579e-08
4.113882857095708945e-02 -5.906602760961077646e-08
4.154018299603960684e-02 -6.343515420006737033e-08
4.194153742112211036e-02 -6.776055273981547365e-08
4.234289184620461388e-02 -7.220879144064193579e-08
4.274424627128713128e-02 -7.670211388957097544e-08
4.314560069636963480e-02 -8.122727679120586464e-08
4.354695512145213832e-02 -8.580874581804472601e-08
4.394830954653465571e-02 -9.046854026318678182e-08
4.434966397161715923e-02 -9.515123093698516291e-08
4.475101839669966275e-02 -9.989826915711577939e-08
4.515237282178218015e-02 -1.046958351115487966e-07
4.555372724686468366e-02 -1.095987506243898017e-07
4.595508167194718718e-02 -1.146035331977245801e-07
4.635643609702970458e-02 -1.195871802156720206e-07
4.675779052211220810e-02 -1.247363095773262702e-07
4.715914494719471162e-02 -1.299002789850771040e-07
4.756049937227722901e-02 -1.352225280920241750e-07
4.796185379735973253e-02 -1.405682861984543902e-07
4.836320822244223605e-02 -1.460674892002810271e-07
4.876456264752475345e-02 -1.516195426645244621e-07
4.916591707260725697e-02 -1.573527282400628607e-07
4.956727149768976048e-02 -1.631531888753874270e-07
4.996862592277227788e-02 -1.690654144916911431e-07
5.036998034785478140e-02 -1.750867223805124343e-07
5.077133477293728492e-02 -1.812759533474556973e-07
5.117268919801980231e-02 -1.876820802706014817e-07
5.157404362310230583e-02 -1.941160814592801819e-07
5.197539804818480935e-02 -2.008055788804097076e-07
5.237675247326732675e-02 -2.076572774480137420e-07
5.277810689834983027e-02 -2.147472670014064713e-07
5.317946132343234766e-02 -2.219789991075936736e-07
5.358081574851485118e-02 -2.294325436185022640e-07
5.398217017359735470e-02 -2.372133885479032877e-07
5.438352459867987210e-02 -2.451393102952245675e-07
5.478487902376237562e-02 -2.534359395546275496e-07
5.518623344884487913e-02 -2.619826328639257878e-07
5.558758787392739653e-02 -2.709021237527040716e-07
5.598894229900990005e-02 -2.802030052685564309e-07
5.639029672409240357e-02 -2.900048175248041239e-07
5.679165114917492097e-02 -3.001538772107859284e-07
5.719300557425742448e-02 -3.108492653521304838e-07
5.759435999933992800e-02 -3.220685385628336621e-07
5.799571442442244540e-02 -3.340664704194414306e-07
5.839706884950494892e-02 -3.468225487458243251e-07
5.879842327458745244e-02 -3.605301569719303870e-07
5.919977769966996983e-02 -3.753127739129190784e-07
5.960113212475247335e-02 -3.915087099245030226e-07
6.000248654983497687e-02 -4.094616001758409650e-07
6.040384097491749427e-02 -4.296156905293990207e-07
6.080519539999999779e-02 -4.511473675182215244e-07
