-29.4  0.000792337
-29.3804  0.000826189
-29.3608  0.000861828
-29.3412  0.000899308
-29.3216  0.000938684
-29.302  0.000979984
-29.2824  0.00102324
-29.2628  0.0010685
-29.2432  0.00111579
-29.2236  0.00116514
-29.204  0.00121658
-29.1844  0.00127013
-29.1648  0.0013258
-29.1452  0.00138361
-29.1256  0.00144358
-29.106  0.00150572
-29.0864  0.00157001
-29.0668  0.00163647
-29.0472  0.00170511
-29.0276  0.0017759
-29.008  0.00184882
-28.9884  0.00192387
-28.9688  0.00200104
-28.9492  0.0020803
-28.9296  0.00216159
-28.91  0.0022449
-28.8904  0.0023302
-28.8708  0.00241744
-28.8512  0.00250657
-28.8316  0.00259755
-28.812  0.0026903
-28.7924  0.00278478
-28.7728  0.00288092
-28.7532  0.00297866
-28.7336  0.00307792
-28.714  0.00317864
-28.6944  0.0032807
-28.6748  0.00338405
-28.6552  0.00348859
-28.6356  0.00359425
-28.616  0.00370089
-28.5964  0.00380848
-28.5768  0.00391687
-28.5572  0.00402594
-28.5376  0.00413562
-28.518  0.00424577
-28.4984  0.00435632
-28.4788  0.00446714
-28.4592  0.0045781
-28.4396  0.00468908
-28.42  0.00479998
-28.4004  0.00491067
-28.3808  0.005021
-28.3612  0.00513091
-28.3416  0.00524022
-28.322  0.00534882
-28.3024  0.00545659
-28.2828  0.0055634
-28.2632  0.00566911
-28.2436  0.00577365
-28.224  0.00587686
-28.2044  0.00597858
-28.1848  0.00607876
-28.1652  0.00617722
-28.1456  0.00627386
-28.126  0.00636854
-28.1064  0.00646122
-28.0868  0.0065517
-28.0672  0.00663993
-28.0476  0.00672573
-28.028  0.0068091
-28.0084  0.00688982
-27.9888  0.0069679
-27.9692  0.00704317
-27.9496  0.00711555
-27.93  0.00718497
-27.9104  0.00725134
-27.8908  0.00731458
-27.8712  0.00737461
-27.8516  0.00743136
-27.832  0.00748477
-27.8124  0.00753475
-27.7928  0.00758128
-27.7732  0.00762432
-27.7536  0.00766377
-27.734  0.00769962
-27.7144  0.00773185
-27.6948  0.00776039
-27.6752  0.00778523
-27.6556  0.00780636
-27.636  0.00782375
-27.6164  0.00783741
-27.5968  0.00784731
-27.5772  0.00785349
-27.5576  0.00785592
-27.538  0.00785461
-27.5184  0.00784962
-27.4988  0.00784094
-27.4792  0.0078286
-27.4596  0.00781265
-27.44  0.00779313
-27.4204  0.00777008
-27.4008  0.0077435
-27.3812  0.00771353
-27.3616  0.00768017
-27.342  0.00764351
-27.3224  0.00760359
-27.3028  0.00756053
-27.2832  0.00751438
-27.2636  0.0074652
-27.244  0.00741311
-27.2244  0.00735817
-27.2048  0.00730049
-27.1852  0.00724016
-27.1656  0.0071773
-27.146  0.00711195
-27.1264  0.00704425
-27.1068  0.00697432
-27.0872  0.00690229
-27.0676  0.00682821
-27.048  0.0067522
-27.0284  0.00667441
-27.0088  0.00659493
-26.9892  0.00651393
-26.9696  0.00643144
-26.95  0.00634762
-26.9304  0.0062626
-26.9108  0.00617648
-26.8912  0.00608939
-26.8716  0.00600146
-26.852  0.00591275
-26.8324  0.00582345
-26.8128  0.00573362
-26.7932  0.00564343
-26.7736  0.00555296
-26.754  0.00546232
-26.7344  0.00537162
-26.7148  0.00528097
-26.6952  0.00519049
-26.6756  0.00510028
-26.656  0.00501042
-26.6364  0.00492106
-26.6168  0.00483226
-26.5972  0.00474409
-26.5776  0.00465669
-26.558  0.00457011
-26.5384  0.00448446
-26.5188  0.00439981
-26.4992  0.00431627
-26.4796  0.00423386
-26.46  0.00415268
-26.4404  0.0040728
-26.4208  0.00399426
-26.4012  0.00391718
-26.3816  0.00384154
-26.362  0.00376743
-26.3424  0.00369489
-26.3228  0.00362399
-26.3032  0.00355473
-26.2836  0.00348719
-26.264  0.0034214
-26.2444  0.00335734
-26.2248  0.00329509
-26.2052  0.00323465
-26.1856  0.00317604
-26.166  0.00311927
-26.1464  0.00306439
-26.1268  0.00301139
-26.1072  0.00296026
-26.0876  0.002911
-26.068  0.00286367
-26.0484  0.00281819
-26.0288  0.00277462
-26.0092  0.00273292
-25.9896  0.00269309
-25.97  0.00265512
-25.9504  0.002619
-25.9308  0.00258472
-25.9112  0.00255227
-25.8916  0.00252161
-25.872  0.00249275
-25.8524  0.00246563
-25.8328  0.00244029
-25.8132  0.00241669
-25.7936  0.00239478
-25.774  0.00237456
-25.7544  0.00235601
-25.7348  0.00233912
-25.7152  0.00232384
-25.6956  0.00231019
-25.676  0.00229812
-25.6564  0.00228762
-25.6368  0.00227866
-25.6172  0.00227126
-25.5976  0.00226539
-25.578  0.00226101
-25.5584  0.00225813
-25.5388  0.00225673
-25.5192  0.00225683
-25.4996  0.0022584
-25.48  0.00226144
-25.4604  0.00226594
-25.4408  0.00227191
-25.4212  0.00227936
-25.4016  0.00228827
-25.382  0.00229867
-25.3624  0.00231056
-25.3428  0.00232396
-25.3232  0.00233889
-25.3036  0.00235534
-25.284  0.00237336
-25.2644  0.00239297
-25.2448  0.00241419
-25.2252  0.00243704
-25.2056  0.00246156
-25.186  0.00248779
-25.1664  0.00251576
-25.1468  0.0025455
-25.1272  0.00257708
-25.1076  0.00261051
-25.088  0.00264584
-25.0684  0.00268314
-25.0488  0.00272244
-25.0292  0.00276382
-25.0096  0.0028073
-24.99  0.00285294
-24.9704  0.00290081
-24.9508  0.00295096
-24.9312  0.00300346
-24.9116  0.00305835
-24.892  0.00311569
-24.8724  0.00317558
-24.8528  0.00323801
-24.8332  0.0033031
-24.8136  0.0033709
-24.794  0.00344146
-24.7744  0.00351482
-24.7548  0.00359107
-24.7352  0.00367026
-24.7156  0.00375244
-24.696  0.00383767
-24.6764  0.00392602
-24.6568  0.0040175
-24.6372  0.00411217
-24.6176  0.00421011
-24.598  0.0043113
-24.5784  0.00441585
-24.5588  0.00452375
-24.5392  0.00463507
-24.5196  0.0047498
-24.5  0.00486799
-24.4804  0.00498965
-24.4608  0.0051148
-24.4412  0.00524348
-24.4216  0.00537565
-24.402  0.00551134
-24.3824  0.00565052
-24.3628  0.00579324
-24.3432  0.00593943
-24.3236  0.0060891
-24.304  0.00624225
-24.2844  0.00639879
-24.2648  0.00655871
-24.2452  0.00672199
-24.2256  0.00688853
-24.206  0.00705832
-24.1864  0.00723131
-24.1668  0.00740739
-24.1472  0.00758652
-24.1276  0.00776856
-24.108  0.00795353
-24.0884  0.00814125
-24.0688  0.00833163
-24.0492  0.00852461
-24.0296  0.00872003
-24.01  0.00891779
-23.9904  0.00911775
-23.9708  0.00931982
-23.9512  0.00952384
-23.9316  0.00972963
-23.912  0.00993711
-23.8924  0.010146
-23.8728  0.0103564
-23.8532  0.0105679
-23.8336  0.0107804
-23.814  0.0109937
-23.7944  0.0112077
-23.7748  0.0114222
-23.7552  0.0116369
-23.7356  0.0118518
-23.716  0.0120666
-23.6964  0.012281
-23.6768  0.012495
-23.6572  0.0127083
-23.6376  0.0129206
-23.618  0.0131319
-23.5984  0.0133418
-23.5788  0.0135502
-23.5592  0.0137569
-23.5396  0.0139617
-23.52  0.0141642
-23.5004  0.0143644
-23.4808  0.014562
-23.4612  0.0147568
-23.4416  0.0149486
-23.422  0.0151372
-23.4024  0.0153223
-23.3828  0.0155039
-23.3632  0.0156816
-23.3436  0.0158553
-23.324  0.0160247
-23.3044  0.0161898
-23.2848  0.0163503
-23.2652  0.016506
-23.2456  0.0166567
-23.226  0.0168023
-23.2064  0.0169426
-23.1868  0.0170775
-23.1672  0.0172067
-23.1476  0.0173302
-23.128  0.0174478
-23.1084  0.0175594
-23.0888  0.0176647
-23.0692  0.0177638
-23.0496  0.0178566
-23.03  0.0179427
-23.0104  0.0180223
-22.9908  0.0180952
-22.9712  0.0181614
-22.9516  0.0182206
-22.932  0.018273
-22.9124  0.0183184
-22.8928  0.0183568
-22.8732  0.0183882
-22.8536  0.0184125
-22.834  0.0184297
-22.8144  0.0184398
-22.7948  0.0184428
-22.7752  0.0184387
-22.7556  0.0184275
-22.736  0.0184093
-22.7164  0.0183842
-22.6968  0.018352
-22.6772  0.0183129
-22.6576  0.018267
-22.638  0.0182143
-22.6184  0.018155
-22.5988  0.018089
-22.5792  0.0180166
-22.5596  0.0179378
-22.54  0.0178527
-22.5204  0.0177614
-22.5008  0.0176641
-22.4812  0.017561
-22.4616  0.017452
-22.442  0.0173376
-22.4224  0.0172176
-22.4028  0.0170924
-22.3832  0.016962
-22.3636  0.0168268
-22.344  0.0166868
-22.3244  0.0165423
-22.3048  0.0163933
-22.2852  0.0162402
-22.2656  0.0160831
-22.246  0.0159222
-22.2264  0.0157577
-22.2068  0.0155898
-22.1872  0.0154188
-22.1676  0.0152447
-22.148  0.015068
-22.1284  0.0148887
-22.1088  0.0147071
-22.0892  0.0145234
-22.0696  0.0143378
-22.05  0.0141505
-22.0304  0.0139617
-22.0108  0.0137717
-21.9912  0.0135806
-21.9716  0.0133887
-21.952  0.0131962
-21.9324  0.0130032
-21.9128  0.01281
-21.8932  0.0126168
-21.8736  0.0124238
-21.854  0.0122311
-21.8344  0.012039
-21.8148  0.0118476
-21.7952  0.0116571
-21.7756  0.0114678
-21.756  0.0112797
-21.7364  0.011093
-21.7168  0.0109079
-21.6972  0.0107245
-21.6776  0.0105431
-21.658  0.0103636
-21.6384  0.0101864
-21.6188  0.0100114
-21.5992  0.0098389
-21.5796  0.00966892
-21.56  0.00950161
-21.5404  0.00933706
-21.5208  0.00917537
-21.5012  0.00901668
-21.4816  0.00886101
-21.462  0.00870848
-21.4424  0.00855915
-21.4228  0.00841311
-21.4032  0.00827042
-21.3836  0.00813111
-21.364  0.00799528
-21.3444  0.00786292
-21.3248  0.00773411
-21.3052  0.00760885
-21.2856  0.00748722
-21.266  0.0073692
-21.2464  0.00725482
-21.2268  0.00714411
-21.2072  0.00703707
-21.1876  0.0069337
-21.168  0.00683398
-21.1484  0.00673796
-21.1288  0.00664557
-21.1092  0.00655686
-21.0896  0.0064718
-21.07  0.00639034
-21.0504  0.00631248
-21.0308  0.00623825
-21.0112  0.00616755
-20.9916  0.00610036
-20.972  0.00603672
-20.9524  0.00597656
-20.9328  0.00591983
-20.9132  0.00586655
-20.8936  0.00581664
-20.874  0.00577012
-20.8544  0.00572692
-20.8348  0.00568703
-20.8152  0.00565041
-20.7956  0.00561704
-20.776  0.00558689
-20.7564  0.00555994
-20.7368  0.00553617
-20.7172  0.00551554
-20.6976  0.00549802
-20.678  0.00548363
-20.6584  0.00547234
-20.6388  0.00546411
-20.6192  0.00545898
-20.5996  0.00545691
-20.58  0.0054579
-20.5604  0.00546195
-20.5408  0.00546906
-20.5212  0.00547925
-20.5016  0.00549248
-20.482  0.00550883
-20.4624  0.00552828
-20.4428  0.00555083
-20.4232  0.00557654
-20.4036  0.00560544
-20.384  0.00563754
-20.3644  0.00567286
-20.3448  0.00571146
-20.3252  0.00575336
-20.3056  0.00579863
-20.286  0.00584728
-20.2664  0.00589941
-20.2468  0.005955
-20.2272  0.00601418
-20.2076  0.00607693
-20.188  0.00614339
-20.1684  0.00621358
-20.1488  0.00628751
-20.1292  0.00636533
-20.1096  0.00644712
-20.09  0.00653284
-20.0704  0.00662265
-20.0508  0.00671659
-20.0312  0.00681471
-20.0116  0.00691708
-19.992  0.00702382
-19.9724  0.00713492
-19.9528  0.00725051
-19.9332  0.00737065
-19.9136  0.00749536
-19.894  0.00762471
-19.8744  0.00775879
-19.8548  0.00789764
-19.8352  0.00804131
-19.8156  0.00818985
-19.796  0.00834331
-19.7764  0.00850174
-19.7568  0.00866515
-19.7372  0.00883362
-19.7176  0.00900712
-19.698  0.00918571
-19.6784  0.0093694
-19.6588  0.00955819
-19.6392  0.00975211
-19.6196  0.00995111
-19.6  0.0101552
-19.5804  0.0103644
-19.5608  0.0105786
-19.5412  0.0107979
-19.5216  0.0110222
-19.502  0.0112514
-19.4824  0.0114855
-19.4628  0.0117243
-19.4432  0.011968
-19.4236  0.0122162
-19.404  0.0124691
-19.3844  0.0127264
-19.3648  0.0129881
-19.3452  0.013254
-19.3256  0.013524
-19.306  0.013798
-19.2864  0.0140757
-19.2668  0.0143572
-19.2472  0.0146422
-19.2276  0.0149305
-19.208  0.0152219
-19.1884  0.0155163
-19.1688  0.0158134
-19.1492  0.0161131
-19.1296  0.016415
-19.11  0.0167191
-19.0904  0.017025
-19.0708  0.0173326
-19.0512  0.0176414
-19.0316  0.0179514
-19.012  0.0182622
-18.9924  0.0185736
-18.9728  0.0188853
-18.9532  0.019197
-18.9336  0.0195083
-18.914  0.0198192
-18.8944  0.0201291
-18.8748  0.0204379
-18.8552  0.0207451
-18.8356  0.0210506
-18.816  0.0213539
-18.7964  0.0216548
-18.7768  0.021953
-18.7572  0.0222481
-18.7376  0.0225398
-18.718  0.0228278
-18.6984  0.0231118
-18.6788  0.0233914
-18.6592  0.0236664
-18.6396  0.0239364
-18.62  0.0242011
-18.6004  0.0244602
-18.5808  0.0247134
-18.5612  0.0249604
-18.5416  0.0252009
-18.522  0.0254345
-18.5024  0.0256612
-18.4828  0.0258803
-18.4632  0.0260919
-18.4436  0.0262956
-18.424  0.0264912
-18.4044  0.0266783
-18.3848  0.0268567
-18.3652  0.0270263
-18.3456  0.0271868
-18.326  0.0273379
-18.3064  0.0274795
-18.2868  0.0276114
-18.2672  0.0277335
-18.2476  0.0278454
-18.228  0.0279473
-18.2084  0.0280387
-18.1888  0.0281196
-18.1692  0.0281899
-18.1496  0.0282497
-18.13  0.0282985
-18.1104  0.0283366
-18.0908  0.0283637
-18.0712  0.0283799
-18.0516  0.028385
-18.032  0.0283792
-18.0124  0.0283623
-17.9928  0.0283344
-17.9732  0.0282956
-17.9536  0.0282457
-17.934  0.028185
-17.9144  0.0281135
-17.8948  0.0280312
-17.8752  0.0279383
-17.8556  0.0278349
-17.836  0.027721
-17.8164  0.0275969
-17.7968  0.0274626
-17.7772  0.0273184
-17.7576  0.0271644
-17.738  0.0270008
-17.7184  0.0268278
-17.6988  0.0266457
-17.6792  0.0264546
-17.6596  0.0262547
-17.64  0.0260463
-17.6204  0.0258298
-17.6008  0.0256052
-17.5812  0.025373
-17.5616  0.0251334
-17.542  0.0248867
-17.5224  0.0246331
-17.5028  0.024373
-17.4832  0.0241068
-17.4636  0.0238346
-17.444  0.0235569
-17.4244  0.0232739
-17.4048  0.022986
-17.3852  0.0226935
-17.3656  0.0223968
-17.346  0.0220962
-17.3264  0.021792
-17.3068  0.0214846
-17.2872  0.0211744
-17.2676  0.0208616
-17.248  0.0205465
-17.2284  0.0202297
-17.2088  0.0199113
-17.1892  0.0195917
-17.1696  0.0192714
-17.15  0.0189504
-17.1304  0.0186293
-17.1108  0.0183083
-17.0912  0.0179877
-17.0716  0.0176679
-17.052  0.0173491
-17.0324  0.0170317
-17.0128  0.0167159
-16.9932  0.0164021
-16.9736  0.0160904
-16.954  0.0157812
-16.9344  0.0154746
-16.9148  0.0151711
-16.8952  0.0148708
-16.8756  0.0145739
-16.856  0.0142806
-16.8364  0.0139913
-16.8168  0.0137059
-16.7972  0.0134249
-16.7776  0.0131482
-16.758  0.0128762
-16.7384  0.0126089
-16.7188  0.0123466
-16.6992  0.0120893
-16.6796  0.0118371
-16.66  0.0115903
-16.6404  0.0113488
-16.6208  0.0111129
-16.6012  0.0108825
-16.5816  0.0106577
-16.562  0.0104387
-16.5424  0.0102255
-16.5228  0.010018
-16.5032  0.00981641
-16.4836  0.00962066
-16.464  0.00943082
-16.4444  0.00924684
-16.4248  0.00906878
-16.4052  0.00889661
-16.3856  0.00873032
-16.366  0.00856984
-16.3464  0.0084152
-16.3268  0.00826632
-16.3072  0.00812318
-16.2876  0.00798572
-16.268  0.00785394
-16.2484  0.00772768
-16.2288  0.00760696
-16.2092  0.00749165
-16.1896  0.00738176
-16.17  0.00727715
-16.1504  0.00717779
-16.1308  0.00708358
-16.1112  0.00699443
-16.0916  0.00691026
-16.072  0.00683103
-16.0524  0.0067566
-16.0328  0.00668694
-16.0132  0.00662198
-15.9936  0.00656159
-15.974  0.00650573
-15.9544  0.00645432
-15.9348  0.00640728
-15.9152  0.00636456
-15.8956  0.00632609
-15.876  0.00629181
-15.8564  0.00626164
-15.8368  0.00623556
-15.8172  0.00621353
-15.7976  0.00619545
-15.778  0.00618135
-15.7584  0.00617114
-15.7388  0.00616486
-15.7192  0.00616243
-15.6996  0.00616386
-15.68  0.00616915
-15.6604  0.00617827
-15.6408  0.00619126
-15.6212  0.00620812
-15.6016  0.00622887
-15.582  0.00625349
-15.5624  0.00628207
-15.5428  0.00631462
-15.5232  0.00635122
-15.5036  0.00639185
-15.484  0.00643659
-15.4644  0.00648554
-15.4448  0.00653874
-15.4252  0.00659625
-15.4056  0.00665815
-15.386  0.00672455
-15.3664  0.00679551
-15.3468  0.0068711
-15.3272  0.0069515
-15.3076  0.00703671
-15.288  0.00712686
-15.2684  0.00722208
-15.2488  0.00732247
-15.2292  0.00742811
-15.2096  0.00753916
-15.19  0.0076557
-15.1704  0.00777782
-15.1508  0.00790567
-15.1312  0.00803931
-15.1116  0.00817888
-15.092  0.00832449
-15.0724  0.00847629
-15.0528  0.00863427
-15.0332  0.0087986
-15.0136  0.00896936
-14.994  0.00914665
-14.9744  0.00933053
-14.9548  0.00952112
-14.9352  0.00971846
-14.9156  0.0099226
-14.896  0.0101336
-14.8764  0.0103516
-14.8568  0.0105765
-14.8372  0.0108084
-14.8176  0.0110473
-14.798  0.0112933
-14.7784  0.0115463
-14.7588  0.0118063
-14.7392  0.0120733
-14.7196  0.0123473
-14.7  0.0126282
-14.6804  0.012916
-14.6608  0.0132105
-14.6412  0.0135118
-14.6216  0.0138197
-14.602  0.0141341
-14.5824  0.014455
-14.5628  0.014782
-14.5432  0.0151151
-14.5236  0.0154542
-14.504  0.015799
-14.4844  0.0161493
-14.4648  0.016505
-14.4452  0.0168657
-14.4256  0.0172314
-14.406  0.0176017
-14.3864  0.0179763
-14.3668  0.0183549
-14.3472  0.0187374
-14.3276  0.0191233
-14.308  0.0195123
-14.2884  0.0199042
-14.2688  0.0202984
-14.2492  0.0206948
-14.2296  0.0210929
-14.21  0.0214923
-14.1904  0.0218927
-14.1708  0.0222936
-14.1512  0.0226947
-14.1316  0.0230954
-14.112  0.0234953
-14.0924  0.0238941
-14.0728  0.0242913
-14.0532  0.0246865
-14.0336  0.025079
-14.014  0.0254686
-13.9944  0.0258547
-13.9748  0.0262369
-13.9552  0.0266147
-13.9356  0.0269876
-13.916  0.0273551
-13.8964  0.0277168
-13.8768  0.0280721
-13.8572  0.0284207
-13.8376  0.0287621
-13.818  0.0290956
-13.7984  0.029421
-13.7788  0.0297378
-13.7592  0.0300455
-13.7396  0.0303437
-13.72  0.0306318
-13.7004  0.0309096
-13.6808  0.0311766
-13.6612  0.0314323
-13.6416  0.0316765
-13.622  0.0319086
-13.6024  0.0321283
-13.5828  0.0323354
-13.5632  0.0325294
-13.5436  0.03271
-13.524  0.0328769
-13.5044  0.0330299
-13.4848  0.0331687
-13.4652  0.0332929
-13.4456  0.0334024
-13.426  0.0334969
-13.4064  0.0335763
-13.3868  0.0336403
-13.3672  0.0336889
-13.3476  0.0337219
-13.328  0.0337391
-13.3084  0.0337406
-13.2888  0.0337262
-13.2692  0.0336958
-13.2496  0.0336495
-13.23  0.0335873
-13.2104  0.0335092
-13.1908  0.0334152
-13.1712  0.0333054
-13.1516  0.0331799
-13.132  0.0330388
-13.1124  0.0328823
-13.0928  0.0327105
-13.0732  0.0325235
-13.0536  0.0323217
-13.034  0.0321052
-13.0144  0.0318743
-12.9948  0.0316293
-12.9752  0.0313704
-12.9556  0.031098
-12.936  0.0308123
-12.9164  0.0305138
-12.8968  0.0302027
-12.8772  0.0298797
-12.8576  0.0295448
-12.838  0.0291987
-12.8184  0.0288417
-12.7988  0.0284743
-12.7792  0.0280969
-12.7596  0.02771
-12.74  0.0273142
-12.7204  0.0269099
-12.7008  0.0264975
-12.6812  0.0260777
-12.6616  0.0256509
-12.642  0.0252177
-12.6224  0.0247786
-12.6028  0.0243341
-12.5832  0.0238849
-12.5636  0.0234313
-12.544  0.0229741
-12.5244  0.0225136
-12.5048  0.0220506
-12.4852  0.0215855
-12.4656  0.0211188
-12.446  0.0206512
-12.4264  0.0201831
-12.4068  0.0197151
-12.3872  0.0192477
-12.3676  0.0187814
-12.348  0.0183167
-12.3284  0.0178542
-12.3088  0.0173942
-12.2892  0.0169374
-12.2696  0.0164842
-12.25  0.0160349
-12.2304  0.0155901
-12.2108  0.0151502
-12.1912  0.0147155
-12.1716  0.0142865
-12.152  0.0138636
-12.1324  0.013447
-12.1128  0.0130372
-12.0932  0.0126346
-12.0736  0.0122392
-12.054  0.0118516
-12.0344  0.0114719
-12.0148  0.0111004
-11.9952  0.0107373
-11.9756  0.0103829
-11.956  0.0100372
-11.9364  0.00970057
-11.9168  0.00937304
-11.8972  0.0090548
-11.8776  0.00874592
-11.858  0.00844647
-11.8384  0.00815656
-11.8188  0.00787624
-11.7992  0.00760553
-11.7796  0.00734444
-11.76  0.00709293
-11.7404  0.006851
-11.7208  0.00661864
-11.7012  0.00639574
-11.6816  0.00618223
-11.662  0.00597801
-11.6424  0.00578296
-11.6228  0.00559701
-11.6032  0.00541998
-11.5836  0.0052517
-11.564  0.00509203
-11.5444  0.00494078
-11.5248  0.00479778
-11.5052  0.00466282
-11.4856  0.00453567
-11.466  0.00441614
-11.4464  0.00430401
-11.4268  0.00419901
-11.4072  0.00410094
-11.3876  0.00400956
-11.368  0.00392458
-11.3484  0.00384579
-11.3288  0.00377295
-11.3092  0.00370578
-11.2896  0.00364404
-11.27  0.0035875
-11.2504  0.00353589
-11.2308  0.00348898
-11.2112  0.0034465
-11.1916  0.00340823
-11.172  0.00337398
-11.1524  0.00334348
-11.1328  0.00331653
-11.1132  0.00329292
-11.0936  0.00327247
-11.074  0.00325497
-11.0544  0.00324024
-11.0348  0.00322814
-11.0152  0.0032185
-10.9956  0.00321119
-10.976  0.00320606
-10.9564  0.00320303
-10.9368  0.00320198
-10.9172  0.00320283
-10.8976  0.0032055
-10.878  0.00320996
-10.8584  0.00321614
-10.8388  0.00322403
-10.8192  0.00323363
-10.7996  0.00324496
-10.78  0.00325802
-10.7604  0.00327287
-10.7408  0.00328955
-10.7212  0.00330816
-10.7016  0.00332875
-10.682  0.00335149
-10.6624  0.00337644
-10.6428  0.00340375
-10.6232  0.0034336
-10.6036  0.00346612
-10.584  0.0035015
-10.5644  0.00353994
-10.5448  0.00358163
-10.5252  0.00362682
-10.5056  0.00367568
-10.486  0.00372851
-10.4664  0.0037855
-10.4468  0.00384695
-10.4272  0.0039131
-10.4076  0.00398425
-10.388  0.00406063
-10.3684  0.00414256
-10.3488  0.00423031
-10.3292  0.00432417
-10.3096  0.00442446
-10.29  0.00453143
-10.2704  0.0046454
-10.2508  0.00476664
-10.2312  0.00489544
-10.2116  0.0050321
-10.192  0.00517689
-10.1724  0.00533006
-10.1528  0.00549192
-10.1332  0.00566271
-10.1136  0.00584266
-10.094  0.00603204
-10.0744  0.00623102
-10.0548  0.00643987
-10.0352  0.00665874
-10.0156  0.00688785
-9.996  0.00712735
-9.9764  0.00737737
-9.9568  0.00763806
-9.9372  0.00790954
-9.9176  0.0081919
-9.898  0.00848514
-9.8784  0.00878939
-9.8588  0.00910464
-9.8392  0.00943092
-9.8196  0.00976817
-9.8  0.0101163
-9.7804  0.0104753
-9.7608  0.0108451
-9.7412  0.0112255
-9.7216  0.0116164
-9.702  0.0120175
-9.6824  0.0124287
-9.6628  0.0128498
-9.6432  0.0132804
-9.6236  0.0137203
-9.604  0.0141691
-9.5844  0.0146266
-9.5648  0.0150922
-9.5452  0.0155657
-9.5256  0.0160465
-9.506  0.0165343
-9.4864  0.0170285
-9.4668  0.0175286
-9.4472  0.0180341
-9.4276  0.0185444
-9.408  0.0190588
-9.3884  0.0195769
-9.3688  0.020098
-9.3492  0.0206214
-9.3296  0.0211464
-9.31  0.0216724
-9.2904  0.0221986
-9.2708  0.0227243
-9.2512  0.0232487
-9.2316  0.0237711
-9.212  0.0242908
-9.1924  0.0248068
-9.1728  0.0253185
-9.1532  0.0258249
-9.1336  0.0263254
-9.114  0.0268191
-9.0944  0.0273051
-9.0748  0.0277826
-9.0552  0.0282509
-9.0356  0.0287089
-9.016  0.0291561
-8.9964  0.0295915
-8.9768  0.0300143
-8.9572  0.0304237
-8.9376  0.0308189
-8.918  0.0311992
-8.8984  0.0315638
-8.8788  0.0319118
-8.8592  0.0322425
-8.8396  0.0325554
-8.82  0.0328496
-8.8004  0.0331244
-8.7808  0.0333793
-8.7612  0.0336136
-8.7416  0.0338266
-8.722  0.0340179
-8.7024  0.0341868
-8.6828  0.0343329
-8.6632  0.0344556
-8.6436  0.0345546
-8.624  0.0346295
-8.6044  0.0346797
-8.5848  0.0347051
-8.5652  0.0347054
-8.5456  0.0346802
-8.526  0.0346293
-8.5064  0.0345527
-8.4868  0.0344502
-8.4672  0.0343217
-8.4476  0.0341671
-8.428  0.0339865
-8.4084  0.0337799
-8.3888  0.0335475
-8.3692  0.0332893
-8.3496  0.0330057
-8.33  0.0326967
-8.3104  0.0323629
-8.2908  0.0320044
-8.2712  0.0316216
-8.2516  0.0312151
-8.232  0.0307852
-8.2124  0.0303326
-8.1928  0.0298578
-8.1732  0.0293616
-8.1536  0.0288444
-8.134  0.0283071
-8.1144  0.0277504
-8.0948  0.0271752
-8.0752  0.0265823
-8.0556  0.0259726
-8.036  0.025347
-8.0164  0.0247067
-7.9968  0.0240525
-7.9772  0.0233856
-7.9576  0.022707
-7.938  0.022018
-7.9184  0.0213196
-7.8988  0.0206132
-7.8792  0.0199
-7.8596  0.0191812
-7.84  0.0184582
-7.8204  0.0177324
-7.8008  0.0170051
-7.7812  0.0162778
-7.7616  0.0155517
-7.742  0.0148285
-7.7224  0.0141097
-7.7028  0.0133966
-7.6832  0.0126909
-7.6636  0.0119941
-7.644  0.0113078
-7.6244  0.0106336
-7.6048  0.00997298
-7.5852  0.00932767
-7.5656  0.00869932
-7.546  0.00808952
-7.5264  0.00749998
-7.5068  0.00693235
-7.4872  0.00638834
-7.4676  0.00586961
-7.448  0.00537788
-7.4284  0.00491488
-7.4088  0.00448234
-7.3892  0.00408197
-7.3696  0.00371552
-7.35  0.00338475
-7.3304  0.00309142
-7.3108  0.00283726
-7.2912  0.00262406
-7.2716  0.00245362
-7.252  0.00232771
-7.2324  0.00224812
-7.2128  0.00221667
-7.1932  0.00223518
-7.1736  0.00230546
-7.154  0.00242935
-7.1344  0.00260874
-7.1148  0.00284543
-7.0952  0.00314136
-7.0756  0.00349841
-7.056  0.00391848
-7.0364  0.00440353
-7.0168  0.00495553
-6.9972  0.00557644
-6.9776  0.0062683
-6.958  0.0070331
-6.9384  0.00787296
-6.9188  0.00879002
-6.8992  0.00978637
-6.8796  0.0108642
-6.86  0.0120258
-6.8404  0.0132734
-6.8208  0.0146093
-6.8012  0.016036
-6.7816  0.0175558
-6.762  0.0191713
-6.7424  0.0208851
-6.7228  0.0226998
-6.7032  0.0246181
-6.6836  0.0266428
-6.664  0.0287769
-6.6444  0.0310232
-6.6248  0.033385
-6.6052  0.0358653
-6.5856  0.0384675
-6.566  0.0411949
-6.5464  0.0440511
-6.5268  0.0470396
-6.5072  0.0501643
-6.4876  0.0534292
-6.468  0.0568382
-6.4484  0.0603956
-6.4288  0.0641056
-6.4092  0.067973
-6.3896  0.0720023
-6.37  0.0761985
-6.3504  0.0805665
-6.3308  0.0851119
-6.3112  0.0898398
-6.2916  0.0947562
-6.272  0.099867
-6.2524  0.105178
-6.2328  0.110696
-6.2132  0.116428
-6.1936  0.122379
-6.174  0.128559
-6.1544  0.134973
-6.1348  0.14163
-6.1152  0.148538
-6.0956  0.155705
-6.076  0.16314
-6.0564  0.170852
-6.0368  0.178849
-6.0172  0.187143
-5.9976  0.195742
-5.978  0.204658
-5.9584  0.213902
-5.9388  0.223483
-5.9192  0.233415
-5.8996  0.243709
-5.88  0.254378
-5.8604  0.265435
-5.8408  0.276893
-5.8212  0.288767
-5.8016  0.30107
-5.782  0.313819
-5.7624  0.327028
-5.7428  0.340714
-5.7232  0.354893
-5.7036  0.369583
-5.684  0.384801
-5.6644  0.400566
-5.6448  0.416898
-5.6252  0.433816
-5.6056  0.45134
-5.586  0.469492
-5.5664  0.488294
-5.5468  0.507769
-5.5272  0.52794
-5.5076  0.548831
-5.488  0.570467
-5.4684  0.592875
-5.4488  0.61608
-5.4292  0.640111
-5.4096  0.664997
-5.39  0.690765
-5.3704  0.717448
-5.3508  0.745077
-5.3312  0.773683
-5.3116  0.8033
-5.292  0.833963
-5.2724  0.865707
-5.2528  0.898569
-5.2332  0.932586
-5.2136  0.967798
-5.194  1.00424
-5.1744  1.04197
-5.1548  1.08101
-5.1352  1.12141
-5.1156  1.16322
-5.096  1.20649
-5.0764  1.25125
-5.0568  1.29757
-5.0372  1.34549
-5.0176  1.39506
-4.998  1.44634
-4.9784  1.49938
-4.9588  1.55425
-4.9392  1.61098
-4.9196  1.66966
-4.9  1.73033
-4.8804  1.79307
-4.8608  1.85793
-4.8412  1.92498
-4.8216  1.9943
-4.802  2.06594
-4.7824  2.13999
-4.7628  2.21651
-4.7432  2.29558
-4.7236  2.37729
-4.704  2.4617
-4.6844  2.5489
-4.6648  2.63897
-4.6452  2.732
-4.6256  2.82807
-4.606  2.92728
-4.5864  3.02971
-4.5668  3.13546
-4.5472  3.24462
-4.5276  3.3573
-4.508  3.47358
-4.4884  3.59358
-4.4688  3.71739
-4.4492  3.84512
-4.4296  3.97688
-4.41  4.11278
-4.3904  4.25294
-4.3708  4.39746
-4.3512  4.54647
-4.3316  4.70008
-4.312  4.85841
-4.2924  5.0216
-4.2728  5.18975
-4.2532  5.36301
-4.2336  5.5415
-4.214  5.72536
-4.1944  5.91472
-4.1748  6.1097
-4.1552  6.31047
-4.1356  6.51715
-4.116  6.72988
-4.0964  6.94882
-4.0768  7.17411
-4.0572  7.4059
-4.0376  7.64434
-4.018  7.88958
-3.9984  8.14178
-3.9788  8.40109
-3.9592  8.66767
-3.9396  8.94169
-3.92  9.2233
-3.9004  9.51266
-3.8808  9.80995
-3.8612  10.1153
-3.8416  10.429
-3.822  10.751
-3.8024  11.0817
-3.7828  11.4211
-3.7632  11.7695
-3.7436  12.127
-3.724  12.4937
-3.7044  12.87
-3.6848  13.2558
-3.6652  13.6515
-3.6456  14.0572
-3.626  14.4731
-3.6064  14.8993
-3.5868  15.3361
-3.5672  15.7835
-3.5476  16.2419
-3.528  16.7113
-3.5084  17.1919
-3.4888  17.684
-3.4692  18.1877
-3.4496  18.7032
-3.43  19.2306
-3.4104  19.7701
-3.3908  20.322
-3.3712  20.8863
-3.3516  21.4632
-3.332  22.053
-3.3124  22.6557
-3.2928  23.2716
-3.2732  23.9008
-3.2536  24.5435
-3.234  25.1998
-3.2144  25.8699
-3.1948  26.5539
-3.1752  27.252
-3.1556  27.9644
-3.136  28.6911
-3.1164  29.4323
-3.0968  30.1882
-3.0772  30.9589
-3.0576  31.7445
-3.038  32.5451
-3.0184  33.3609
-2.9988  34.192
-2.9792  35.0384
-2.9596  35.9004
-2.94  36.7779
-2.9204  37.6711
-2.9008  38.5801
-2.8812  39.5049
-2.8616  40.4457
-2.842  41.4024
-2.8224  42.3753
-2.8028  43.3642
-2.7832  44.3693
-2.7636  45.3906
-2.744  46.4282
-2.7244  47.482
-2.7048  48.5522
-2.6852  49.6387
-2.6656  50.7414
-2.646  51.8605
-2.6264  52.9959
-2.6068  54.1476
-2.5872  55.3156
-2.5676  56.4997
-2.548  57.7001
-2.5284  58.9165
-2.5088  60.149
-2.4892  61.3975
-2.4696  62.6619
-2.45  63.9422
-2.4304  65.2381
-2.4108  66.5496
-2.3912  67.8766
-2.3716  69.2189
-2.352  70.5764
-2.3324  71.949
-2.3128  73.3365
-2.2932  74.7386
-2.2736  76.1553
-2.254  77.5864
-2.2344  79.0315
-2.2148  80.4906
-2.1952  81.9634
-2.1756  83.4496
-2.156  84.949
-2.1364  86.4613
-2.1168  87.9864
-2.0972  89.5238
-2.0776  91.0733
-2.058  92.6346
-2.0384  94.2074
-2.0188  95.7914
-1.9992  97.3861
-1.9796  98.9914
-1.96  100.607
-1.9404  102.232
-1.9208  103.866
-1.9012  105.51
-1.8816  107.162
-1.862  108.822
-1.8424  110.491
-1.8228  112.166
-1.8032  113.848
-1.7836  115.537
-1.764  117.232
-1.7444  118.932
-1.7248  120.638
-1.7052  122.348
-1.6856  124.062
-1.666  125.779
-1.6464  127.5
-1.6268  129.223
-1.6072  130.949
-1.5876  132.675
-1.568  134.403
-1.5484  136.131
-1.5288  137.859
-1.5092  139.587
-1.4896  141.313
-1.47  143.037
-1.4504  144.759
-1.4308  146.477
-1.4112  148.192
-1.3916  149.903
-1.372  151.609
-1.3524  153.31
-1.3328  155.005
-1.3132  156.693
-1.2936  158.373
-1.274  160.046
-1.2544  161.711
-1.2348  163.366
-1.2152  165.012
-1.1956  166.647
-1.176  168.271
-1.1564  169.884
-1.1368  171.484
-1.1172  173.072
-1.0976  174.646
-1.078  176.206
-1.0584  177.751
-1.0388  179.281
-1.0192  180.795
-0.9996  182.292
-0.98  183.772
-0.9604  185.235
-0.9408  186.678
-0.9212  188.103
-0.9016  189.509
-0.882  190.894
-0.8624  192.258
-0.8428  193.601
-0.8232  194.922
-0.8036  196.22
-0.784  197.496
-0.7644  198.747
-0.7448  199.975
-0.7252  201.178
-0.7056  202.355
-0.686  203.507
-0.6664  204.633
-0.6468  205.732
-0.6272  206.803
-0.6076  207.847
-0.588  208.863
-0.5684  209.85
-0.5488  210.808
-0.5292  211.736
-0.5096  212.635
-0.49  213.503
-0.4704  214.34
-0.4508  215.146
-0.4312  215.921
-0.4116  216.664
-0.392  217.374
-0.3724  218.053
-0.3528  218.698
-0.3332  219.31
-0.3136  219.888
-0.294  220.433
-0.2744  220.944
-0.2548  221.421
-0.2352  221.864
-0.2156  222.271
-0.196  222.644
-0.1764  222.982
-0.1568  223.285
-0.1372  223.552
-0.1176  223.785
-0.098  223.981
-0.0784  224.142
-0.0588  224.267
-0.0392  224.357
-0.0196  224.411
0  224.429
0.0196  224.411
0.0392  224.357
0.0588  224.267
0.0784  224.142
0.098  223.981
0.1176  223.785
0.1372  223.552
0.1568  223.285
0.1764  222.982
0.196  222.644
0.2156  222.271
0.2352  221.864
0.2548  221.421
0.2744  220.944
0.294  220.433
0.3136  219.888
0.3332  219.31
0.3528  218.698
0.3724  218.053
0.392  217.374
0.4116  216.664
0.4312  215.921
0.4508  215.146
0.4704  214.34
0.49  213.503
0.5096  212.635
0.5292  211.736
0.5488  210.808
0.5684  209.85
0.588  208.863
0.6076  207.847
0.6272  206.803
0.6468  205.732
0.6664  204.633
0.686  203.507
0.7056  202.355
0.7252  201.178
0.7448  199.975
0.7644  198.747
0.784  197.496
0.8036  196.22
0.8232  194.922
0.8428  193.601
0.8624  192.258
0.882  190.894
0.9016  189.509
0.9212  188.103
0.9408  186.678
0.9604  185.235
0.98  183.772
0.9996  182.292
1.0192  180.795
1.0388  179.281
1.0584  177.751
1.078  176.206
1.0976  174.646
1.1172  173.072
1.1368  171.484
1.1564  169.884
1.176  168.271
1.1956  166.647
1.2152  165.012
1.2348  163.366
1.2544  161.711
1.274  160.046
1.2936  158.373
1.3132  156.693
1.3328  155.005
1.3524  153.31
1.372  151.609
1.3916  149.903
1.4112  148.192
1.4308  146.477
1.4504  144.759
1.47  143.037
1.4896  141.313
1.5092  139.587
1.5288  137.859
1.5484  136.131
1.568  134.403
1.5876  132.675
1.6072  130.949
1.6268  129.223
1.6464  127.5
1.666  125.779
1.6856  124.062
1.7052  122.348
1.7248  120.638
1.7444  118.932
1.764  117.232
1.7836  115.537
1.8032  113.848
1.8228  112.166
1.8424  110.491
1.862  108.822
1.8816  107.162
1.9012  105.51
1.9208  103.866
1.9404  102.232
1.96  100.607
1.9796  98.9914
1.9992  97.3861
2.0188  95.7914
2.0384  94.2074
2.058  92.6346
2.0776  91.0733
2.0972  89.5238
2.1168  87.9864
2.1364  86.4613
2.156  84.949
2.1756  83.4496
2.1952  81.9634
2.2148  80.4906
2.2344  79.0315
2.254  77.5864
2.2736  76.1553
2.2932  74.7386
2.3128  73.3365
2.3324  71.949
2.352  70.5764
2.3716  69.2189
2.3912  67.8766
2.4108  66.5496
2.4304  65.2381
2.45  63.9422
2.4696  62.6619
2.4892  61.3975
2.5088  60.149
2.5284  58.9165
2.548  57.7001
2.5676  56.4997
2.5872  55.3156
2.6068  54.1476
2.6264  52.9959
2.646  51.8605
2.6656  50.7414
2.6852  49.6387
2.7048  48.5522
2.7244  47.482
2.744  46.4282
2.7636  45.3906
2.7832  44.3693
2.8028  43.3642
2.8224  42.3753
2.842  41.4024
2.8616  40.4457
2.8812  39.5049
2.9008  38.5801
2.9204  37.6711
2.94  36.7779
2.9596  35.9004
2.9792  35.0384
2.9988  34.192
3.0184  33.3609
3.038  32.5451
3.0576  31.7445
3.0772  30.9589
3.0968  30.1882
3.1164  29.4323
3.136  28.6911
3.1556  27.9644
3.1752  27.252
3.1948  26.5539
3.2144  25.8699
3.234  25.1998
3.2536  24.5435
3.2732  23.9008
3.2928  23.2716
3.3124  22.6557
3.332  22.053
3.3516  21.4632
3.3712  20.8863
3.3908  20.322
3.4104  19.7701
3.43  19.2306
3.4496  18.7032
3.4692  18.1877
3.4888  17.684
3.5084  17.1919
3.528  16.7113
3.5476  16.2419
3.5672  15.7835
3.5868  15.3361
3.6064  14.8993
3.626  14.4731
3.6456  14.0572
3.6652  13.6515
3.6848  13.2558
3.7044  12.87
3.724  12.4937
3.7436  12.127
3.7632  11.7695
3.7828  11.4211
3.8024  11.0817
3.822  10.751
3.8416  10.429
3.8612  10.1153
3.8808  9.80995
3.9004  9.51266
3.92  9.2233
3.9396  8.94169
3.9592  8.66767
3.9788  8.40109
3.9984  8.14178
4.018  7.88958
4.0376  7.64434
4.0572  7.4059
4.0768  7.17411
4.0964  6.94882
4.116  6.72988
4.1356  6.51715
4.1552  6.31047
4.1748  6.1097
4.1944  5.91471
4.214  5.72536
4.2336  5.5415
4.2532  5.36301
4.2728  5.18975
4.2924  5.0216
4.312  4.85841
4.3316  4.70008
4.3512  4.54647
4.3708  4.39746
4.3904  4.25294
4.41  4.11278
4.4296  3.97688
4.4492  3.84512
4.4688  3.71739
4.4884  3.59358
4.508  3.47358
4.5276  3.3573
4.5472  3.24462
4.5668  3.13546
4.5864  3.02971
4.606  2.92728
4.6256  2.82807
4.6452  2.732
4.6648  2.63897
4.6844  2.5489
4.704  2.4617
4.7236  2.37729
4.7432  2.29558
4.7628  2.21651
4.7824  2.13999
4.802  2.06594
4.8216  1.9943
4.8412  1.92498
4.8608  1.85793
4.8804  1.79307
4.9  1.73033
4.9196  1.66966
4.9392  1.61098
4.9588  1.55425
4.9784  1.49938
4.998  1.44634
5.0176  1.39506
5.0372  1.34549
5.0568  1.29757
5.0764  1.25125
5.096  1.20649
5.1156  1.16322
5.1352  1.12141
5.1548  1.08101
5.1744  1.04197
5.194  1.00424
5.2136  0.967798
5.2332  0.932586
5.2528  0.898569
5.2724  0.865707
5.292  0.833963
5.3116  0.8033
5.3312  0.773683
5.3508  0.745077
5.3704  0.717449
5.39  0.690766
5.4096  0.664997
5.4292  0.640111
5.4488  0.61608
5.4684  0.592875
5.488  0.570467
5.5076  0.548831
5.5272  0.52794
5.5468  0.507769
5.5664  0.488295
5.586  0.469492
5.6056  0.45134
5.6252  0.433816
5.6448  0.416898
5.6644  0.400566
5.684  0.384801
5.7036  0.369583
5.7232  0.354893
5.7428  0.340714
5.7624  0.327028
5.782  0.313819
5.8016  0.301071
5.8212  0.288767
5.8408  0.276893
5.8604  0.265435
5.88  0.254378
5.8996  0.243709
5.9192  0.233415
5.9388  0.223483
5.9584  0.213902
5.978  0.204658
5.9976  0.195743
6.0172  0.187143
6.0368  0.178849
6.0564  0.170852
6.076  0.16314
6.0956  0.155705
6.1152  0.148538
6.1348  0.14163
6.1544  0.134973
6.174  0.128559
6.1936  0.122379
6.2132  0.116428
6.2328  0.110696
6.2524  0.105178
6.272  0.099867
6.2916  0.0947563
6.3112  0.0898399
6.3308  0.0851119
6.3504  0.0805666
6.37  0.0761985
6.3896  0.0720023
6.4092  0.067973
6.4288  0.0641056
6.4484  0.0603956
6.468  0.0568382
6.4876  0.0534292
6.5072  0.0501644
6.5268  0.0470397
6.5464  0.0440511
6.566  0.0411949
6.5856  0.0384675
6.6052  0.0358654
6.6248  0.0333851
6.6444  0.0310233
6.664  0.0287769
6.6836  0.0266429
6.7032  0.0246181
6.7228  0.0226998
6.7424  0.0208851
6.762  0.0191713
6.7816  0.0175558
6.8012  0.016036
6.8208  0.0146093
6.8404  0.0132734
6.86  0.0120258
6.8796  0.0108642
6.8992  0.00978638
6.9188  0.00879003
6.9384  0.00787297
6.958  0.00703311
6.9776  0.0062683
6.9972  0.00557645
7.0168  0.00495553
7.0364  0.00440354
7.056  0.00391849
7.0756  0.00349841
7.0952  0.00314136
7.1148  0.00284543
7.1344  0.00260873
7.154  0.00242935
7.1736  0.00230546
7.1932  0.00223518
7.2128  0.00221667
7.2324  0.00224812
7.252  0.0023277
7.2716  0.00245362
7.2912  0.00262406
7.3108  0.00283725
7.3304  0.00309141
7.35  0.00338475
7.3696  0.00371552
7.3892  0.00408197
7.4088  0.00448233
7.4284  0.00491487
7.448  0.00537787
7.4676  0.0058696
7.4872  0.00638834
7.5068  0.00693234
7.5264  0.00749998
7.546  0.00808951
7.5656  0.00869931
7.5852  0.00932766
7.6048  0.00997297
7.6244  0.0106336
7.644  0.0113078
7.6636  0.0119941
7.6832  0.0126909
7.7028  0.0133966
7.7224  0.0141097
7.742  0.0148285
7.7616  0.0155517
7.7812  0.0162778
7.8008  0.0170051
7.8204  0.0177324
7.84  0.0184582
7.8596  0.0191812
7.8792  0.0199
7.8988  0.0206132
7.9184  0.0213196
7.938  0.022018
7.9576  0.022707
7.9772  0.0233856
7.9968  0.0240525
8.0164  0.0247067
8.036  0.025347
8.0556  0.0259726
8.0752  0.0265823
8.0948  0.0271752
8.1144  0.0277504
8.134  0.0283071
8.1536  0.0288444
8.1732  0.0293616
8.1928  0.0298579
8.2124  0.0303326
8.232  0.0307853
8.2516  0.0312151
8.2712  0.0316216
8.2908  0.0320044
8.3104  0.0323629
8.33  0.0326967
8.3496  0.0330057
8.3692  0.0332893
8.3888  0.0335475
8.4084  0.0337799
8.428  0.0339865
8.4476  0.0341671
8.4672  0.0343217
8.4868  0.0344502
8.5064  0.0345527
8.526  0.0346294
8.5456  0.0346802
8.5652  0.0347054
8.5848  0.0347051
8.6044  0.0346798
8.624  0.0346295
8.6436  0.0345547
8.6632  0.0344557
8.6828  0.0343329
8.7024  0.0341868
8.722  0.0340179
8.7416  0.0338266
8.7612  0.0336136
8.7808  0.0333794
8.8004  0.0331245
8.82  0.0328496
8.8396  0.0325554
8.8592  0.0322426
8.8788  0.0319118
8.8984  0.0315638
8.918  0.0311992
8.9376  0.0308189
8.9572  0.0304237
8.9768  0.0300143
8.9964  0.0295915
9.016  0.0291561
9.0356  0.028709
9.0552  0.0282509
9.0748  0.0277826
9.0944  0.0273051
9.114  0.0268191
9.1336  0.0263254
9.1532  0.025825
9.1728  0.0253185
9.1924  0.0248068
9.212  0.0242908
9.2316  0.0237712
9.2512  0.0232487
9.2708  0.0227243
9.2904  0.0221986
9.31  0.0216724
9.3296  0.0211464
9.3492  0.0206214
9.3688  0.020098
9.3884  0.0195769
9.408  0.0190588
9.4276  0.0185444
9.4472  0.0180341
9.4668  0.0175286
9.4864  0.0170285
9.506  0.0165343
9.5256  0.0160466
9.5452  0.0155657
9.5648  0.0150922
9.5844  0.0146266
9.604  0.0141691
9.6236  0.0137203
9.6432  0.0132804
9.6628  0.0128498
9.6824  0.0124287
9.702  0.0120175
9.7216  0.0116164
9.7412  0.0112255
9.7608  0.0108451
9.7804  0.0104753
9.8  0.0101163
9.8196  0.00976817
9.8392  0.00943092
9.8588  0.00910464
9.8784  0.00878939
9.898  0.00848514
9.9176  0.00819189
9.9372  0.00790954
9.9568  0.00763806
9.9764  0.00737736
9.996  0.00712734
10.0156  0.00688784
10.0352  0.00665873
10.0548  0.00643985
10.0744  0.00623101
10.094  0.00603202
10.1136  0.00584264
10.1332  0.00566269
10.1528  0.0054919
10.1724  0.00533005
10.192  0.00517687
10.2116  0.00503208
10.2312  0.00489541
10.2508  0.00476662
10.2704  0.00464538
10.29  0.0045314
10.3096  0.00442444
10.3292  0.00432415
10.3488  0.00423028
10.3684  0.00414253
10.388  0.0040606
10.4076  0.00398421
10.4272  0.00391307
10.4468  0.00384691
10.4664  0.00378547
10.486  0.00372847
10.5056  0.00367565
10.5252  0.00362679
10.5448  0.0035816
10.5644  0.0035399
10.584  0.00350146
10.6036  0.00346608
10.6232  0.00343356
10.6428  0.00340371
10.6624  0.0033764
10.682  0.00335144
10.7016  0.00332871
10.7212  0.00330811
10.7408  0.00328951
10.7604  0.00327282
10.78  0.00325798
10.7996  0.00324491
10.8192  0.00323358
10.8388  0.00322398
10.8584  0.00321609
10.878  0.00320991
10.8976  0.00320545
10.9172  0.00320278
10.9368  0.00320193
10.9564  0.00320298
10.976  0.00320601
10.9956  0.00321114
11.0152  0.00321845
11.0348  0.00322809
11.0544  0.00324019
11.074  0.00325492
11.0936  0.00327242
11.1132  0.00329287
11.1328  0.00331648
11.1524  0.00334343
11.172  0.00337393
11.1916  0.00340818
11.2112  0.00344646
11.2308  0.00348893
11.2504  0.00353584
11.27  0.00358745
11.2896  0.003644
11.3092  0.00370573
11.3288  0.0037729
11.3484  0.00384574
11.368  0.00392453
11.3876  0.00400952
11.4072  0.0041009
11.4268  0.00419897
11.4464  0.00430396
11.466  0.0044161
11.4856  0.00453563
11.5052  0.00466278
11.5248  0.00479774
11.5444  0.00494074
11.564  0.00509199
11.5836  0.00525167
11.6032  0.00541994
11.6228  0.00559698
11.6424  0.00578293
11.662  0.00597798
11.6816  0.0061822
11.7012  0.00639571
11.7208  0.00661861
11.7404  0.00685098
11.76  0.00709291
11.7796  0.00734442
11.7992  0.00760551
11.8188  0.00787622
11.8384  0.00815654
11.858  0.00844645
11.8776  0.00874591
11.8972  0.00905478
11.9168  0.00937303
11.9364  0.00970056
11.956  0.0100372
11.9756  0.0103829
11.9952  0.0107373
12.0148  0.0111004
12.0344  0.0114719
12.054  0.0118516
12.0736  0.0122392
12.0932  0.0126346
12.1128  0.0130372
12.1324  0.013447
12.152  0.0138636
12.1716  0.0142865
12.1912  0.0147155
12.2108  0.0151502
12.2304  0.0155901
12.25  0.0160349
12.2696  0.0164842
12.2892  0.0169374
12.3088  0.0173943
12.3284  0.0178542
12.348  0.0183168
12.3676  0.0187814
12.3872  0.0192477
12.4068  0.0197151
12.4264  0.0201831
12.446  0.0206512
12.4656  0.0211189
12.4852  0.0215855
12.5048  0.0220506
12.5244  0.0225137
12.544  0.0229741
12.5636  0.0234314
12.5832  0.0238849
12.6028  0.0243342
12.6224  0.0247787
12.642  0.0252178
12.6616  0.0256509
12.6812  0.0260778
12.7008  0.0264976
12.7204  0.0269099
12.74  0.0273143
12.7596  0.0277101
12.7792  0.028097
12.7988  0.0284743
12.8184  0.0288418
12.838  0.0291988
12.8576  0.0295449
12.8772  0.0298797
12.8968  0.0302028
12.9164  0.0305139
12.936  0.0308124
12.9556  0.031098
12.9752  0.0313705
12.9948  0.0316294
13.0144  0.0318744
13.034  0.0321053
13.0536  0.0323218
13.0732  0.0325236
13.0928  0.0327106
13.1124  0.0328824
13.132  0.0330389
13.1516  0.03318
13.1712  0.0333055
13.1908  0.0334153
13.2104  0.0335093
13.23  0.0335874
13.2496  0.0336496
13.2692  0.0336959
13.2888  0.0337263
13.3084  0.0337407
13.328  0.0337393
13.3476  0.033722
13.3672  0.0336891
13.3868  0.0336404
13.4064  0.0335764
13.426  0.033497
13.4456  0.0334025
13.4652  0.033293
13.4848  0.0331688
13.5044  0.03303
13.524  0.0328771
13.5436  0.0327101
13.5632  0.0325295
13.5828  0.0323355
13.6024  0.0321284
13.622  0.0319087
13.6416  0.0316766
13.6612  0.0314324
13.6808  0.0311767
13.7004  0.0309097
13.72  0.0306319
13.7396  0.0303438
13.7592  0.0300456
13.7788  0.0297379
13.7984  0.0294211
13.818  0.0290957
13.8376  0.0287622
13.8572  0.0284208
13.8768  0.0280722
13.8964  0.0277168
13.916  0.0273552
13.9356  0.0269877
13.9552  0.0266148
13.9748  0.026237
13.9944  0.0258548
14.014  0.0254687
14.0336  0.0250791
14.0532  0.0246865
14.0728  0.0242914
14.0924  0.0238942
14.112  0.0234954
14.1316  0.0230954
14.1512  0.0226947
14.1708  0.0222937
14.1904  0.0218928
14.21  0.0214924
14.2296  0.021093
14.2492  0.0206948
14.2688  0.0202985
14.2884  0.0199042
14.308  0.0195124
14.3276  0.0191233
14.3472  0.0187374
14.3668  0.018355
14.3864  0.0179763
14.406  0.0176017
14.4256  0.0172314
14.4452  0.0168658
14.4648  0.016505
14.4844  0.0161493
14.504  0.015799
14.5236  0.0154542
14.5432  0.0151151
14.5628  0.014782
14.5824  0.014455
14.602  0.0141341
14.6216  0.0138197
14.6412  0.0135118
14.6608  0.0132105
14.6804  0.0129159
14.7  0.0126282
14.7196  0.0123472
14.7392  0.0120733
14.7588  0.0118062
14.7784  0.0115462
14.798  0.0112932
14.8176  0.0110472
14.8372  0.0108083
14.8568  0.0105764
14.8764  0.0103515
14.896  0.0101335
14.9156  0.00992253
14.9352  0.00971837
14.9548  0.00952104
14.9744  0.00933044
14.994  0.00914656
15.0136  0.00896927
15.0332  0.0087985
15.0528  0.00863417
15.0724  0.00847618
15.092  0.00832438
15.1116  0.00817877
15.1312  0.00803919
15.1508  0.00790555
15.1704  0.0077777
15.19  0.00765557
15.2096  0.00753903
15.2292  0.00742798
15.2488  0.00732233
15.2684  0.00722194
15.288  0.00712672
15.3076  0.00703656
15.3272  0.00695135
15.3468  0.00687095
15.3664  0.00679535
15.386  0.00672439
15.4056  0.00665799
15.4252  0.00659609
15.4448  0.00653857
15.4644  0.00648538
15.484  0.00643643
15.5036  0.00639168
15.5232  0.00635105
15.5428  0.00631445
15.5624  0.0062819
15.582  0.00625332
15.6016  0.00622869
15.6212  0.00620794
15.6408  0.00619108
15.6604  0.00617809
15.68  0.00616897
15.6996  0.00616368
15.7192  0.00616225
15.7388  0.00616467
15.7584  0.00617096
15.778  0.00618116
15.7976  0.00619527
15.8172  0.00621334
15.8368  0.00623538
15.8564  0.00626146
15.876  0.00629163
15.8956  0.00632591
15.9152  0.00636438
15.9348  0.0064071
15.9544  0.00645414
15.974  0.00650555
15.9936  0.00656141
16.0132  0.0066218
16.0328  0.00668676
16.0524  0.00675643
16.072  0.00683085
16.0916  0.00691009
16.1112  0.00699425
16.1308  0.00708341
16.1504  0.00717762
16.17  0.00727699
16.1896  0.0073816
16.2092  0.00749149
16.2288  0.0076068
16.2484  0.00772753
16.268  0.00785378
16.2876  0.00798556
16.3072  0.00812303
16.3268  0.00826617
16.3464  0.00841505
16.366  0.00856969
16.3856  0.00873018
16.4052  0.00889647
16.4248  0.00906864
16.4444  0.00924671
16.464  0.00943069
16.4836  0.00962054
16.5032  0.00981629
16.5228  0.0100179
16.5424  0.0102254
16.562  0.0104386
16.5816  0.0106576
16.6012  0.0108824
16.6208  0.0111128
16.6404  0.0113487
16.66  0.0115902
16.6796  0.0118371
16.6992  0.0120892
16.7188  0.0123465
16.7384  0.0126089
16.758  0.0128761
16.7776  0.0131481
16.7972  0.0134248
16.8168  0.0137059
16.8364  0.0139912
16.856  0.0142806
16.8756  0.0145738
16.8952  0.0148708
16.9148  0.0151711
16.9344  0.0154746
16.954  0.0157811
16.9736  0.0160903
16.9932  0.016402
17.0128  0.0167159
17.0324  0.0170317
17.052  0.0173491
17.0716  0.0176679
17.0912  0.0179877
17.1108  0.0183083
17.1304  0.0186293
17.15  0.0189504
17.1696  0.0192714
17.1892  0.0195918
17.2088  0.0199113
17.2284  0.0202297
17.248  0.0205466
17.2676  0.0208616
17.2872  0.0211744
17.3068  0.0214846
17.3264  0.0217921
17.346  0.0220962
17.3656  0.0223968
17.3852  0.0226936
17.4048  0.022986
17.4244  0.0232739
17.444  0.0235569
17.4636  0.0238347
17.4832  0.0241068
17.5028  0.0243731
17.5224  0.0246332
17.542  0.0248867
17.5616  0.0251335
17.5812  0.0253731
17.6008  0.0256053
17.6204  0.0258299
17.64  0.0260464
17.6596  0.0262548
17.6792  0.0264546
17.6988  0.0266458
17.7184  0.0268279
17.738  0.0270009
17.7576  0.0271645
17.7772  0.0273185
17.7968  0.0274627
17.8164  0.027597
17.836  0.0277211
17.8556  0.027835
17.8752  0.0279384
17.8948  0.0280313
17.9144  0.0281136
17.934  0.0281851
17.9536  0.0282458
17.9732  0.0282957
17.9928  0.0283345
18.0124  0.0283624
18.032  0.0283793
18.0516  0.0283851
18.0712  0.02838
18.0908  0.0283638
18.1104  0.0283367
18.13  0.0282986
18.1496  0.0282498
18.1692  0.02819
18.1888  0.0281197
18.2084  0.0280388
18.228  0.0279474
18.2476  0.0278455
18.2672  0.0277336
18.2868  0.0276115
18.3064  0.0274796
18.326  0.027338
18.3456  0.0271869
18.3652  0.0270264
18.3848  0.0268568
18.4044  0.0266783
18.424  0.0264913
18.4436  0.0262957
18.4632  0.026092
18.4828  0.0258804
18.5024  0.0256613
18.522  0.0254346
18.5416  0.0252009
18.5612  0.0249605
18.5808  0.0247135
18.6004  0.0244603
18.62  0.0242012
18.6396  0.0239365
18.6592  0.0236665
18.6788  0.0233915
18.6984  0.0231119
18.718  0.0228279
18.7376  0.0225399
18.7572  0.0222482
18.7768  0.0219531
18.7964  0.0216549
18.816  0.021354
18.8356  0.0210507
18.8552  0.0207452
18.8748  0.0204379
18.8944  0.0201292
18.914  0.0198193
18.9336  0.0195084
18.9532  0.019197
18.9728  0.0188853
18.9924  0.0185737
19.012  0.0182623
19.0316  0.0179514
19.0512  0.0176415
19.0708  0.0173326
19.0904  0.0170251
19.11  0.0167192
19.1296  0.0164151
19.1492  0.0161131
19.1688  0.0158135
19.1884  0.0155164
19.208  0.015222
19.2276  0.0149305
19.2472  0.0146422
19.2668  0.0143573
19.2864  0.0140758
19.306  0.013798
19.3256  0.013524
19.3452  0.013254
19.3648  0.0129881
19.3844  0.0127264
19.404  0.0124691
19.4236  0.0122163
19.4432  0.011968
19.4628  0.0117244
19.4824  0.0114855
19.502  0.0112514
19.5216  0.0110222
19.5412  0.010798
19.5608  0.0105787
19.5804  0.0103644
19.6  0.0101552
19.6196  0.00995113
19.6392  0.00975213
19.6588  0.00955821
19.6784  0.00936941
19.698  0.00918572
19.7176  0.00900713
19.7372  0.00883363
19.7568  0.00866516
19.7764  0.00850174
19.796  0.00834331
19.8156  0.00818986
19.8352  0.00804131
19.8548  0.00789765
19.8744  0.00775879
19.894  0.00762471
19.9136  0.00749536
19.9332  0.00737065
19.9528  0.00725051
19.9724  0.00713492
19.992  0.00702381
20.0116  0.00691707
20.0312  0.00681471
20.0508  0.00671658
20.0704  0.00662264
20.09  0.00653284
20.1096  0.00644711
20.1292  0.00636532
20.1488  0.0062875
20.1684  0.00621357
20.188  0.00614338
20.2076  0.00607692
20.2272  0.00601416
20.2468  0.00595498
20.2664  0.00589939
20.286  0.00584726
20.3056  0.00579861
20.3252  0.00575334
20.3448  0.00571144
20.3644  0.00567284
20.384  0.00563752
20.4036  0.00560542
20.4232  0.00557652
20.4428  0.00555081
20.4624  0.00552826
20.482  0.00550881
20.5016  0.00549246
20.5212  0.00547922
20.5408  0.00546904
20.5604  0.00546192
20.58  0.00545787
20.5996  0.00545688
20.6192  0.00545895
20.6388  0.00546408
20.6584  0.00547231
20.678  0.0054836
20.6976  0.00549799
20.7172  0.00551551
20.7368  0.00553614
20.7564  0.00555992
20.776  0.00558686
20.7956  0.00561701
20.8152  0.00565038
20.8348  0.005687
20.8544  0.0057269
20.874  0.00577009
20.8936  0.00581661
20.9132  0.00586652
20.9328  0.0059198
20.9524  0.00597654
20.972  0.00603669
20.9916  0.00610033
21.0112  0.00616753
21.0308  0.00623823
21.0504  0.00631246
21.07  0.00639031
21.0896  0.00647178
21.1092  0.00655684
21.1288  0.00664554
21.1484  0.00673794
21.168  0.00683395
21.1876  0.00693368
21.2072  0.00703705
21.2268  0.00714408
21.2464  0.0072548
21.266  0.00736918
21.2856  0.0074872
21.3052  0.00760883
21.3248  0.00773409
21.3444  0.0078629
21.364  0.00799526
21.3836  0.0081311
21.4032  0.0082704
21.4228  0.0084131
21.4424  0.00855914
21.462  0.00870846
21.4816  0.00886099
21.5012  0.00901666
21.5208  0.00917536
21.5404  0.00933705
21.56  0.00950159
21.5796  0.00966891
21.5992  0.00983889
21.6188  0.0100114
21.6384  0.0101864
21.658  0.0103636
21.6776  0.0105431
21.6972  0.0107245
21.7168  0.0109079
21.7364  0.011093
21.756  0.0112797
21.7756  0.0114678
21.7952  0.0116571
21.8148  0.0118476
21.8344  0.012039
21.854  0.0122311
21.8736  0.0124238
21.8932  0.0126168
21.9128  0.01281
21.9324  0.0130032
21.952  0.0131962
21.9716  0.0133887
21.9912  0.0135806
22.0108  0.0137717
22.0304  0.0139617
22.05  0.0141505
22.0696  0.0143378
22.0892  0.0145234
22.1088  0.0147071
22.1284  0.0148888
22.148  0.015068
22.1676  0.0152448
22.1872  0.0154188
22.2068  0.0155898
22.2264  0.0157577
22.246  0.0159222
22.2656  0.0160831
22.2852  0.0162402
22.3048  0.0163933
22.3244  0.0165423
22.344  0.0166869
22.3636  0.0168268
22.3832  0.0169621
22.4028  0.0170924
22.4224  0.0172176
22.442  0.0173376
22.4616  0.0174521
22.4812  0.017561
22.5008  0.0176642
22.5204  0.0177614
22.54  0.0178527
22.5596  0.0179378
22.5792  0.0180166
22.5988  0.0180891
22.6184  0.018155
22.638  0.0182144
22.6576  0.0182671
22.6772  0.018313
22.6968  0.018352
22.7164  0.0183842
22.736  0.0184094
22.7556  0.0184276
22.7752  0.0184387
22.7948  0.0184428
22.8144  0.0184398
22.834  0.0184297
22.8536  0.0184125
22.8732  0.0183882
22.8928  0.0183568
22.9124  0.0183185
22.932  0.018273
22.9516  0.0182207
22.9712  0.0181614
22.9908  0.0180953
23.0104  0.0180223
23.03  0.0179428
23.0496  0.0178566
23.0692  0.0177639
23.0888  0.0176647
23.1084  0.0175594
23.128  0.0174478
23.1476  0.0173303
23.1672  0.0172068
23.1868  0.0170775
23.2064  0.0169426
23.226  0.0168023
23.2456  0.0166567
23.2652  0.016506
23.2848  0.0163503
23.3044  0.0161898
23.324  0.0160248
23.3436  0.0158553
23.3632  0.0156816
23.3828  0.0155039
23.4024  0.0153223
23.422  0.0151372
23.4416  0.0149486
23.4612  0.0147568
23.4808  0.014562
23.5004  0.0143644
23.52  0.0141642
23.5396  0.0139617
23.5592  0.0137569
23.5788  0.0135502
23.5984  0.0133418
23.618  0.0131319
23.6376  0.0129206
23.6572  0.0127083
23.6768  0.012495
23.6964  0.012281
23.716  0.0120666
23.7356  0.0118518
23.7552  0.0116369
23.7748  0.0114222
23.7944  0.0112077
23.814  0.0109937
23.8336  0.0107804
23.8532  0.0105679
23.8728  0.0103564
23.8924  0.010146
23.912  0.0099371
23.9316  0.00972962
23.9512  0.00952383
23.9708  0.00931981
23.9904  0.00911773
24.01  0.00891777
24.0296  0.00872002
24.0492  0.00852459
24.0688  0.00833161
24.0884  0.00814123
24.108  0.00795351
24.1276  0.00776855
24.1472  0.0075865
24.1668  0.00740737
24.1864  0.00723128
24.206  0.0070583
24.2256  0.0068885
24.2452  0.00672196
24.2648  0.00655869
24.2844  0.00639876
24.304  0.00624222
24.3236  0.00608907
24.3432  0.0059394
24.3628  0.00579321
24.3824  0.00565049
24.402  0.00551131
24.4216  0.00537562
24.4412  0.00524345
24.4608  0.00511477
24.4804  0.00498962
24.5  0.00486796
24.5196  0.00474977
24.5392  0.00463504
24.5588  0.00452372
24.5784  0.00441581
24.598  0.00431127
24.6176  0.00421007
24.6372  0.00411213
24.6568  0.00401746
24.6764  0.00392598
24.696  0.00383763
24.7156  0.00375241
24.7352  0.00367022
24.7548  0.00359103
24.7744  0.00351479
24.794  0.00344142
24.8136  0.00337086
24.8332  0.00330307
24.8528  0.00323797
24.8724  0.00317554
24.892  0.00311566
24.9116  0.00305832
24.9312  0.00300342
24.9508  0.00295093
24.9704  0.00290078
24.99  0.00285291
25.0096  0.00280727
25.0292  0.00276378
25.0488  0.00272241
25.0684  0.00268311
25.088  0.0026458
25.1076  0.00261048
25.1272  0.00257704
25.1468  0.00254547
25.1664  0.00251573
25.186  0.00248776
25.2056  0.00246154
25.2252  0.00243701
25.2448  0.00241416
25.2644  0.00239294
25.284  0.00237334
25.3036  0.00235532
25.3232  0.00233886
25.3428  0.00232394
25.3624  0.00231053
25.382  0.00229865
25.4016  0.00228825
25.4212  0.00227934
25.4408  0.00227189
25.4604  0.00226592
25.48  0.00226142
25.4996  0.00225838
25.5192  0.00225682
25.5388  0.00225671
25.5584  0.00225811
25.578  0.00226099
25.5976  0.00226537
25.6172  0.00227125
25.6368  0.00227865
25.6564  0.0022876
25.676  0.0022981
25.6956  0.00231017
25.7152  0.00232383
25.7348  0.00233911
25.7544  0.002356
25.774  0.00237455
25.7936  0.00239477
25.8132  0.00241668
25.8328  0.00244028
25.8524  0.00246563
25.872  0.00249274
25.8916  0.0025216
25.9112  0.00255226
25.9308  0.00258472
25.9504  0.00261899
25.97  0.00265512
25.9896  0.00269309
26.0092  0.00273292
26.0288  0.00277462
26.0484  0.00281819
26.068  0.00286366
26.0876  0.002911
26.1072  0.00296026
26.1268  0.00301138
26.1464  0.00306439
26.166  0.00311927
26.1856  0.00317604
26.2052  0.00323465
26.2248  0.00329509
26.2444  0.00335734
26.264  0.0034214
26.2836  0.00348719
26.3032  0.00355473
26.3228  0.00362399
26.3424  0.00369489
26.362  0.00376743
26.3816  0.00384154
26.4012  0.00391718
26.4208  0.00399426
26.4404  0.0040728
26.46  0.00415268
26.4796  0.00423386
26.4992  0.00431627
26.5188  0.00439981
26.5384  0.00448446
26.558  0.0045701
26.5776  0.00465669
26.5972  0.00474408
26.6168  0.00483226
26.6364  0.00492106
26.656  0.00501041
26.6756  0.00510027
26.6952  0.00519048
26.7148  0.00528096
26.7344  0.00537161
26.754  0.00546232
26.7736  0.00555296
26.7932  0.00564343
26.8128  0.00573361
26.8324  0.00582344
26.852  0.00591274
26.8716  0.00600145
26.8912  0.00608938
26.9108  0.00617647
26.9304  0.00626259
26.95  0.00634761
26.9696  0.00643143
26.9892  0.00651392
27.0088  0.00659492
27.0284  0.0066744
27.048  0.00675218
27.0676  0.0068282
27.0872  0.00690227
27.1068  0.00697431
27.1264  0.00704424
27.146  0.00711193
27.1656  0.00717728
27.1852  0.00724014
27.2048  0.00730048
27.2244  0.00735815
27.244  0.00741309
27.2636  0.00746518
27.2832  0.00751436
27.3028  0.00756051
27.3224  0.00760357
27.342  0.00764348
27.3616  0.00768015
27.3812  0.00771351
27.4008  0.00774348
27.4204  0.00777005
27.44  0.00779311
27.4596  0.00781263
27.4792  0.00782857
27.4988  0.00784091
27.5184  0.00784959
27.538  0.00785458
27.5576  0.00785589
27.5772  0.00785346
27.5968  0.00784729
27.6164  0.00783738
27.636  0.00782373
27.6556  0.00780633
27.6752  0.0077852
27.6948  0.00776036
27.7144  0.00773182
27.734  0.00769959
27.7536  0.00766375
27.7732  0.00762429
27.7928  0.00758126
27.8124  0.00753472
27.832  0.00748474
27.8516  0.00743133
27.8712  0.00737458
27.8908  0.00731455
27.9104  0.00725131
27.93  0.00718494
27.9496  0.00711552
27.9692  0.00704315
27.9888  0.00696788
28.0084  0.0068898
28.028  0.00680907
28.0476  0.00672571
28.0672  0.00663991
28.0868  0.00655168
28.1064  0.00646119
28.126  0.00636852
28.1456  0.00627384
28.1652  0.0061772
28.1848  0.00607874
28.2044  0.00597856
28.224  0.00587684
28.2436  0.00577363
28.2632  0.00566909
28.2828  0.00556339
28.3024  0.00545657
28.322  0.0053488
28.3416  0.00524021
28.3612  0.0051309
28.3808  0.00502098
28.4004  0.00491065
28.42  0.00479997
28.4396  0.00468907
28.4592  0.0045781
28.4788  0.00446713
28.4984  0.00435632
28.518  0.00424577
28.5376  0.00413561
28.5572  0.00402593
28.5768  0.00391687
28.5964  0.00380848
28.616  0.00370089
28.6356  0.00359425
28.6552  0.0034886
28.6748  0.00338406
28.6944  0.0032807
28.714  0.00317865
28.7336  0.00307793
28.7532  0.00297867
28.7728  0.00288093
28.7924  0.0027848
28.812  0.00269031
28.8316  0.00259757
28.8512  0.00250659
28.8708  0.00241746
28.8904  0.00233022
28.91  0.00224492
28.9296  0.00216161
28.9492  0.00208032
28.9688  0.00200106
28.9884  0.0019239
29.008  0.00184885
29.0276  0.00177593
29.0472  0.00170514
29.0668  0.0016365
29.0864  0.00157004
29.106  0.00150575
29.1256  0.00144362
29.1452  0.00138364
29.1648  0.00132583
29.1844  0.00127016
29.204  0.00121662
29.2236  0.00116518
29.2432  0.00111583
29.2628  0.00106854
29.2824  0.00102328
29.302  0.000980025
29.3216  0.000938727
29.3412  0.000899352
29.3608  0.000861872
29.3804  0.000826233
29.4  0.000792383
