-29.4  0.0347479
-29.3804  0.0348747
-29.3608  0.0349982
-29.3412  0.0351184
-29.3216  0.0352353
-29.302  0.0353486
-29.2824  0.0354582
-29.2628  0.035564
-29.2432  0.0356659
-29.2236  0.0357637
-29.204  0.0358573
-29.1844  0.0359465
-29.1648  0.0360313
-29.1452  0.0361115
-29.1256  0.0361869
-29.106  0.0362574
-29.0864  0.0363227
-29.0668  0.036383
-29.0472  0.0364379
-29.0276  0.0364874
-29.008  0.0365312
-28.9884  0.0365693
-28.9688  0.0366016
-28.9492  0.0366279
-28.9296  0.036648
-28.91  0.0366619
-28.8904  0.0366695
-28.8708  0.0366705
-28.8512  0.036665
-28.8316  0.0366528
-28.812  0.0366337
-28.7924  0.0366078
-28.7728  0.0365749
-28.7532  0.0365349
-28.7336  0.0364878
-28.714  0.0364335
-28.6944  0.0363718
-28.6748  0.0363028
-28.6552  0.0362264
-28.6356  0.0361426
-28.616  0.0360513
-28.5964  0.0359525
-28.5768  0.0358462
-28.5572  0.0357323
-28.5376  0.0356109
-28.518  0.0354819
-28.4984  0.0353454
-28.4788  0.0352014
-28.4592  0.0350499
-28.4396  0.0348909
-28.42  0.0347246
-28.4004  0.0345509
-28.3808  0.0343699
-28.3612  0.0341818
-28.3416  0.0339865
-28.322  0.0337841
-28.3024  0.0335749
-28.2828  0.0333588
-28.2632  0.0331359
-28.2436  0.0329065
-28.224  0.0326707
-28.2044  0.0324285
-28.1848  0.0321802
-28.1652  0.0319258
-28.1456  0.0316655
-28.126  0.0313996
-28.1064  0.0311282
-28.0868  0.0308514
-28.0672  0.0305695
-28.0476  0.0302826
-28.028  0.029991
-28.0084  0.0296949
-27.9888  0.0293945
-27.9692  0.0290899
-27.9496  0.0287814
-27.93  0.0284693
-27.9104  0.0281538
-27.8908  0.0278351
-27.8712  0.0275134
-27.8516  0.027189
-27.832  0.0268621
-27.8124  0.026533
-27.7928  0.0262019
-27.7732  0.0258691
-27.7536  0.0255348
-27.734  0.0251992
-27.7144  0.0248627
-27.6948  0.0245254
-27.6752  0.0241877
-27.6556  0.0238497
-27.636  0.0235117
-27.6164  0.023174
-27.5968  0.0228368
-27.5772  0.0225003
-27.5576  0.0221648
-27.538  0.0218306
-27.5184  0.0214978
-27.4988  0.0211668
-27.4792  0.0208376
-27.4596  0.0205107
-27.44  0.020186
-27.4204  0.019864
-27.4008  0.0195447
-27.3812  0.0192285
-27.3616  0.0189155
-27.342  0.0186059
-27.3224  0.0182999
-27.3028  0.0179977
-27.2832  0.0176995
-27.2636  0.0174055
-27.244  0.0171157
-27.2244  0.0168304
-27.2048  0.0165498
-27.1852  0.016274
-27.1656  0.0160032
-27.146  0.0157374
-27.1264  0.0154768
-27.1068  0.0152216
-27.0872  0.0149719
-27.0676  0.0147278
-27.048  0.0144894
-27.0284  0.0142568
-27.0088  0.0140301
-26.9892  0.0138094
-26.9696  0.0135948
-26.95  0.0133864
-26.9304  0.0131843
-26.9108  0.0129885
-26.8912  0.0127991
-26.8716  0.0126162
-26.852  0.0124398
-26.8324  0.01227
-26.8128  0.0121069
-26.7932  0.0119504
-26.7736  0.0118007
-26.754  0.0116578
-26.7344  0.0115217
-26.7148  0.0113925
-26.6952  0.0112702
-26.6756  0.0111548
-26.656  0.0110464
-26.6364  0.010945
-26.6168  0.0108506
-26.5972  0.0107633
-26.5776  0.010683
-26.558  0.0106099
-26.5384  0.0105439
-26.5188  0.010485
-26.4992  0.0104333
-26.4796  0.0103889
-26.46  0.0103518
-26.4404  0.0103219
-26.4208  0.0102993
-26.4012  0.0102841
-26.3816  0.0102763
-26.362  0.0102759
-26.3424  0.010283
-26.3228  0.0102975
-26.3032  0.0103197
-26.2836  0.0103494
-26.264  0.0103868
-26.2444  0.010432
-26.2248  0.0104849
-26.2052  0.0105457
-26.1856  0.0106143
-26.166  0.010691
-26.1464  0.0107757
-26.1268  0.0108686
-26.1072  0.0109696
-26.0876  0.011079
-26.068  0.0111967
-26.0484  0.011323
-26.0288  0.0114578
-26.0092  0.0116013
-25.9896  0.0117536
-25.97  0.0119148
-25.9504  0.012085
-25.9308  0.0122644
-25.9112  0.012453
-25.8916  0.0126509
-25.872  0.0128583
-25.8524  0.0130753
-25.8328  0.013302
-25.8132  0.0135386
-25.7936  0.0137853
-25.774  0.014042
-25.7544  0.0143089
-25.7348  0.0145863
-25.7152  0.0148742
-25.6956  0.0151728
-25.676  0.0154821
-25.6564  0.0158023
-25.6368  0.0161336
-25.6172  0.016476
-25.5976  0.0168298
-25.578  0.017195
-25.5584  0.0175717
-25.5388  0.01796
-25.5192  0.0183602
-25.4996  0.0187721
-25.48  0.0191961
-25.4604  0.0196321
-25.4408  0.0200804
-25.4212  0.0205407
-25.4016  0.0210135
-25.382  0.0214986
-25.3624  0.0219962
-25.3428  0.0225062
-25.3232  0.0230287
-25.3036  0.0235639
-25.284  0.0241116
-25.2644  0.0246719
-25.2448  0.0252448
-25.2252  0.0258303
-25.2056  0.0264283
-25.186  0.0270389
-25.1664  0.0276619
-25.1468  0.0282973
-25.1272  0.0289451
-25.1076  0.0296052
-25.088  0.0302772
-25.0684  0.0309614
-25.0488  0.0316574
-25.0292  0.0323652
-25.0096  0.0330845
-24.99  0.0338152
-24.9704  0.034557
-24.9508  0.0353099
-24.9312  0.0360735
-24.9116  0.0368475
-24.892  0.0376317
-24.8724  0.038426
-24.8528  0.0392298
-24.8332  0.0400429
-24.8136  0.0408651
-24.794  0.0416959
-24.7744  0.0425349
-24.7548  0.0433817
-24.7352  0.0442362
-24.7156  0.0450976
-24.696  0.0459657
-24.6764  0.04684
-24.6568  0.0477199
-24.6372  0.048605
-24.6176  0.0494949
-24.598  0.050389
-24.5784  0.0512868
-24.5588  0.0521876
-24.5392  0.0530912
-24.5196  0.0539966
-24.5  0.0549035
-24.4804  0.0558112
-24.4608  0.056719
-24.4412  0.0576266
-24.4216  0.058533
-24.402  0.0594377
-24.3824  0.0603401
-24.3628  0.0612395
-24.3432  0.0621351
-24.3236  0.0630265
-24.304  0.0639128
-24.2844  0.0647934
-24.2648  0.0656675
-24.2452  0.0665345
-24.2256  0.0673936
-24.206  0.0682441
-24.1864  0.0690855
-24.1668  0.0699168
-24.1472  0.0707375
-24.1276  0.0715466
-24.108  0.0723438
-24.0884  0.0731281
-24.0688  0.0738988
-24.0492  0.0746554
-24.0296  0.075397
-24.01  0.0761229
-23.9904  0.0768325
-23.9708  0.0775253
-23.9512  0.0782003
-23.9316  0.0788569
-23.912  0.0794947
-23.8924  0.0801127
-23.8728  0.0807106
-23.8532  0.0812877
-23.8336  0.0818433
-23.814  0.0823768
-23.7944  0.0828878
-23.7748  0.0833756
-23.7552  0.0838397
-23.7356  0.0842797
-23.716  0.0846949
-23.6964  0.085085
-23.6768  0.0854493
-23.6572  0.0857877
-23.6376  0.0860995
-23.618  0.0863844
-23.5984  0.086642
-23.5788  0.0868721
-23.5592  0.0870742
-23.5396  0.0872481
-23.52  0.0873935
-23.5004  0.0875101
-23.4808  0.0875978
-23.4612  0.0876563
-23.4416  0.0876854
-23.422  0.087685
-23.4024  0.087655
-23.3828  0.0875955
-23.3632  0.0875061
-23.3436  0.0873869
-23.324  0.087238
-23.3044  0.0870593
-23.2848  0.086851
-23.2652  0.0866129
-23.2456  0.0863455
-23.226  0.0860487
-23.2064  0.0857226
-23.1868  0.0853677
-23.1672  0.084984
-23.1476  0.0845717
-23.128  0.0841312
-23.1084  0.0836629
-23.0888  0.0831669
-23.0692  0.0826438
-23.0496  0.0820939
-23.03  0.0815175
-23.0104  0.0809153
-22.9908  0.0802876
-22.9712  0.0796348
-22.9516  0.0789577
-22.932  0.0782566
-22.9124  0.0775322
-22.8928  0.076785
-22.8732  0.0760158
-22.8536  0.075225
-22.834  0.0744134
-22.8144  0.0735816
-22.7948  0.0727304
-22.7752  0.0718603
-22.7556  0.0709724
-22.736  0.0700671
-22.7164  0.0691453
-22.6968  0.0682079
-22.6772  0.0672555
-22.6576  0.066289
-22.638  0.0653092
-22.6184  0.064317
-22.5988  0.0633132
-22.5792  0.0622986
-22.5596  0.0612742
-22.54  0.0602408
-22.5204  0.0591993
-22.5008  0.0581506
-22.4812  0.0570956
-22.4616  0.056035
-22.442  0.0549701
-22.4224  0.0539015
-22.4028  0.0528302
-22.3832  0.0517571
-22.3636  0.0506831
-22.344  0.0496092
-22.3244  0.0485363
-22.3048  0.0474651
-22.2852  0.0463967
-22.2656  0.0453319
-22.246  0.0442717
-22.2264  0.0432169
-22.2068  0.0421685
-22.1872  0.0411272
-22.1676  0.0400939
-22.148  0.0390696
-22.1284  0.0380549
-22.1088  0.0370509
-22.0892  0.0360582
-22.0696  0.0350777
-22.05  0.0341103
-22.0304  0.0331566
-22.0108  0.0322174
-21.9912  0.0312936
-21.9716  0.0303858
-21.952  0.0294948
-21.9324  0.0286212
-21.9128  0.0277658
-21.8932  0.0269292
-21.8736  0.026112
-21.854  0.0253151
-21.8344  0.0245388
-21.8148  0.0237838
-21.7952  0.0230508
-21.7756  0.0223402
-21.756  0.0216525
-21.7364  0.0209884
-21.7168  0.0203483
-21.6972  0.0197326
-21.6776  0.0191419
-21.658  0.0185766
-21.6384  0.0180369
-21.6188  0.0175235
-21.5992  0.0170365
-21.5796  0.0165765
-21.56  0.0161436
-21.5404  0.0157381
-21.5208  0.0153605
-21.5012  0.0150108
-21.4816  0.0146894
-21.462  0.0143965
-21.4424  0.0141321
-21.4228  0.0138967
-21.4032  0.0136902
-21.3836  0.0135128
-21.364  0.0133645
-21.3444  0.0132456
-21.3248  0.013156
-21.3052  0.0130959
-21.2856  0.0130651
-21.266  0.0130637
-21.2464  0.0130918
-21.2268  0.0131492
-21.2072  0.0132359
-21.1876  0.0133519
-21.168  0.013497
-21.1484  0.0136711
-21.1288  0.0138742
-21.1092  0.0141061
-21.0896  0.0143665
-21.07  0.0146554
-21.0504  0.0149725
-21.0308  0.0153176
-21.0112  0.0156906
-20.9916  0.0160912
-20.972  0.016519
-20.9524  0.0169738
-20.9328  0.0174555
-20.9132  0.0179636
-20.8936  0.0184978
-20.874  0.0190579
-20.8544  0.0196435
-20.8348  0.0202543
-20.8152  0.0208898
-20.7956  0.0215498
-20.776  0.0222339
-20.7564  0.0229417
-20.7368  0.0236727
-20.7172  0.0244266
-20.6976  0.025203
-20.678  0.0260015
-20.6584  0.0268216
-20.6388  0.0276628
-20.6192  0.0285249
-20.5996  0.0294072
-20.58  0.0303093
-20.5604  0.0312309
-20.5408  0.0321713
-20.5212  0.0331302
-20.5016  0.0341071
-20.482  0.0351015
-20.4624  0.0361128
-20.4428  0.0371407
-20.4232  0.0381847
-20.4036  0.0392441
-20.384  0.0403187
-20.3644  0.0414077
-20.3448  0.0425108
-20.3252  0.0436274
-20.3056  0.0447572
-20.286  0.0458993
-20.2664  0.0470537
-20.2468  0.0482194
-20.2272  0.0493962
-20.2076  0.0505835
-20.188  0.0517808
-20.1684  0.0529877
-20.1488  0.0542035
-20.1292  0.0554278
-20.1096  0.0566602
-20.09  0.0579
-20.0704  0.0591469
-20.0508  0.0604003
-20.0312  0.0616596
-20.0116  0.0629245
-19.992  0.0641944
-19.9724  0.0654689
-19.9528  0.0667474
-19.9332  0.0680295
-19.9136  0.0693147
-19.894  0.0706025
-19.8744  0.0718926
-19.8548  0.0731843
-19.8352  0.0744772
-19.8156  0.0757709
-19.796  0.0770649
-19.7764  0.0783589
-19.7568  0.0796523
-19.7372  0.0809446
-19.7176  0.0822356
-19.698  0.0835246
-19.6784  0.0848114
-19.6588  0.0860955
-19.6392  0.0873764
-19.6196  0.0886537
-19.6  0.0899272
-19.5804  0.0911964
-19.5608  0.0924608
-19.5412  0.0937203
-19.5216  0.0949741
-19.502  0.0962221
-19.4824  0.097464
-19.4628  0.0986992
-19.4432  0.0999276
-19.4236  0.101149
-19.404  0.102362
-19.3844  0.103568
-19.3648  0.104765
-19.3452  0.105954
-19.3256  0.107134
-19.306  0.108305
-19.2864  0.109466
-19.2668  0.110618
-19.2472  0.111759
-19.2276  0.112891
-19.208  0.114011
-19.1884  0.115121
-19.1688  0.11622
-19.1492  0.117308
-19.1296  0.118384
-19.11  0.119448
-19.0904  0.120501
-19.0708  0.121541
-19.0512  0.122569
-19.0316  0.123584
-19.012  0.124587
-18.9924  0.125577
-18.9728  0.126554
-18.9532  0.127517
-18.9336  0.128467
-18.914  0.129404
-18.8944  0.130327
-18.8748  0.131236
-18.8552  0.132131
-18.8356  0.133013
-18.816  0.13388
-18.7964  0.134733
-18.7768  0.135572
-18.7572  0.136396
-18.7376  0.137206
-18.718  0.138001
-18.6984  0.138782
-18.6788  0.139548
-18.6592  0.1403
-18.6396  0.141037
-18.62  0.141759
-18.6004  0.142466
-18.5808  0.143159
-18.5612  0.143836
-18.5416  0.144499
-18.522  0.145147
-18.5024  0.14578
-18.4828  0.146399
-18.4632  0.147002
-18.4436  0.147591
-18.424  0.148165
-18.4044  0.148724
-18.3848  0.149268
-18.3652  0.149798
-18.3456  0.150313
-18.326  0.150813
-18.3064  0.151299
-18.2868  0.15177
-18.2672  0.152226
-18.2476  0.152668
-18.228  0.153095
-18.2084  0.153508
-18.1888  0.153907
-18.1692  0.154291
-18.1496  0.154661
-18.13  0.155016
-18.1104  0.155357
-18.0908  0.155684
-18.0712  0.155996
-18.0516  0.156295
-18.032  0.156579
-18.0124  0.156849
-17.9928  0.157105
-17.9732  0.157347
-17.9536  0.157575
-17.934  0.157789
-17.9144  0.157989
-17.8948  0.158175
-17.8752  0.158346
-17.8556  0.158504
-17.836  0.158648
-17.8164  0.158777
-17.7968  0.158893
-17.7772  0.158994
-17.7576  0.159081
-17.738  0.159154
-17.7184  0.159213
-17.6988  0.159258
-17.6792  0.159288
-17.6596  0.159304
-17.64  0.159306
-17.6204  0.159293
-17.6008  0.159265
-17.5812  0.159223
-17.5616  0.159166
-17.542  0.159094
-17.5224  0.159007
-17.5028  0.158905
-17.4832  0.158788
-17.4636  0.158655
-17.444  0.158507
-17.4244  0.158344
-17.4048  0.158165
-17.3852  0.15797
-17.3656  0.157759
-17.346  0.157532
-17.3264  0.157288
-17.3068  0.157028
-17.2872  0.156752
-17.2676  0.156458
-17.248  0.156148
-17.2284  0.15582
-17.2088  0.155475
-17.1892  0.155113
-17.1696  0.154733
-17.15  0.154335
-17.1304  0.153919
-17.1108  0.153485
-17.0912  0.153032
-17.0716  0.152561
-17.052  0.152071
-17.0324  0.151562
-17.0128  0.151034
-16.9932  0.150486
-16.9736  0.14992
-16.954  0.149333
-16.9344  0.148727
-16.9148  0.148101
-16.8952  0.147454
-16.8756  0.146788
-16.856  0.146101
-16.8364  0.145394
-16.8168  0.144666
-16.7972  0.143918
-16.7776  0.143148
-16.758  0.142358
-16.7384  0.141547
-16.7188  0.140716
-16.6992  0.139863
-16.6796  0.138989
-16.66  0.138094
-16.6404  0.137178
-16.6208  0.136242
-16.6012  0.135284
-16.5816  0.134306
-16.562  0.133306
-16.5424  0.132287
-16.5228  0.131246
-16.5032  0.130186
-16.4836  0.129105
-16.464  0.128004
-16.4444  0.126883
-16.4248  0.125742
-16.4052  0.124582
-16.3856  0.123404
-16.366  0.122206
-16.3464  0.12099
-16.3268  0.119756
-16.3072  0.118504
-16.2876  0.117236
-16.268  0.11595
-16.2484  0.114648
-16.2288  0.11333
-16.2092  0.111996
-16.1896  0.110648
-16.17  0.109286
-16.1504  0.10791
-16.1308  0.106521
-16.1112  0.105119
-16.0916  0.103706
-16.072  0.102282
-16.0524  0.100848
-16.0328  0.0994046
-16.0132  0.0979525
-15.9936  0.0964926
-15.974  0.0950258
-15.9544  0.0935529
-15.9348  0.0920749
-15.9152  0.0905927
-15.8956  0.0891072
-15.876  0.0876195
-15.8564  0.0861305
-15.8368  0.0846414
-15.8172  0.0831531
-15.7976  0.0816668
-15.778  0.0801835
-15.7584  0.0787045
-15.7388  0.0772307
-15.7192  0.0757634
-15.6996  0.0743039
-15.68  0.0728532
-15.6604  0.0714128
-15.6408  0.0699837
-15.6212  0.0685671
-15.6016  0.0671645
-15.582  0.0657771
-15.5624  0.0644062
-15.5428  0.063053
-15.5232  0.0617189
-15.5036  0.0604053
-15.484  0.0591135
-15.4644  0.0578447
-15.4448  0.0566003
-15.4252  0.0553818
-15.4056  0.0541904
-15.386  0.0530274
-15.3664  0.0518943
-15.3468  0.0507923
-15.3272  0.0497228
-15.3076  0.0486872
-15.288  0.0476867
-15.2684  0.0467227
-15.2488  0.0457965
-15.2292  0.0449094
-15.2096  0.0440625
-15.19  0.0432572
-15.1704  0.0424949
-15.1508  0.0417766
-15.1312  0.0411036
-15.1116  0.0404771
-15.092  0.0398983
-15.0724  0.0393681
-15.0528  0.0388879
-15.0332  0.0384586
-15.0136  0.0380814
-14.994  0.0377572
-14.9744  0.0374871
-14.9548  0.0372719
-14.9352  0.0371126
-14.9156  0.0370102
-14.896  0.0369654
-14.8764  0.036979
-14.8568  0.0370518
-14.8372  0.0371846
-14.8176  0.037378
-14.798  0.0376325
-14.7784  0.037949
-14.7588  0.0383278
-14.7392  0.0387694
-14.7196  0.0392744
-14.7  0.039843
-14.6804  0.0404756
-14.6608  0.0411726
-14.6412  0.0419341
-14.6216  0.0427603
-14.602  0.0436513
-14.5824  0.0446073
-14.5628  0.0456281
-14.5432  0.0467138
-14.5236  0.0478644
-14.504  0.0490795
-14.4844  0.050359
-14.4648  0.0517026
-14.4452  0.0531099
-14.4256  0.0545806
-14.406  0.0561142
-14.3864  0.0577102
-14.3668  0.059368
-14.3472  0.061087
-14.3276  0.0628665
-14.308  0.0647056
-14.2884  0.0666036
-14.2688  0.0685598
-14.2492  0.070573
-14.2296  0.0726423
-14.21  0.0747666
-14.1904  0.0769449
-14.1708  0.079176
-14.1512  0.0814587
-14.1316  0.0837917
-14.112  0.0861737
-14.0924  0.0886033
-14.0728  0.091079
-14.0532  0.0935995
-14.0336  0.0961631
-14.014  0.0987684
-13.9944  0.101414
-13.9748  0.104097
-13.9552  0.106817
-13.9356  0.109572
-13.916  0.11236
-13.8964  0.115179
-13.8768  0.118028
-13.8572  0.120903
-13.8376  0.123805
-13.818  0.126729
-13.7984  0.129676
-13.7788  0.132641
-13.7592  0.135624
-13.7396  0.138623
-13.72  0.141634
-13.7004  0.144656
-13.6808  0.147688
-13.6612  0.150726
-13.6416  0.153768
-13.622  0.156813
-13.6024  0.159857
-13.5828  0.1629
-13.5632  0.165938
-13.5436  0.16897
-13.524  0.171992
-13.5044  0.175004
-13.4848  0.178002
-13.4652  0.180985
-13.4456  0.183949
-13.426  0.186894
-13.4064  0.189817
-13.3868  0.192715
-13.3672  0.195587
-13.3476  0.19843
-13.328  0.201242
-13.3084  0.20402
-13.2888  0.206765
-13.2692  0.209471
-13.2496  0.212139
-13.23  0.214766
-13.2104  0.217349
-13.1908  0.219888
-13.1712  0.222379
-13.1516  0.224822
-13.132  0.227214
-13.1124  0.229554
-13.0928  0.23184
-13.0732  0.234069
-13.0536  0.236242
-13.034  0.238356
-13.0144  0.240409
-12.9948  0.2424
-12.9752  0.244328
-12.9556  0.246191
-12.936  0.247989
-12.9164  0.249719
-12.8968  0.25138
-12.8772  0.252972
-12.8576  0.254494
-12.838  0.255944
-12.8184  0.257322
-12.7988  0.258626
-12.7792  0.259857
-12.7596  0.261013
-12.74  0.262093
-12.7204  0.263097
-12.7008  0.264025
-12.6812  0.264876
-12.6616  0.26565
-12.642  0.266346
-12.6224  0.266965
-12.6028  0.267506
-12.5832  0.267969
-12.5636  0.268354
-12.544  0.268662
-12.5244  0.268892
-12.5048  0.269044
-12.4852  0.26912
-12.4656  0.269118
-12.446  0.269041
-12.4264  0.268888
-12.4068  0.26866
-12.3872  0.268358
-12.3676  0.267982
-12.348  0.267533
-12.3284  0.267012
-12.3088  0.26642
-12.2892  0.265758
-12.2696  0.265028
-12.25  0.264229
-12.2304  0.263365
-12.2108  0.262434
-12.1912  0.26144
-12.1716  0.260384
-12.152  0.259266
-12.1324  0.258088
-12.1128  0.256853
-12.0932  0.255561
-12.0736  0.254215
-12.054  0.252815
-12.0344  0.251364
-12.0148  0.249863
-11.9952  0.248315
-11.9756  0.246721
-11.956  0.245083
-11.9364  0.243403
-11.9168  0.241684
-11.8972  0.239926
-11.8776  0.238132
-11.858  0.236305
-11.8384  0.234446
-11.8188  0.232557
-11.7992  0.230641
-11.7796  0.2287
-11.76  0.226735
-11.7404  0.22475
-11.7208  0.222746
-11.7012  0.220726
-11.6816  0.218691
-11.662  0.216644
-11.6424  0.214587
-11.6228  0.212523
-11.6032  0.210453
-11.5836  0.20838
-11.564  0.206306
-11.5444  0.204233
-11.5248  0.202164
-11.5052  0.2001
-11.4856  0.198043
-11.466  0.195996
-11.4464  0.193961
-11.4268  0.191939
-11.4072  0.189934
-11.3876  0.187946
-11.368  0.185978
-11.3484  0.184031
-11.3288  0.182109
-11.3092  0.180211
-11.2896  0.178341
-11.27  0.176499
-11.2504  0.174688
-11.2308  0.17291
-11.2112  0.171165
-11.1916  0.169455
-11.172  0.167783
-11.1524  0.166148
-11.1328  0.164554
-11.1132  0.163
-11.0936  0.161488
-11.074  0.16002
-11.0544  0.158597
-11.0348  0.157218
-11.0152  0.155887
-10.9956  0.154603
-10.976  0.153367
-10.9564  0.15218
-10.9368  0.151044
-10.9172  0.149957
-10.8976  0.148922
-10.878  0.147938
-10.8584  0.147005
-10.8388  0.146125
-10.8192  0.145298
-10.7996  0.144523
-10.78  0.143801
-10.7604  0.143131
-10.7408  0.142515
-10.7212  0.141951
-10.7016  0.141439
-10.682  0.140979
-10.6624  0.140571
-10.6428  0.140215
-10.6232  0.139909
-10.6036  0.139654
-10.584  0.139448
-10.5644  0.139291
-10.5448  0.139182
-10.5252  0.13912
-10.5056  0.139105
-10.486  0.139135
-10.4664  0.139209
-10.4468  0.139326
-10.4272  0.139485
-10.4076  0.139685
-10.388  0.139924
-10.3684  0.140201
-10.3488  0.140514
-10.3292  0.140863
-10.3096  0.141245
-10.29  0.141658
-10.2704  0.142102
-10.2508  0.142575
-10.2312  0.143074
-10.2116  0.143598
-10.192  0.144145
-10.1724  0.144714
-10.1528  0.145302
-10.1332  0.145908
-10.1136  0.146529
-10.094  0.147164
-10.0744  0.147811
-10.0548  0.148467
-10.0352  0.14913
-10.0156  0.149799
-9.996  0.150472
-9.9764  0.151145
-9.9568  0.151818
-9.9372  0.152489
-9.9176  0.153154
-9.898  0.153812
-9.8784  0.154462
-9.8588  0.1551
-9.8392  0.155725
-9.8196  0.156334
-9.8  0.156927
-9.7804  0.1575
-9.7608  0.158053
-9.7412  0.158582
-9.7216  0.159086
-9.702  0.159563
-9.6824  0.160011
-9.6628  0.160429
-9.6432  0.160815
-9.6236  0.161166
-9.604  0.161482
-9.5844  0.161761
-9.5648  0.162001
-9.5452  0.162201
-9.5256  0.162359
-9.506  0.162474
-9.4864  0.162545
-9.4668  0.16257
-9.4472  0.162548
-9.4276  0.162479
-9.408  0.162361
-9.3884  0.162193
-9.3688  0.161974
-9.3492  0.161705
-9.3296  0.161383
-9.31  0.161008
-9.2904  0.160581
-9.2708  0.160099
-9.2512  0.159564
-9.2316  0.158975
-9.212  0.158332
-9.1924  0.157634
-9.1728  0.156883
-9.1532  0.156077
-9.1336  0.155217
-9.114  0.154303
-9.0944  0.153337
-9.0748  0.152318
-9.0552  0.151247
-9.0356  0.150124
-9.016  0.148952
-8.9964  0.147729
-8.9768  0.146459
-8.9572  0.145141
-8.9376  0.143777
-8.918  0.142367
-8.8984  0.140915
-8.8788  0.13942
-8.8592  0.137886
-8.8396  0.136312
-8.82  0.134701
-8.8004  0.133055
-8.7808  0.131376
-8.7612  0.129666
-8.7416  0.127926
-8.722  0.12616
-8.7024  0.124368
-8.6828  0.122554
-8.6632  0.12072
-8.6436  0.118868
-8.624  0.117001
-8.6044  0.115121
-8.5848  0.11323
-8.5652  0.111333
-8.5456  0.10943
-8.526  0.107525
-8.5064  0.105621
-8.4868  0.103721
-8.4672  0.101826
-8.4476  0.0999408
-8.428  0.0980674
-8.4084  0.0962087
-8.3888  0.0943677
-8.3692  0.0925473
-8.3496  0.0907502
-8.33  0.0889796
-8.3104  0.087238
-8.2908  0.0855285
-8.2712  0.0838539
-8.2516  0.0822168
-8.232  0.0806202
-8.2124  0.0790668
-8.1928  0.0775591
-8.1732  0.0760997
-8.1536  0.0746915
-8.134  0.0733367
-8.1144  0.0720379
-8.0948  0.0707974
-8.0752  0.0696175
-8.0556  0.0685004
-8.036  0.0674483
-8.0164  0.0664631
-7.9968  0.0655468
-7.9772  0.0647012
-7.9576  0.0639279
-7.938  0.0632287
-7.9184  0.0626049
-7.8988  0.0620579
-7.8792  0.0615889
-7.8596  0.0611989
-7.84  0.060889
-7.8204  0.0606598
-7.8008  0.060512
-7.7812  0.0604461
-7.7616  0.0604624
-7.742  0.0605612
-7.7224  0.0607423
-7.7028  0.0610056
-7.6832  0.0613508
-7.6636  0.0617773
-7.644  0.0622845
-7.6244  0.0628714
-7.6048  0.0635371
-7.5852  0.0642803
-7.5656  0.0650995
-7.546  0.0659932
-7.5264  0.0669595
-7.5068  0.0679965
-7.4872  0.0691021
-7.4676  0.0702738
-7.448  0.0715091
-7.4284  0.0728052
-7.4088  0.0741594
-7.3892  0.0755684
-7.3696  0.0770291
-7.35  0.0785379
-7.3304  0.0800912
-7.3108  0.0816853
-7.2912  0.0833162
-7.2716  0.0849796
-7.252  0.0866714
-7.2324  0.0883872
-7.2128  0.0901222
-7.1932  0.0918719
-7.1736  0.0936313
-7.154  0.0953955
-7.1344  0.0971592
-7.1148  0.0989174
-7.0952  0.100665
-7.0756  0.102396
-7.056  0.104105
-7.0364  0.105786
-7.0168  0.107435
-6.9972  0.109045
-6.9776  0.11061
-6.958  0.112126
-6.9384  0.113585
-6.9188  0.114982
-6.8992  0.116312
-6.8796  0.117569
-6.86  0.118747
-6.8404  0.11984
-6.8208  0.120843
-6.8012  0.12175
-6.7816  0.122557
-6.762  0.123257
-6.7424  0.123846
-6.7228  0.124319
-6.7032  0.12467
-6.6836  0.124896
-6.664  0.124993
-6.6444  0.124955
-6.6248  0.12478
-6.6052  0.124463
-6.5856  0.124002
-6.566  0.123394
-6.5464  0.122635
-6.5268  0.121725
-6.5072  0.12066
-6.4876  0.11944
-6.468  0.118064
-6.4484  0.116532
-6.4288  0.114843
-6.4092  0.112999
-6.3896  0.110999
-6.37  0.108847
-6.3504  0.106544
-6.3308  0.104093
-6.3112  0.101498
-6.2916  0.0987634
-6.272  0.095894
-6.2524  0.0928956
-6.2328  0.0897747
-6.2132  0.0865389
-6.1936  0.0831958
-6.174  0.0797548
-6.1544  0.0762257
-6.1348  0.0726193
-6.1152  0.0689472
-6.0956  0.0652222
-6.076  0.061458
-6.0564  0.0576693
-6.0368  0.0538718
-6.0172  0.0500824
-5.9976  0.046319
-5.978  0.0426008
-5.9584  0.0389479
-5.9388  0.0353818
-5.9192  0.0319252
-5.8996  0.0286021
-5.88  0.0254374
-5.8604  0.0224577
-5.8408  0.019691
-5.8212  0.0171662
-5.8016  0.0149139
-5.782  0.0129661
-5.7624  0.0113561
-5.7428  0.0101187
-5.7232  0.00929016
-5.7036  0.00890828
-5.684  0.00901237
-5.6644  0.00964323
-5.6448  0.0108432
-5.6252  0.0126564
-5.6056  0.0151282
-5.586  0.018306
-5.5664  0.0222384
-5.5468  0.0269761
-5.5272  0.032571
-5.5076  0.0390771
-5.488  0.0465498
-5.4684  0.0550465
-5.4488  0.0646261
-5.4292  0.0753492
-5.4096  0.0872783
-5.39  0.100478
-5.3704  0.115013
-5.3508  0.130953
-5.3312  0.148366
-5.3116  0.167323
-5.292  0.187899
-5.2724  0.210167
-5.2528  0.234205
-5.2332  0.26009
-5.2136  0.287904
-5.194  0.317728
-5.1744  0.349645
-5.1548  0.383742
-5.1352  0.420106
-5.1156  0.458826
-5.096  0.499993
-5.0764  0.5437
-5.0568  0.59004
-5.0372  0.63911
-5.0176  0.691008
-4.998  0.745833
-4.9784  0.803686
-4.9588  0.86467
-4.9392  0.928889
-4.9196  0.99645
-4.9  1.06746
-4.8804  1.14203
-4.8608  1.22026
-4.8412  1.30228
-4.8216  1.38819
-4.802  1.47811
-4.7824  1.57216
-4.7628  1.67045
-4.7432  1.7731
-4.7236  1.88024
-4.704  1.99198
-4.6844  2.10845
-4.6648  2.22977
-4.6452  2.35606
-4.6256  2.48746
-4.606  2.62409
-4.5864  2.76608
-4.5668  2.91355
-4.5472  3.06664
-4.5276  3.22548
-4.508  3.3902
-4.4884  3.56092
-4.4688  3.7378
-4.4492  3.92095
-4.4296  4.11051
-4.41  4.30662
-4.3904  4.5094
-4.3708  4.71901
-4.3512  4.93556
-4.3316  5.1592
-4.312  5.39006
-4.2924  5.62829
-4.2728  5.874
-4.2532  6.12734
-4.2336  6.38845
-4.214  6.65745
-4.1944  6.93449
-4.1748  7.2197
-4.1552  7.51321
-4.1356  7.81515
-4.116  8.12566
-4.0964  8.44488
-4.0768  8.77292
-4.0572  9.10992
-4.0376  9.45602
-4.018  9.81133
-3.9984  10.176
-3.9788  10.5501
-3.9592  10.9338
-3.9396  11.3273
-3.92  11.7306
-3.9004  12.1438
-3.8808  12.5671
-3.8612  13.0006
-3.8416  13.4444
-3.822  13.8987
-3.8024  14.3635
-3.7828  14.8389
-3.7632  15.325
-3.7436  15.822
-3.724  16.33
-3.7044  16.849
-3.6848  17.3792
-3.6652  17.9206
-3.6456  18.4733
-3.626  19.0375
-3.6064  19.6131
-3.5868  20.2004
-3.5672  20.7993
-3.5476  21.4099
-3.528  22.0324
-3.5084  22.6667
-3.4888  23.313
-3.4692  23.9713
-3.4496  24.6417
-3.43  25.3242
-3.4104  26.0189
-3.3908  26.7258
-3.3712  27.445
-3.3516  28.1765
-3.332  28.9203
-3.3124  29.6765
-3.2928  30.4451
-3.2732  31.2261
-3.2536  32.0195
-3.234  32.8254
-3.2144  33.6438
-3.1948  34.4746
-3.1752  35.3179
-3.1556  36.1736
-3.136  37.0418
-3.1164  37.9225
-3.0968  38.8155
-3.0772  39.721
-3.0576  40.6388
-3.038  41.5689
-3.0184  42.5113
-2.9988  43.466
-2.9792  44.4328
-2.9596  45.4118
-2.94  46.4029
-2.9204  47.406
-2.9008  48.421
-2.8812  49.4479
-2.8616  50.4866
-2.842  51.537
-2.8224  52.599
-2.8028  53.6725
-2.7832  54.7573
-2.7636  55.8535
-2.744  56.9609
-2.7244  58.0793
-2.7048  59.2086
-2.6852  60.3488
-2.6656  61.4996
-2.646  62.6609
-2.6264  63.8326
-2.6068  65.0145
-2.5872  66.2065
-2.5676  67.4084
-2.548  68.62
-2.5284  69.8411
-2.5088  71.0716
-2.4892  72.3113
-2.4696  73.56
-2.45  74.8175
-2.4304  76.0836
-2.4108  77.3581
-2.3912  78.6407
-2.3716  79.9313
-2.352  81.2296
-2.3324  82.5354
-2.3128  83.8485
-2.2932  85.1686
-2.2736  86.4955
-2.254  87.8289
-2.2344  89.1686
-2.2148  90.5144
-2.1952  91.8659
-2.1756  93.2229
-2.156  94.5851
-2.1364  95.9523
-2.1168  97.3241
-2.0972  98.7003
-2.0776  100.081
-2.058  101.465
-2.0384  102.852
-2.0188  104.243
-1.9992  105.637
-1.9796  107.033
-1.96  108.432
-1.9404  109.832
-1.9208  111.234
-1.9012  112.638
-1.8816  114.042
-1.862  115.447
-1.8424  116.853
-1.8228  118.258
-1.8032  119.663
-1.7836  121.068
-1.764  122.471
-1.7444  123.873
-1.7248  125.273
-1.7052  126.672
-1.6856  128.067
-1.666  129.46
-1.6464  130.85
-1.6268  132.237
-1.6072  133.619
-1.5876  134.997
-1.568  136.371
-1.5484  137.74
-1.5288  139.104
-1.5092  140.462
-1.4896  141.813
-1.47  143.159
-1.4504  144.498
-1.4308  145.829
-1.4112  147.154
-1.3916  148.47
-1.372  149.778
-1.3524  151.078
-1.3328  152.368
-1.3132  153.65
-1.2936  154.922
-1.274  156.183
-1.2544  157.435
-1.2348  158.675
-1.2152  159.905
-1.1956  161.123
-1.176  162.33
-1.1564  163.524
-1.1368  164.706
-1.1172  165.875
-1.0976  167.03
-1.078  168.173
-1.0584  169.301
-1.0388  170.416
-1.0192  171.515
-0.9996  172.6
-0.98  173.67
-0.9604  174.725
-0.9408  175.763
-0.9212  176.786
-0.9016  177.792
-0.882  178.781
-0.8624  179.753
-0.8428  180.708
-0.8232  181.646
-0.8036  182.565
-0.784  183.467
-0.7644  184.349
-0.7448  185.214
-0.7252  186.059
-0.7056  186.885
-0.686  187.691
-0.6664  188.478
-0.6468  189.245
-0.6272  189.991
-0.6076  190.717
-0.588  191.422
-0.5684  192.107
-0.5488  192.77
-0.5292  193.412
-0.5096  194.032
-0.49  194.63
-0.4704  195.207
-0.4508  195.762
-0.4312  196.294
-0.4116  196.804
-0.392  197.291
-0.3724  197.755
-0.3528  198.197
-0.3332  198.615
-0.3136  199.01
-0.294  199.382
-0.2744  199.73
-0.2548  200.055
-0.2352  200.356
-0.2156  200.634
-0.196  200.888
-0.1764  201.117
-0.1568  201.323
-0.1372  201.505
-0.1176  201.662
-0.098  201.795
-0.0784  201.904
-0.0588  201.989
-0.0392  202.05
-0.0196  202.086
0  202.098
0.0196  202.086
0.0392  202.049
0.0588  201.988
0.0784  201.903
0.098  201.793
0.1176  201.66
0.1372  201.502
0.1568  201.32
0.1764  201.114
0.196  200.884
0.2156  200.63
0.2352  200.352
0.2548  200.05
0.2744  199.725
0.294  199.376
0.3136  199.004
0.3332  198.609
0.3528  198.19
0.3724  197.748
0.392  197.283
0.4116  196.796
0.4312  196.286
0.4508  195.753
0.4704  195.198
0.49  194.621
0.5096  194.023
0.5292  193.402
0.5488  192.76
0.5684  192.096
0.588  191.412
0.6076  190.706
0.6272  189.98
0.6468  189.233
0.6664  188.466
0.686  187.679
0.7056  186.872
0.7252  186.046
0.7448  185.201
0.7644  184.336
0.784  183.453
0.8036  182.551
0.8232  181.632
0.8428  180.694
0.8624  179.739
0.882  178.766
0.9016  177.776
0.9212  176.77
0.9408  175.747
0.9604  174.709
0.98  173.654
0.9996  172.584
1.0192  171.499
1.0388  170.399
1.0584  169.284
1.078  168.155
1.0976  167.013
1.1172  165.857
1.1368  164.688
1.1564  163.506
1.176  162.311
1.1956  161.105
1.2152  159.886
1.2348  158.657
1.2544  157.416
1.274  156.164
1.2936  154.902
1.3132  153.63
1.3328  152.349
1.3524  151.058
1.372  149.758
1.3916  148.45
1.4112  147.134
1.4308  145.809
1.4504  144.478
1.47  143.139
1.4896  141.793
1.5092  140.441
1.5288  139.083
1.5484  137.72
1.568  136.351
1.5876  134.977
1.6072  133.598
1.6268  132.216
1.6464  130.829
1.666  129.44
1.6856  128.047
1.7052  126.651
1.7248  125.252
1.7444  123.852
1.764  122.45
1.7836  121.047
1.8032  119.642
1.8228  118.237
1.8424  116.832
1.862  115.427
1.8816  114.021
1.9012  112.617
1.9208  111.214
1.9404  109.812
1.96  108.411
1.9796  107.013
1.9992  105.616
2.0188  104.223
2.0384  102.832
2.058  101.444
2.0776  100.06
2.0972  98.6802
2.1168  97.304
2.1364  95.9323
2.156  94.5652
2.1756  93.2031
2.1952  91.8462
2.2148  90.4948
2.2344  89.1492
2.254  87.8096
2.2736  86.4763
2.2932  85.1495
2.3128  83.8295
2.3324  82.5166
2.352  81.2109
2.3716  79.9127
2.3912  78.6222
2.4108  77.3398
2.4304  76.0654
2.45  74.7995
2.4696  73.5422
2.4892  72.2937
2.5088  71.0541
2.5284  69.8238
2.548  68.6028
2.5676  67.3913
2.5872  66.1896
2.6068  64.9978
2.6264  63.8161
2.646  62.6446
2.6656  61.4834
2.6852  60.3328
2.7048  59.1928
2.7244  58.0637
2.744  56.9455
2.7636  55.8383
2.7832  54.7423
2.8028  53.6576
2.8224  52.5843
2.842  51.5225
2.8616  50.4724
2.8812  49.4339
2.9008  48.4072
2.9204  47.3923
2.94  46.3894
2.9596  45.3986
2.9792  44.4198
2.9988  43.4531
3.0184  42.4986
3.038  41.5564
3.0576  40.6265
3.0772  39.7089
3.0968  38.8036
3.1164  37.9107
3.136  37.0303
3.1556  36.1623
3.1752  35.3067
3.1948  34.4637
3.2144  33.633
3.234  32.8149
3.2536  32.0092
3.2732  31.2159
3.2928  30.4351
3.3124  29.6667
3.332  28.9107
3.3516  28.1671
3.3712  27.4358
3.3908  26.7168
3.4104  26.0101
3.43  25.3156
3.4496  24.6332
3.4692  23.963
3.4888  23.3049
3.5084  22.6588
3.528  22.0246
3.5476  21.4023
3.5672  20.7918
3.5868  20.1931
3.6064  19.606
3.626  19.0305
3.6456  18.4665
3.6652  17.9139
3.6848  17.3727
3.7044  16.8427
3.724  16.3238
3.7436  15.816
3.7632  15.3192
3.7828  14.8332
3.8024  14.3579
3.822  13.8933
3.8416  13.4391
3.8612  12.9955
3.8808  12.5621
3.9004  12.1389
3.92  11.7258
3.9396  11.3226
3.9592  10.9293
3.9788  10.5457
3.9984  10.1717
4.018  9.80717
4.0376  9.45197
4.0572  9.10599
4.0768  8.76909
4.0964  8.44116
4.116  8.12205
4.1356  7.81164
4.1552  7.5098
4.1748  7.21638
4.1944  6.93127
4.214  6.65433
4.2336  6.38541
4.2532  6.12439
4.2728  5.87114
4.2924  5.62551
4.312  5.38737
4.3316  5.15659
4.3512  4.93302
4.3708  4.71654
4.3904  4.50701
4.41  4.30429
4.4296  4.10825
4.4492  3.91876
4.4688  3.73567
4.4884  3.55886
4.508  3.38819
4.5276  3.22353
4.5472  3.06475
4.5668  2.91172
4.5864  2.76429
4.606  2.62236
4.6256  2.48578
4.6452  2.35443
4.6648  2.22818
4.6844  2.1069
4.704  1.99047
4.7236  1.87877
4.7432  1.77168
4.7628  1.66906
4.7824  1.57081
4.802  1.4768
4.8216  1.38691
4.8412  1.30103
4.8608  1.21904
4.8804  1.14083
4.9  1.06629
4.9196  0.995309
4.9392  0.927774
4.9588  0.863578
4.9784  0.802617
4.998  0.744785
5.0176  0.689981
5.0372  0.638103
5.0568  0.589052
5.0764  0.542729
5.096  0.49904
5.1156  0.457889
5.1352  0.419184
5.1548  0.382834
5.1744  0.348751
5.194  0.316846
5.2136  0.287034
5.2332  0.259232
5.2528  0.233358
5.2724  0.20933
5.292  0.187071
5.3116  0.166504
5.3312  0.147555
5.3508  0.13015
5.3704  0.114218
5.39  0.099689
5.4096  0.086496
5.4292  0.0745728
5.4488  0.0638551
5.4684  0.0542807
5.488  0.0457888
5.5076  0.0383204
5.5272  0.0318183
5.5468  0.0262271
5.5664  0.0214928
5.586  0.0175635
5.6056  0.0143885
5.6252  0.0119192
5.6448  0.0101084
5.6644  0.00891039
5.684  0.00828132
5.7036  0.00817881
5.7232  0.00856204
5.7428  0.0093917
5.7624  0.0106301
5.782  0.0122408
5.8016  0.0141892
5.8212  0.0164419
5.8408  0.0189669
5.8604  0.0217336
5.88  0.0247131
5.8996  0.0278775
5.9192  0.0312002
5.9388  0.0346561
5.9584  0.0382214
5.978  0.0418734
5.9976  0.0455905
6.0172  0.0493526
6.0368  0.0531405
6.0564  0.0569364
6.076  0.0607234
6.0956  0.0644857
6.1152  0.0682086
6.1348  0.0718784
6.1544  0.0754824
6.174  0.079009
6.1936  0.0824472
6.2132  0.0857873
6.2328  0.08902
6.2524  0.0921375
6.272  0.0951325
6.2916  0.0979982
6.3112  0.100729
6.3308  0.10332
6.3504  0.105766
6.37  0.108065
6.3896  0.110212
6.4092  0.112207
6.4288  0.114047
6.4484  0.11573
6.468  0.117257
6.4876  0.118627
6.5072  0.119841
6.5268  0.120899
6.5464  0.121803
6.566  0.122555
6.5856  0.123157
6.6052  0.123611
6.6248  0.12392
6.6444  0.124088
6.664  0.124118
6.6836  0.124014
6.7032  0.123779
6.7228  0.123419
6.7424  0.122938
6.762  0.12234
6.7816  0.121631
6.8012  0.120815
6.8208  0.119899
6.8404  0.118886
6.86  0.117783
6.8796  0.116595
6.8992  0.115328
6.9188  0.113988
6.9384  0.11258
6.958  0.11111
6.9776  0.109584
6.9972  0.108008
7.0168  0.106387
7.0364  0.104727
7.056  0.103034
7.0756  0.101313
7.0952  0.099571
7.1148  0.0978122
7.1344  0.0960423
7.154  0.0942669
7.1736  0.092491
7.1932  0.0907199
7.2128  0.0889585
7.2324  0.0872117
7.252  0.0854842
7.2716  0.0837807
7.2912  0.0821055
7.3108  0.0804631
7.3304  0.0788574
7.35  0.0772927
7.3696  0.0757725
7.3892  0.0743006
7.4088  0.0728805
7.4284  0.0715153
7.448  0.0702083
7.4676  0.0689624
7.4872  0.0677803
7.5068  0.0666645
7.5264  0.0656175
7.546  0.0646415
7.5656  0.0637383
7.5852  0.0629099
7.6048  0.0621577
7.6244  0.0614834
7.644  0.0608882
7.6636  0.060373
7.6832  0.0599389
7.7028  0.0595864
7.7224  0.0593162
7.742  0.0591286
7.7616  0.0590237
7.7812  0.0590017
7.8008  0.0590624
7.8204  0.0592053
7.84  0.0594302
7.8596  0.0597362
7.8792  0.0601228
7.8988  0.0605888
7.9184  0.0611334
7.938  0.0617552
7.9576  0.0624531
7.9772  0.0632254
7.9968  0.0640706
8.0164  0.0649871
8.036  0.065973
8.0556  0.0670263
8.0752  0.0681452
8.0948  0.0693274
8.1144  0.0705708
8.134  0.0718731
8.1536  0.0732318
8.1732  0.0746447
8.1928  0.0761092
8.2124  0.0776226
8.232  0.0791823
8.2516  0.0807857
8.2712  0.0824301
8.2908  0.0841127
8.3104  0.0858306
8.33  0.0875812
8.3496  0.0893614
8.3692  0.0911686
8.3888  0.0929996
8.4084  0.0948518
8.428  0.0967221
8.4476  0.0986077
8.4672  0.100506
8.4868  0.102413
8.5064  0.104328
8.526  0.106246
8.5456  0.108165
8.5652  0.110082
8.5848  0.111995
8.6044  0.113901
8.624  0.115797
8.6436  0.117681
8.6632  0.11955
8.6828  0.121401
8.7024  0.123232
8.722  0.125042
8.7416  0.126826
8.7612  0.128584
8.7808  0.130313
8.8004  0.132011
8.82  0.133675
8.8396  0.135305
8.8592  0.136898
8.8788  0.138452
8.8984  0.139966
8.918  0.141438
8.9376  0.142867
8.9572  0.144251
8.9768  0.145588
8.9964  0.146879
9.016  0.14812
9.0356  0.149313
9.0552  0.150454
9.0748  0.151545
9.0944  0.152583
9.114  0.153569
9.1336  0.154501
9.1532  0.15538
9.1728  0.156204
9.1924  0.156974
9.212  0.15769
9.2316  0.158351
9.2512  0.158957
9.2708  0.159509
9.2904  0.160007
9.31  0.160451
9.3296  0.160841
9.3492  0.161179
9.3688  0.161463
9.3884  0.161697
9.408  0.161878
9.4276  0.16201
9.4472  0.162093
9.4668  0.162127
9.4864  0.162114
9.506  0.162054
9.5256  0.16195
9.5452  0.161802
9.5648  0.161612
9.5844  0.161381
9.604  0.161111
9.6236  0.160803
9.6432  0.160458
9.6628  0.160079
9.6824  0.159667
9.702  0.159223
9.7216  0.15875
9.7412  0.15825
9.7608  0.157724
9.7804  0.157174
9.8  0.156602
9.8196  0.15601
9.8392  0.1554
9.8588  0.154775
9.8784  0.154135
9.898  0.153483
9.9176  0.152822
9.9372  0.152153
9.9568  0.151478
9.9764  0.1508
9.996  0.15012
10.0156  0.149441
10.0352  0.148764
10.0548  0.148093
10.0744  0.147428
10.094  0.146772
10.1136  0.146127
10.1332  0.145494
10.1528  0.144877
10.1724  0.144276
10.192  0.143695
10.2116  0.143134
10.2312  0.142595
10.2508  0.142081
10.2704  0.141593
10.29  0.141133
10.3096  0.140702
10.3292  0.140303
10.3488  0.139937
10.3684  0.139605
10.388  0.139309
10.4076  0.13905
10.4272  0.138831
10.4468  0.138651
10.4664  0.138513
10.486  0.138418
10.5056  0.138366
10.5252  0.138359
10.5448  0.138398
10.5644  0.138484
10.584  0.138618
10.6036  0.1388
10.6232  0.139032
10.6428  0.139313
10.6624  0.139646
10.682  0.140029
10.7016  0.140463
10.7212  0.14095
10.7408  0.141489
10.7604  0.14208
10.78  0.142724
10.7996  0.143421
10.8192  0.14417
10.8388  0.144972
10.8584  0.145826
10.878  0.146732
10.8976  0.14769
10.9172  0.1487
10.9368  0.14976
10.9564  0.150871
10.976  0.152032
10.9956  0.153243
11.0152  0.154501
11.0348  0.155807
11.0544  0.15716
11.074  0.158558
11.0936  0.160002
11.1132  0.161488
11.1328  0.163018
11.1524  0.164588
11.172  0.166198
11.1916  0.167847
11.2112  0.169533
11.2308  0.171255
11.2504  0.173011
11.27  0.174799
11.2896  0.176618
11.3092  0.178467
11.3288  0.180343
11.3484  0.182244
11.368  0.18417
11.3876  0.186117
11.4072  0.188085
11.4268  0.190071
11.4464  0.192073
11.466  0.19409
11.4856  0.196118
11.5052  0.198157
11.5248  0.200203
11.5444  0.202256
11.564  0.204312
11.5836  0.20637
11.6032  0.208427
11.6228  0.210481
11.6424  0.212531
11.662  0.214573
11.6816  0.216606
11.7012  0.218627
11.7208  0.220635
11.7404  0.222626
11.76  0.224599
11.7796  0.226552
11.7992  0.228482
11.8188  0.230388
11.8384  0.232266
11.858  0.234115
11.8776  0.235934
11.8972  0.237718
11.9168  0.239468
11.9364  0.241179
11.956  0.242852
11.9756  0.244483
11.9952  0.24607
12.0148  0.247612
12.0344  0.249106
12.054  0.250552
12.0736  0.251947
12.0932  0.253289
12.1128  0.254576
12.1324  0.255808
12.152  0.256982
12.1716  0.258097
12.1912  0.25915
12.2108  0.260142
12.2304  0.26107
12.25  0.261934
12.2696  0.262731
12.2892  0.26346
12.3088  0.264121
12.3284  0.264713
12.348  0.265233
12.3676  0.265682
12.3872  0.266059
12.4068  0.266362
12.4264  0.266591
12.446  0.266746
12.4656  0.266824
12.4852  0.266828
12.5048  0.266754
12.5244  0.266604
12.544  0.266376
12.5636  0.266072
12.5832  0.26569
12.6028  0.26523
12.6224  0.264692
12.642  0.264077
12.6616  0.263384
12.6812  0.262614
12.7008  0.261767
12.7204  0.260844
12.74  0.259844
12.7596  0.258768
12.7792  0.257617
12.7988  0.256392
12.8184  0.255092
12.838  0.25372
12.8576  0.252275
12.8772  0.250759
12.8968  0.249172
12.9164  0.247516
12.936  0.245792
12.9556  0.244001
12.9752  0.242144
12.9948  0.240222
13.0144  0.238237
13.034  0.23619
13.0536  0.234083
13.0732  0.231917
13.0928  0.229694
13.1124  0.227415
13.132  0.225082
13.1516  0.222697
13.1712  0.220262
13.1908  0.217777
13.2104  0.215246
13.23  0.21267
13.2496  0.210051
13.2692  0.207391
13.2888  0.204692
13.3084  0.201956
13.328  0.199185
13.3476  0.196381
13.3672  0.193546
13.3868  0.190683
13.4064  0.187793
13.426  0.184879
13.4456  0.181943
13.4652  0.178987
13.4848  0.176014
13.5044  0.173024
13.524  0.170022
13.5436  0.167009
13.5632  0.163987
13.5828  0.160958
13.6024  0.157925
13.622  0.154891
13.6416  0.151856
13.6612  0.148824
13.6808  0.145796
13.7004  0.142775
13.72  0.139764
13.7396  0.136763
13.7592  0.133776
13.7788  0.130804
13.7984  0.127849
13.818  0.124914
13.8376  0.122001
13.8572  0.119112
13.8768  0.116248
13.8964  0.113412
13.916  0.110605
13.9356  0.107829
13.9552  0.105087
13.9748  0.10238
13.9944  0.0997094
14.014  0.0970775
14.0336  0.0944857
14.0532  0.0919357
14.0728  0.089429
14.0924  0.0869673
14.112  0.084552
14.1316  0.0821843
14.1512  0.079866
14.1708  0.0775981
14.1904  0.075382
14.21  0.073219
14.2296  0.07111
14.2492  0.0690564
14.2688  0.067059
14.2884  0.0651189
14.308  0.0632371
14.3276  0.0614144
14.3472  0.0596516
14.3668  0.0579495
14.3864  0.0563087
14.406  0.05473
14.4256  0.0532138
14.4452  0.0517608
14.4648  0.0503713
14.4844  0.0490458
14.504  0.0477845
14.5236  0.0465878
14.5432  0.0454559
14.5628  0.044389
14.5824  0.0433872
14.602  0.0424504
14.6216  0.0415788
14.6412  0.0407721
14.6608  0.0400303
14.6804  0.0393532
14.7  0.0387407
14.7196  0.0381923
14.7392  0.0377078
14.7588  0.0372867
14.7784  0.0369286
14.798  0.0366331
14.8176  0.0363995
14.8372  0.0362273
14.8568  0.0361159
14.8764  0.0360645
14.896  0.0360725
14.9156  0.036139
14.9352  0.0362633
14.9548  0.0364445
14.9744  0.0366818
14.994  0.0369741
15.0136  0.0373206
15.0332  0.0377202
15.0528  0.0381719
15.0724  0.0386747
15.092  0.0392276
15.1116  0.0398292
15.1312  0.0404785
15.1508  0.0411743
15.1704  0.0419156
15.19  0.0427009
15.2096  0.0435292
15.2292  0.0443992
15.2488  0.0453094
15.2684  0.0462588
15.288  0.047246
15.3076  0.0482696
15.3272  0.0493284
15.3468  0.0504211
15.3664  0.0515462
15.386  0.0527025
15.4056  0.0538886
15.4252  0.0551032
15.4448  0.0563448
15.4644  0.0576122
15.484  0.0589039
15.5036  0.0602187
15.5232  0.0615551
15.5428  0.062912
15.5624  0.0642878
15.582  0.0656814
15.6016  0.0670912
15.6212  0.0685162
15.6408  0.069955
15.6604  0.0714062
15.68  0.0728686
15.6996  0.0743411
15.7192  0.0758223
15.7388  0.077311
15.7584  0.0788062
15.778  0.0803063
15.7976  0.0818105
15.8172  0.0833175
15.8368  0.0848263
15.8564  0.0863357
15.876  0.0878447
15.8956  0.0893522
15.9152  0.0908572
15.9348  0.0923587
15.9544  0.0938557
15.974  0.0953472
15.9936  0.0968325
16.0132  0.0983104
16.0328  0.0997803
16.0524  0.101241
16.072  0.102692
16.0916  0.104133
16.1112  0.105562
16.1308  0.10698
16.1504  0.108384
16.17  0.109776
16.1896  0.111153
16.2092  0.112515
16.2288  0.113863
16.2484  0.115194
16.268  0.116509
16.2876  0.117807
16.3072  0.119088
16.3268  0.120352
16.3464  0.121597
16.366  0.122824
16.3856  0.124031
16.4052  0.125219
16.4248  0.126388
16.4444  0.127537
16.464  0.128666
16.4836  0.129774
16.5032  0.130862
16.5228  0.131929
16.5424  0.132975
16.562  0.134
16.5816  0.135003
16.6012  0.135986
16.6208  0.136947
16.6404  0.137886
16.66  0.138803
16.6796  0.139699
16.6992  0.140574
16.7188  0.141427
16.7384  0.142258
16.758  0.143067
16.7776  0.143855
16.7972  0.144622
16.8168  0.145367
16.8364  0.146091
16.856  0.146793
16.8756  0.147474
16.8952  0.148135
16.9148  0.148774
16.9344  0.149393
16.954  0.149991
16.9736  0.150569
16.9932  0.151126
17.0128  0.151663
17.0324  0.15218
17.052  0.152677
17.0716  0.153155
17.0912  0.153613
17.1108  0.154052
17.1304  0.154472
17.15  0.154873
17.1696  0.155255
17.1892  0.155619
17.2088  0.155964
17.2284  0.156292
17.248  0.156601
17.2676  0.156892
17.2872  0.157166
17.3068  0.157423
17.3264  0.157662
17.346  0.157884
17.3656  0.158089
17.3852  0.158278
17.4048  0.15845
17.4244  0.158605
17.444  0.158745
17.4636  0.158868
17.4832  0.158975
17.5028  0.159067
17.5224  0.159143
17.542  0.159203
17.5616  0.159248
17.5812  0.159278
17.6008  0.159292
17.6204  0.159292
17.64  0.159276
17.6596  0.159246
17.6792  0.159201
17.6988  0.159141
17.7184  0.159067
17.738  0.158978
17.7576  0.158875
17.7772  0.158757
17.7968  0.158625
17.8164  0.158479
17.836  0.158318
17.8556  0.158144
17.8752  0.157955
17.8948  0.157752
17.9144  0.157535
17.934  0.157304
17.9536  0.157058
17.9732  0.156799
17.9928  0.156526
18.0124  0.156238
18.032  0.155937
18.0516  0.155621
18.0712  0.155292
18.0908  0.154949
18.1104  0.154591
18.13  0.154219
18.1496  0.153834
18.1692  0.153434
18.1888  0.15302
18.2084  0.152592
18.228  0.15215
18.2476  0.151694
18.2672  0.151223
18.2868  0.150739
18.3064  0.15024
18.326  0.149727
18.3456  0.1492
18.3652  0.148658
18.3848  0.148103
18.4044  0.147533
18.424  0.146948
18.4436  0.14635
18.4632  0.145737
18.4828  0.14511
18.5024  0.144469
18.522  0.143813
18.5416  0.143144
18.5612  0.14246
18.5808  0.141761
18.6004  0.141049
18.62  0.140322
18.6396  0.139582
18.6592  0.138827
18.6788  0.138058
18.6984  0.137276
18.718  0.136479
18.7376  0.135668
18.7572  0.134844
18.7768  0.134006
18.7964  0.133155
18.816  0.132289
18.8356  0.131411
18.8552  0.130519
18.8748  0.129613
18.8944  0.128695
18.914  0.127763
18.9336  0.126819
18.9532  0.125862
18.9728  0.124892
18.9924  0.12391
19.012  0.122915
19.0316  0.121909
19.0512  0.12089
19.0708  0.119859
19.0904  0.118817
19.11  0.117764
19.1296  0.116699
19.1492  0.115623
19.1688  0.114536
19.1884  0.113439
19.208  0.112332
19.2276  0.111214
19.2472  0.110086
19.2668  0.108949
19.2864  0.107802
19.306  0.106647
19.3256  0.105482
19.3452  0.104309
19.3648  0.103127
19.3844  0.101938
19.404  0.100741
19.4236  0.0995366
19.4432  0.0983252
19.4628  0.0971069
19.4824  0.0958824
19.502  0.0946517
19.5216  0.0934153
19.5412  0.0921736
19.5608  0.0909267
19.5804  0.0896753
19.6  0.0884195
19.6196  0.0871599
19.6392  0.0858967
19.6588  0.0846304
19.6784  0.0833612
19.698  0.0820897
19.7176  0.0808162
19.7372  0.0795412
19.7568  0.078265
19.7764  0.0769882
19.796  0.0757109
19.8156  0.0744338
19.8352  0.0731573
19.8548  0.0718818
19.8744  0.0706078
19.894  0.0693355
19.9136  0.0680657
19.9332  0.0667986
19.9528  0.0655348
19.9724  0.0642748
19.992  0.0630188
20.0116  0.0617675
20.0312  0.0605214
20.0508  0.0592809
20.0704  0.0580465
20.09  0.0568185
20.1096  0.0555977
20.1292  0.0543844
20.1488  0.0531792
20.1684  0.0519824
20.188  0.0507947
20.2076  0.0496165
20.2272  0.0484483
20.2468  0.0472906
20.2664  0.046144
20.286  0.0450087
20.3056  0.0438855
20.3252  0.0427748
20.3448  0.0416771
20.3644  0.0405929
20.384  0.0395227
20.4036  0.038467
20.4232  0.0374262
20.4428  0.0364009
20.4624  0.0353916
20.482  0.0343988
20.5016  0.0334228
20.5212  0.0324643
20.5408  0.0315237
20.5604  0.0306015
20.58  0.0296981
20.5996  0.0288139
20.6192  0.0279496
20.6388  0.0271055
20.6584  0.026282
20.678  0.0254797
20.6976  0.0246989
20.7172  0.0239401
20.7368  0.0232036
20.7564  0.02249
20.776  0.0217996
20.7956  0.0211328
20.8152  0.0204901
20.8348  0.0198716
20.8544  0.019278
20.874  0.0187094
20.8936  0.0181663
20.9132  0.0176489
20.9328  0.0171577
20.9524  0.0166928
20.972  0.0162547
20.9916  0.0158436
21.0112  0.0154597
21.0308  0.0151033
21.0504  0.0147748
21.07  0.0144742
21.0896  0.0142017
21.1092  0.0139577
21.1288  0.0137423
21.1484  0.0135555
21.168  0.0133977
21.1876  0.0132689
21.2072  0.0131692
21.2268  0.0130987
21.2464  0.0130574
21.266  0.0130455
21.2856  0.013063
21.3052  0.0131098
21.3248  0.013186
21.3444  0.0132916
21.364  0.0134265
21.3836  0.0135906
21.4032  0.0137838
21.4228  0.0140062
21.4424  0.0142574
21.462  0.0145373
21.4816  0.0148459
21.5012  0.0151829
21.5208  0.015548
21.5404  0.0159411
21.56  0.0163618
21.5796  0.01681
21.5992  0.0172852
21.6188  0.0177872
21.6384  0.0183155
21.658  0.0188699
21.6776  0.01945
21.6972  0.0200553
21.7168  0.0206853
21.7364  0.0213397
21.756  0.0220179
21.7756  0.0227195
21.7952  0.0234438
21.8148  0.0241904
21.8344  0.0249588
21.854  0.0257482
21.8736  0.0265581
21.8932  0.027388
21.9128  0.0282371
21.9324  0.0291047
21.952  0.0299902
21.9716  0.030893
21.9912  0.0318121
22.0108  0.0327471
22.0304  0.033697
22.05  0.0346612
22.0696  0.0356389
22.0892  0.0366292
22.1088  0.0376313
22.1284  0.0386444
22.148  0.0396678
22.1676  0.0407004
22.1872  0.0417416
22.2068  0.0427905
22.2264  0.0438461
22.246  0.0449075
22.2656  0.0459739
22.2852  0.0470445
22.3048  0.0481182
22.3244  0.0491942
22.344  0.0502716
22.3636  0.0513494
22.3832  0.0524267
22.4028  0.0535027
22.4224  0.0545764
22.442  0.0556468
22.4616  0.0567131
22.4812  0.0577744
22.5008  0.0588296
22.5204  0.059878
22.54  0.0609187
22.5596  0.0619507
22.5792  0.0629731
22.5988  0.0639851
22.6184  0.0649858
22.638  0.0659744
22.6576  0.0669499
22.6772  0.0679115
22.6968  0.0688586
22.7164  0.0697901
22.736  0.0707053
22.7556  0.0716035
22.7752  0.0724837
22.7948  0.0733455
22.8144  0.0741879
22.834  0.0750103
22.8536  0.075812
22.8732  0.0765923
22.8928  0.0773505
22.9124  0.0780861
22.932  0.0787984
22.9516  0.0794868
22.9712  0.0801509
22.9908  0.0807899
23.0104  0.0814034
23.03  0.0819911
23.0496  0.0825523
23.0692  0.0830866
23.0888  0.0835936
23.1084  0.0840732
23.128  0.0845246
23.1476  0.0849477
23.1672  0.0853422
23.1868  0.0857078
23.2064  0.0860442
23.226  0.0863514
23.2456  0.086629
23.2652  0.0868769
23.2848  0.087095
23.3044  0.0872832
23.324  0.0874415
23.3436  0.0875697
23.3632  0.0876679
23.3828  0.0877361
23.4024  0.0877743
23.422  0.0877828
23.4416  0.0877614
23.4612  0.0877105
23.4808  0.08763
23.5004  0.0875202
23.52  0.0873814
23.5396  0.0872138
23.5592  0.0870175
23.5788  0.086793
23.5984  0.0865407
23.618  0.0862607
23.6376  0.0859535
23.6572  0.0856194
23.6768  0.0852589
23.6964  0.0848724
23.716  0.0844604
23.7356  0.0840233
23.7552  0.0835616
23.7748  0.083076
23.7944  0.0825668
23.814  0.0820347
23.8336  0.0814802
23.8532  0.080904
23.8728  0.0803065
23.8924  0.0796884
23.912  0.0790506
23.9316  0.0783933
23.9512  0.0777174
23.9708  0.0770235
23.9904  0.0763123
24.01  0.0755846
24.0296  0.0748409
24.0492  0.074082
24.0688  0.0733085
24.0884  0.0725213
24.108  0.071721
24.1276  0.0709083
24.1472  0.070084
24.1668  0.0692487
24.1864  0.0684033
24.206  0.0675483
24.2256  0.0666846
24.2452  0.065813
24.2648  0.0649339
24.2844  0.0640483
24.304  0.0631568
24.3236  0.0622601
24.3432  0.0613589
24.3628  0.060454
24.3824  0.0595458
24.402  0.0586354
24.4216  0.0577231
24.4412  0.0568097
24.4608  0.0558958
24.4804  0.0549822
24.5  0.0540693
24.5196  0.0531578
24.5392  0.0522484
24.5588  0.0513414
24.5784  0.0504378
24.598  0.0495378
24.6176  0.0486422
24.6372  0.0477512
24.6568  0.0468657
24.6764  0.0459859
24.696  0.0451123
24.7156  0.0442456
24.7352  0.043386
24.7548  0.0425341
24.7744  0.0416903
24.794  0.0408548
24.8136  0.0400282
24.8332  0.0392108
24.8528  0.0384029
24.8724  0.0376049
24.892  0.0368169
24.9116  0.0360395
24.9312  0.0352728
24.9508  0.0345171
24.9704  0.0337726
24.99  0.0330396
25.0096  0.0323182
25.0292  0.0316086
25.0488  0.0309112
25.0684  0.0302258
25.088  0.0295528
25.1076  0.0288923
25.1272  0.0282442
25.1468  0.0276088
25.1664  0.0269862
25.186  0.0263763
25.2056  0.0257792
25.2252  0.0251951
25.2448  0.0246239
25.2644  0.0240656
25.284  0.0235201
25.3036  0.0229876
25.3232  0.022468
25.3428  0.0219613
25.3624  0.0214674
25.382  0.0209862
25.4016  0.0205176
25.4212  0.0200617
25.4408  0.0196184
25.4604  0.0191875
25.48  0.0187689
25.4996  0.0183626
25.5192  0.0179685
25.5388  0.0175864
25.5584  0.0172162
25.578  0.0168578
25.5976  0.0165111
25.6172  0.0161758
25.6368  0.015852
25.6564  0.0155394
25.676  0.015238
25.6956  0.0149475
25.7152  0.0146679
25.7348  0.0143989
25.7544  0.0141404
25.774  0.0138925
25.7936  0.0136547
25.8132  0.013427
25.8328  0.0132093
25.8524  0.0130014
25.872  0.0128031
25.8916  0.0126145
25.9112  0.0124352
25.9308  0.0122651
25.9504  0.0121042
25.97  0.0119523
25.9896  0.0118093
26.0092  0.011675
26.0288  0.0115493
26.0484  0.0114322
26.068  0.0113234
26.0876  0.011223
26.1072  0.0111307
26.1268  0.0110464
26.1464  0.0109702
26.166  0.0109019
26.1856  0.0108413
26.2052  0.0107884
26.2248  0.0107432
26.2444  0.0107055
26.264  0.0106753
26.2836  0.0106525
26.3032  0.010637
26.3228  0.0106287
26.3424  0.0106277
26.362  0.0106337
26.3816  0.0106469
26.4012  0.0106671
26.4208  0.0106943
26.4404  0.0107284
26.46  0.0107694
26.4796  0.0108172
26.4992  0.0108719
26.5188  0.0109333
26.5384  0.0110014
26.558  0.0110762
26.5776  0.0111576
26.5972  0.0112456
26.6168  0.0113402
26.6364  0.0114413
26.656  0.011549
26.6756  0.011663
26.6952  0.0117835
26.7148  0.0119103
26.7344  0.0120435
26.754  0.0121829
26.7736  0.0123286
26.7932  0.0124805
26.8128  0.0126386
26.8324  0.0128026
26.852  0.0129728
26.8716  0.0131489
26.8912  0.0133309
26.9108  0.0135188
26.9304  0.0137124
26.95  0.0139117
26.9696  0.0141166
26.9892  0.0143271
27.0088  0.014543
27.0284  0.0147643
27.048  0.0149909
27.0676  0.0152225
27.0872  0.0154593
27.1068  0.015701
27.1264  0.0159475
27.146  0.0161986
27.1656  0.0164544
27.1852  0.0167146
27.2048  0.0169791
27.2244  0.0172478
27.244  0.0175204
27.2636  0.0177969
27.2832  0.0180771
27.3028  0.0183609
27.3224  0.0186479
27.342  0.0189381
27.3616  0.0192314
27.3812  0.0195275
27.4008  0.0198262
27.4204  0.0201273
27.44  0.0204307
27.4596  0.0207361
27.4792  0.0210433
27.4988  0.0213522
27.5184  0.0216624
27.538  0.0219739
27.5576  0.0222863
27.5772  0.0225995
27.5968  0.0229132
27.6164  0.0232272
27.636  0.0235414
27.6556  0.0238553
27.6752  0.0241689
27.6948  0.0244819
27.7144  0.024794
27.734  0.0251051
27.7536  0.0254148
27.7732  0.0257231
27.7928  0.0260295
27.8124  0.026334
27.832  0.0266363
27.8516  0.0269362
27.8712  0.0272334
27.8908  0.0275277
27.9104  0.0278189
27.93  0.0281068
27.9496  0.0283912
27.9692  0.028672
27.9888  0.0289487
28.0084  0.0292213
28.028  0.0294897
28.0476  0.0297534
28.0672  0.0300126
28.0868  0.0302669
28.1064  0.0305162
28.126  0.0307602
28.1456  0.030999
28.1652  0.0312322
28.1848  0.0314598
28.2044  0.0316816
28.224  0.0318975
28.2436  0.0321073
28.2632  0.032311
28.2828  0.0325085
28.3024  0.0326996
28.322  0.0328843
28.3416  0.0330624
28.3612  0.0332339
28.3808  0.0333987
28.4004  0.0335569
28.42  0.0337083
28.4396  0.0338528
28.4592  0.0339904
28.4788  0.0341212
28.4984  0.0342451
28.518  0.034362
28.5376  0.0344721
28.5572  0.0345752
28.5768  0.0346715
28.5964  0.0347608
28.616  0.0348433
28.6356  0.0349191
28.6552  0.034988
28.6748  0.0350502
28.6944  0.0351057
28.714  0.0351547
28.7336  0.0351971
28.7532  0.0352331
28.7728  0.0352627
28.7924  0.035286
28.812  0.0353031
28.8316  0.0353142
28.8512  0.0353192
28.8708  0.0353183
28.8904  0.0353116
28.91  0.0352993
28.9296  0.0352815
28.9492  0.0352582
28.9688  0.0352295
28.9884  0.0351957
29.008  0.0351568
29.0276  0.0351131
29.0472  0.0350645
29.0668  0.0350111
29.0864  0.0349533
29.106  0.0348911
29.1256  0.0348246
29.1452  0.0347539
29.1648  0.0346792
29.1844  0.0346007
29.204  0.0345184
29.2236  0.0344324
29.2432  0.0343429
29.2628  0.0342501
29.2824  0.0341539
29.302  0.0340547
29.3216  0.0339524
29.3412  0.0338471
29.3608  0.0337391
29.3804  0.0336283
29.4  0.0335149
