-44.1  4.62285e-05
-44.0706  4.17743e-05
-44.0412  3.75275e-05
-44.0118  3.3519e-05
-43.9824  2.97785e-05
-43.953  2.63356e-05
-43.9236  2.32203e-05
-43.8942  2.0459e-05
-43.8648  1.80816e-05
-43.8354  1.61121e-05
-43.806  1.45748e-05
-43.7766  1.34948e-05
-43.7472  1.2894e-05
-43.7178  1.27912e-05
-43.6884  1.32065e-05
-43.659  1.41561e-05
-43.6296  1.56549e-05
-43.6002  1.77137e-05
-43.5708  2.03446e-05
-43.5414  2.35567e-05
-43.512  2.73526e-05
-43.4826  3.17384e-05
-43.4532  3.67135e-05
-43.4238  4.22778e-05
-43.3944  4.84267e-05
-43.365  5.51533e-05
-43.3356  6.24508e-05
-43.3062  7.03072e-05
-43.2768  7.87078e-05
-43.2474  8.76368e-05
-43.218  9.70792e-05
-43.1886  0.00010701
-43.1592  0.000117407
-43.1298  0.000128247
-43.1004  0.000139502
-43.071  0.000151144
-43.0416  0.000163144
-43.0122  0.000175468
-42.9828  0.000188079
-42.9534  0.000200945
-42.924  0.000214033
-42.8946  0.000227307
-42.8652  0.000240716
-42.8358  0.000254232
-42.8064  0.00026781
-42.777  0.000281415
-42.7476  0.000295003
-42.7182  0.000308538
-42.6888  0.000321974
-42.6594  0.000335269
-42.63  0.000348393
-42.6006  0.000361307
-42.5712  0.000373967
-42.5418  0.000386337
-42.5124  0.000398376
-42.483  0.000410066
-42.4536  0.000421363
-42.4242  0.000432236
-42.3948  0.000442663
-42.3654  0.000452604
-42.336  0.000462046
-42.3066  0.000470955
-42.2772  0.000479329
-42.2478  0.000487124
-42.2184  0.000494346
-42.189  0.000500968
-42.1596  0.000506984
-42.1302  0.000512386
-42.1008  0.000517174
-42.0714  0.000521328
-42.042  0.000524864
-42.0126  0.000527784
-41.9832  0.000530088
-41.9538  0.000531778
-41.9244  0.000532884
-41.895  0.000533395
-41.8656  0.000533344
-41.8362  0.00053274
-41.8068  0.000531607
-41.7774  0.000529974
-41.748  0.000527849
-41.7186  0.000525271
-41.6892  0.000522268
-41.6598  0.00051886
-41.6304  0.000515084
-41.601  0.000510986
-41.5716  0.000506583
-41.5422  0.00050192
-41.5128  0.000497027
-41.4834  0.000491941
-41.454  0.000486702
-41.4246  0.000481358
-41.3952  0.000475931
-41.3658  0.000470465
-41.3364  0.000464996
-41.307  0.000459572
-41.2776  0.000454219
-41.2482  0.00044897
-41.2188  0.000443877
-41.1894  0.000438959
-41.16  0.000434265
-41.1306  0.000429819
-41.1012  0.00042564
-41.0718  0.000421775
-41.0424  0.000418236
-41.013  0.000415064
-40.9836  0.00041228
-40.9542  0.000409895
-40.9248  0.000407939
-40.8954  0.000406423
-40.866  0.000405373
-40.8366  0.000404791
-40.8072  0.000404692
-40.7778  0.000405086
-40.7484  0.00040598
-40.719  0.000407374
-40.6896  0.00040928
-40.6602  0.000411679
-40.6308  0.000414587
-40.6014  0.000417996
-40.572  0.000421895
-40.5426  0.000426274
-40.5132  0.000431131
-40.4838  0.000436444
-40.4544  0.000442209
-40.425  0.000448404
-40.3956  0.000455007
-40.3662  0.000462017
-40.3368  0.000469396
-40.3074  0.000477141
-40.278  0.000485227
-40.2486  0.000493627
-40.2192  0.000502314
-40.1898  0.000511281
-40.1604  0.0005205
-40.131  0.000529938
-40.1016  0.000539591
-40.0722  0.000549426
-40.0428  0.000559421
-40.0134  0.000569561
-39.984  0.000579815
-39.9546  0.000590177
-39.9252  0.000600618
-39.8958  0.000611132
-39.8664  0.000621693
-39.837  0.00063229
-39.8076  0.000642909
-39.7782  0.000653543
-39.7488  0.000664187
-39.7194  0.000674821
-39.69  0.000685451
-39.6606  0.000696065
-39.6312  0.000706655
-39.6018  0.00071724
-39.5724  0.000727811
-39.543  0.000738368
-39.5136  0.00074892
-39.4842  0.000759478
-39.4548  0.000770046
-39.4254  0.00078064
-39.396  0.000791279
-39.3666  0.000801961
-39.3372  0.000812713
-39.3078  0.000823552
-39.2784  0.000834494
-39.249  0.00084556
-39.2196  0.000856774
-39.1902  0.000868151
-39.1608  0.000879728
-39.1314  0.000891513
-39.102  0.000903536
-39.0726  0.000915828
-39.0432  0.000928406
-39.0138  0.00094129
-38.9844  0.00095451
-38.955  0.000968095
-38.9256  0.000982056
-38.8962  0.000996428
-38.8668  0.00101121
-38.8374  0.00102645
-38.808  0.00104214
-38.7786  0.00105832
-38.7492  0.00107498
-38.7198  0.00109215
-38.6904  0.00110984
-38.661  0.00112806
-38.6316  0.0011468
-38.6022  0.00116608
-38.5728  0.0011859
-38.5434  0.00120625
-38.514  0.00122712
-38.4846  0.00124852
-38.4552  0.00127043
-38.4258  0.00129283
-38.3964  0.00131572
-38.367  0.00133906
-38.3376  0.00136283
-38.3082  0.00138702
-38.2788  0.00141159
-38.2494  0.00143651
-38.22  0.00146172
-38.1906  0.00148721
-38.1612  0.00151294
-38.1318  0.00153886
-38.1024  0.00156491
-38.073  0.00159104
-38.0436  0.00161722
-38.0142  0.00164337
-37.9848  0.00166945
-37.9554  0.00169541
-37.926  0.00172116
-37.8966  0.00174667
-37.8672  0.00177184
-37.8378  0.00179663
-37.8084  0.00182098
-37.779  0.00184482
-37.7496  0.00186807
-37.7202  0.00189068
-37.6908  0.00191256
-37.6614  0.00193369
-37.632  0.00195397
-37.6026  0.00197332
-37.5732  0.00199171
-37.5438  0.00200906
-37.5144  0.00202534
-37.485  0.00204043
-37.4556  0.00205435
-37.4262  0.00206698
-37.3968  0.00207831
-37.3674  0.00208827
-37.338  0.00209683
-37.3086  0.00210394
-37.2792  0.00210955
-37.2498  0.00211366
-37.2204  0.0021162
-37.191  0.00211715
-37.1616  0.00211651
-37.1322  0.00211423
-37.1028  0.00211032
-37.0734  0.00210476
-37.044  0.00209754
-37.0146  0.00208866
-36.9852  0.00207812
-36.9558  0.00206594
-36.9264  0.00205212
-36.897  0.00203667
-36.8676  0.00201962
-36.8382  0.00200099
-36.8088  0.00198083
-36.7794  0.00195913
-36.75  0.00193597
-36.7206  0.00191137
-36.6912  0.00188537
-36.6618  0.00185804
-36.6324  0.00182944
-36.603  0.00179958
-36.5736  0.00176855
-36.5442  0.00173642
-36.5148  0.00170324
-36.4854  0.00166908
-36.456  0.00163401
-36.4266  0.00159811
-36.3972  0.00156145
-36.3678  0.00152408
-36.3384  0.00148613
-36.309  0.00144763
-36.2796  0.00140868
-36.2502  0.00136935
-36.2208  0.00132972
-36.1914  0.00128987
-36.162  0.00124989
-36.1326  0.00120986
-36.1032  0.00116982
-36.0738  0.00112989
-36.0444  0.00109013
-36.015  0.00105062
-35.9856  0.0010114
-35.9562  0.000972584
-35.9268  0.000934213
-35.8974  0.000896363
-35.868  0.000859095
-35.8386  0.000822461
-35.8092  0.000786539
-35.7798  0.000751356
-35.7504  0.00071698
-35.721  0.000683456
-35.6916  0.000650833
-35.6622  0.000619142
-35.6328  0.000588427
-35.6034  0.000558721
-35.574  0.000530046
-35.5446  0.000502448
-35.5152  0.000475924
-35.4858  0.000450515
-35.4564  0.000426222
-35.427  0.000403062
-35.3976  0.000381041
-35.3682  0.000360173
-35.3388  0.000340445
-35.3094  0.000321861
-35.28  0.000304417
-35.2506  0.000288101
-35.2212  0.000272898
-35.1918  0.000258796
-35.1624  0.000245784
-35.133  0.00023383
-35.1036  0.000222918
-35.0742  0.000213018
-35.0448  0.000204104
-35.0154  0.000196149
-34.986  0.000189116
-34.9566  0.000182981
-34.9272  0.000177704
-34.8978  0.000173245
-34.8684  0.000169573
-34.839  0.000166647
-34.8096  0.000164431
-34.7802  0.000162883
-34.7508  0.000161966
-34.7214  0.000161639
-34.692  0.000161864
-34.6626  0.000162601
-34.6332  0.000163808
-34.6038  0.000165449
-34.5744  0.000167486
-34.545  0.000169879
-34.5156  0.000172597
-34.4862  0.000175598
-34.4568  0.000178859
-34.4274  0.000182338
-34.398  0.000186009
-34.3686  0.000189832
-34.3392  0.000193792
-34.3098  0.000197857
-34.2804  0.000202005
-34.251  0.000206208
-34.2216  0.000210447
-34.1922  0.000214708
-34.1628  0.000218963
-34.1334  0.000223209
-34.104  0.000227424
-34.0746  0.0002316
-34.0452  0.000235729
-34.0158  0.000239802
-33.9864  0.000243811
-33.957  0.000247759
-33.9276  0.000251638
-33.8982  0.000255451
-33.8688  0.000259198
-33.8394  0.000262887
-33.81  0.000266514
-33.7806  0.000270095
-33.7512  0.000273631
-33.7218  0.000277139
-33.6924  0.000280623
-33.663  0.000284098
-33.6336  0.000287575
-33.6042  0.000291075
-33.5748  0.000294606
-33.5454  0.00029819
-33.516  0.000301842
-33.4866  0.000305572
-33.4572  0.000309414
-33.4278  0.000313379
-33.3984  0.000317484
-33.369  0.000321751
-33.3396  0.0003262
-33.3102  0.000330857
-33.2808  0.000335729
-33.2514  0.000340854
-33.222  0.000346248
-33.1926  0.000351921
-33.1632  0.000357903
-33.1338  0.000364211
-33.1044  0.000370867
-33.075  0.00037789
-33.0456  0.000385307
-33.0162  0.000393128
-32.9868  0.000401374
-32.9574  0.000410061
-32.928  0.00041921
-32.8986  0.000428843
-32.8692  0.000438962
-32.8398  0.000449598
-32.8104  0.000460767
-32.781  0.000472471
-32.7516  0.000484732
-32.7222  0.000497566
-32.6928  0.000510984
-32.6634  0.000524997
-32.634  0.000539607
-32.6046  0.000554846
-32.5752  0.000570709
-32.5458  0.000587209
-32.5164  0.000604352
-32.487  0.000622153
-32.4576  0.000640609
-32.4282  0.000659733
-32.3988  0.000679536
-32.3694  0.000700012
-32.34  0.000721161
-32.3106  0.000743008
-32.2812  0.000765532
-32.2518  0.000788741
-32.2224  0.000812646
-32.193  0.000837241
-32.1636  0.000862517
-32.1342  0.000888485
-32.1048  0.00091513
-32.0754  0.000942457
-32.046  0.000970454
-32.0166  0.000999131
-31.9872  0.00102846
-31.9578  0.00105845
-31.9284  0.00108908
-31.899  0.00112035
-31.8696  0.00115224
-31.8402  0.00118475
-31.8108  0.00121785
-31.7814  0.00125156
-31.752  0.00128582
-31.7226  0.00132064
-31.6932  0.00135601
-31.6638  0.00139189
-31.6344  0.00142826
-31.605  0.00146511
-31.5756  0.00150242
-31.5462  0.00154017
-31.5168  0.00157832
-31.4874  0.00161685
-31.458  0.00165574
-31.4286  0.00169493
-31.3992  0.00173443
-31.3698  0.0017742
-31.3404  0.00181418
-31.311  0.00185439
-31.2816  0.00189473
-31.2522  0.00193521
-31.2228  0.00197578
-31.1934  0.0020164
-31.164  0.00205703
-31.1346  0.00209764
-31.1052  0.00213818
-31.0758  0.00217862
-31.0464  0.00221889
-31.017  0.00225898
-30.9876  0.00229883
-30.9582  0.00233842
-30.9288  0.00237766
-30.8994  0.00241655
-30.87  0.00245501
-30.8406  0.00249302
-30.8112  0.00253053
-30.7818  0.00256751
-30.7524  0.0026039
-30.723  0.00263964
-30.6936  0.00267471
-30.6642  0.00270907
-30.6348  0.00274267
-30.6054  0.00277547
-30.576  0.00280745
-30.5466  0.00283853
-30.5172  0.0028687
-30.4878  0.00289793
-30.4584  0.00292617
-30.429  0.00295341
-30.3996  0.00297956
-30.3702  0.00300466
-30.3408  0.00302866
-30.3114  0.00305152
-30.282  0.00307324
-30.2526  0.00309376
-30.2232  0.00311311
-30.1938  0.00313124
-30.1644  0.00314815
-30.135  0.00316381
-30.1056  0.00317825
-30.0762  0.00319142
-30.0468  0.00320334
-30.0174  0.003214
-29.988  0.00322339
-29.9586  0.00323153
-29.9292  0.00323842
-29.8998  0.00324409
-29.8704  0.0032485
-29.841  0.00325172
-29.8116  0.00325372
-29.7822  0.00325453
-29.7528  0.00325419
-29.7234  0.00325271
-29.694  0.0032501
-29.6646  0.00324642
-29.6352  0.00324165
-29.6058  0.00323587
-29.5764  0.00322907
-29.547  0.00322131
-29.5176  0.00321262
-29.4882  0.00320303
-29.4588  0.00319259
-29.4294  0.00318131
-29.4  0.00316926
-29.3706  0.00315647
-29.3412  0.00314298
-29.3118  0.00312882
-29.2824  0.00311404
-29.253  0.00309869
-29.2236  0.00308279
-29.1942  0.0030664
-29.1648  0.00304955
-29.1354  0.00303229
-29.106  0.00301464
-29.0766  0.00299665
-29.0472  0.00297837
-29.0178  0.0029598
-28.9884  0.00294102
-28.959  0.00292204
-28.9296  0.00290288
-28.9002  0.0028836
-28.8708  0.00286419
-28.8414  0.00284473
-28.812  0.0028252
-28.7826  0.00280565
-28.7532  0.00278608
-28.7238  0.00276652
-28.6944  0.00274698
-28.665  0.00272749
-28.6356  0.00270806
-28.6062  0.00268869
-28.5768  0.0026694
-28.5474  0.00265017
-28.518  0.00263104
-28.4886  0.00261198
-28.4592  0.00259304
-28.4298  0.00257414
-28.4004  0.00255534
-28.371  0.00253663
-28.3416  0.00251796
-28.3122  0.00249936
-28.2828  0.00248078
-28.2534  0.00246226
-28.224  0.00244376
-28.1946  0.00242525
-28.1652  0.00240672
-28.1358  0.00238817
-28.1064  0.00236957
-28.077  0.00235091
-28.0476  0.00233215
-28.0182  0.00231328
-27.9888  0.00229428
-27.9594  0.00227513
-27.93  0.00225581
-27.9006  0.0022363
-27.8712  0.00221657
-27.8418  0.00219661
-27.8124  0.00217638
-27.783  0.0021559
-27.7536  0.00213511
-27.7242  0.00211401
-27.6948  0.0020926
-27.6654  0.00207084
-27.636  0.00204872
-27.6066  0.00202624
-27.5772  0.00200337
-27.5478  0.00198013
-27.5184  0.00195647
-27.489  0.00193242
-27.4596  0.00190796
-27.4302  0.0018831
-27.4008  0.00185783
-27.3714  0.00183213
-27.342  0.00180605
-27.3126  0.00177955
-27.2832  0.00175267
-27.2538  0.00172539
-27.2244  0.00169775
-27.195  0.00166975
-27.1656  0.0016414
-27.1362  0.00161273
-27.1068  0.00158374
-27.0774  0.00155447
-27.048  0.00152493
-27.0186  0.00149514
-26.9892  0.00146515
-26.9598  0.00143496
-26.9304  0.00140461
-26.901  0.00137413
-26.8716  0.00134354
-26.8422  0.00131288
-26.8128  0.00128218
-26.7834  0.00125148
-26.754  0.00122081
-26.7246  0.00119019
-26.6952  0.00115968
-26.6658  0.0011293
-26.6364  0.00109909
-26.607  0.00106908
-26.5776  0.00103931
-26.5482  0.00100981
-26.5188  0.00098061
-26.4894  0.000951764
-26.46  0.000923293
-26.4306  0.000895233
-26.4012  0.000867602
-26.3718  0.000840443
-26.3424  0.000813777
-26.313  0.000787651
-26.2836  0.000762076
-26.2542  0.000737087
-26.2248  0.000712699
-26.1954  0.000688935
-26.166  0.000665823
-26.1366  0.000643388
-26.1072  0.000621638
-26.0778  0.000600587
-26.0484  0.000580247
-26.019  0.00056065
-25.9896  0.00054179
-25.9602  0.00052368
-25.9308  0.000506321
-25.9014  0.000489736
-25.872  0.000473913
-25.8426  0.000458852
-25.8132  0.000444567
-25.7838  0.000431044
-25.7544  0.000418276
-25.725  0.000406278
-25.6956  0.000395025
-25.6662  0.00038451
-25.6368  0.000374727
-25.6074  0.000365666
-25.578  0.000357318
-25.5486  0.000349652
-25.5192  0.000342676
-25.4898  0.000336352
-25.4604  0.000330674
-25.431  0.000325628
-25.4016  0.000321184
-25.3722  0.000317324
-25.3428  0.000314033
-25.3134  0.000311291
-25.284  0.000309065
-25.2546  0.000307345
-25.2252  0.0003061
-25.1958  0.00030531
-25.1664  0.000304956
-25.137  0.000305006
-25.1076  0.000305447
-25.0782  0.000306246
-25.0488  0.000307394
-25.0194  0.000308854
-24.99  0.000310612
-24.9606  0.000312646
-24.9312  0.000314932
-24.9018  0.000317452
-24.8724  0.000320187
-24.843  0.00032311
-24.8136  0.000326207
-24.7842  0.000329463
-24.7548  0.000332857
-24.7254  0.00033638
-24.696  0.000340001
-24.6666  0.000343715
-24.6372  0.000347514
-24.6078  0.000351376
-24.5784  0.000355286
-24.549  0.000359242
-24.5196  0.000363227
-24.4902  0.000367232
-24.4608  0.000371258
-24.4314  0.000375282
-24.402  0.000379312
-24.3726  0.000383335
-24.3432  0.000387353
-24.3138  0.000391354
-24.2844  0.000395334
-24.255  0.000399304
-24.2256  0.000403255
-24.1962  0.000407184
-24.1668  0.000411097
-24.1374  0.000414994
-24.108  0.00041888
-24.0786  0.000422756
-24.0492  0.000426622
-24.0198  0.000430494
-23.9904  0.000434372
-23.961  0.000438257
-23.9316  0.000442162
-23.9022  0.000446091
-23.8728  0.00045006
-23.8434  0.000454074
-23.814  0.000458142
-23.7846  0.000462276
-23.7552  0.000466481
-23.7258  0.000470773
-23.6964  0.000475171
-23.667  0.00047968
-23.6376  0.000484319
-23.6082  0.000489093
-23.5788  0.000494019
-23.5494  0.000499119
-23.52  0.000504397
-23.4906  0.000509886
-23.4612  0.000515582
-23.4318  0.00052152
-23.4024  0.00052771
-23.373  0.000534156
-23.3436  0.000540897
-23.3142  0.000547935
-23.2848  0.0005553
-23.2554  0.000563007
-23.226  0.000571069
-23.1966  0.000579511
-23.1672  0.000588349
-23.1378  0.000597608
-23.1084  0.000607305
-23.079  0.000617454
-23.0496  0.000628086
-23.0202  0.00063921
-22.9908  0.000650845
-22.9614  0.000663026
-22.932  0.000675755
-22.9026  0.000689054
-22.8732  0.00070295
-22.8438  0.000717455
-22.8144  0.000732591
-22.785  0.000748371
-22.7556  0.00076481
-22.7262  0.000781937
-22.6968  0.000799751
-22.6674  0.000818281
-22.638  0.000837541
-22.6086  0.000857529
-22.5792  0.00087828
-22.5498  0.000899786
-22.5204  0.000922066
-22.491  0.000945124
-22.4616  0.000968983
-22.4322  0.00099364
-22.4028  0.00101909
-22.3734  0.00104534
-22.344  0.00107242
-22.3146  0.0011003
-22.2852  0.00112899
-22.2558  0.0011585
-22.2264  0.0011888
-22.197  0.00121992
-22.1676  0.00125182
-22.1382  0.00128449
-22.1088  0.00131795
-22.0794  0.00135217
-22.05  0.00138712
-22.0206  0.00142282
-21.9912  0.00145921
-21.9618  0.0014963
-21.9324  0.00153408
-21.903  0.00157247
-21.8736  0.0016115
-21.8442  0.00165111
-21.8148  0.00169129
-21.7854  0.001732
-21.756  0.00177321
-21.7266  0.00181488
-21.6972  0.00185699
-21.6678  0.00189947
-21.6384  0.00194233
-21.609  0.00198549
-21.5796  0.00202892
-21.5502  0.00207258
-21.5208  0.00211643
-21.4914  0.0021604
-21.462  0.00220448
-21.4326  0.00224861
-21.4032  0.00229274
-21.3738  0.00233681
-21.3444  0.00238081
-21.315  0.00242465
-21.2856  0.00246831
-21.2562  0.00251173
-21.2268  0.00255485
-21.1974  0.00259765
-21.168  0.00264006
-21.1386  0.00268204
-21.1092  0.00272355
-21.0798  0.00276452
-21.0504  0.00280494
-21.021  0.00284475
-20.9916  0.0028839
-20.9622  0.00292234
-20.9328  0.00296006
-20.9034  0.00299699
-20.874  0.00303311
-20.8446  0.00306838
-20.8152  0.00310277
-20.7858  0.00313623
-20.7564  0.00316874
-20.727  0.00320028
-20.6976  0.00323081
-20.6682  0.0032603
-20.6388  0.00328874
-20.6094  0.00331609
-20.58  0.00334236
-20.5506  0.00336749
-20.5212  0.00339149
-20.4918  0.00341436
-20.4624  0.00343605
-20.433  0.00345657
-20.4036  0.00347594
-20.3742  0.00349411
-20.3448  0.00351109
-20.3154  0.00352687
-20.286  0.00354146
-20.2566  0.00355486
-20.2272  0.00356708
-20.1978  0.00357811
-20.1684  0.00358794
-20.139  0.00359661
-20.1096  0.0036041
-20.0802  0.00361044
-20.0508  0.00361566
-20.0214  0.0036197
-19.992  0.00362263
-19.9626  0.00362444
-19.9332  0.00362515
-19.9038  0.00362479
-19.8744  0.00362335
-19.845  0.00362084
-19.8156  0.00361729
-19.7862  0.00361274
-19.7568  0.00360715
-19.7274  0.00360057
-19.698  0.003593
-19.6686  0.00358448
-19.6392  0.00357501
-19.6098  0.00356461
-19.5804  0.00355328
-19.551  0.00354107
-19.5216  0.00352794
-19.4922  0.00351396
-19.4628  0.00349911
-19.4334  0.0034834
-19.404  0.00346686
-19.3746  0.00344952
-19.3452  0.00343136
-19.3158  0.0034124
-19.2864  0.00339266
-19.257  0.00337213
-19.2276  0.00335086
-19.1982  0.00332882
-19.1688  0.00330605
-19.1394  0.00328256
-19.11  0.00325833
-19.0806  0.00323341
-19.0512  0.00320777
-19.0218  0.00318146
-18.9924  0.00315446
-18.963  0.00312681
-18.9336  0.00309851
-18.9042  0.00306955
-18.8748  0.00303996
-18.8454  0.00300975
-18.816  0.00297895
-18.7866  0.00294754
-18.7572  0.00291556
-18.7278  0.00288304
-18.6984  0.00284994
-18.669  0.00281632
-18.6396  0.0027822
-18.6102  0.00274759
-18.5808  0.0027125
-18.5514  0.00267696
-18.522  0.00264101
-18.4926  0.00260464
-18.4632  0.0025679
-18.4338  0.00253082
-18.4044  0.00249341
-18.375  0.00245568
-18.3456  0.0024177
-18.3162  0.00237949
-18.2868  0.00234106
-18.2574  0.00230246
-18.228  0.00226373
-18.1986  0.0022249
-18.1692  0.00218599
-18.1398  0.00214706
-18.1104  0.00210813
-18.081  0.00206925
-18.0516  0.00203043
-18.0222  0.00199175
-17.9928  0.00195323
-17.9634  0.00191489
-17.934  0.00187679
-17.9046  0.00183897
-17.8752  0.00180147
-17.8458  0.00176431
-17.8164  0.00172757
-17.787  0.00169123
-17.7576  0.00165537
-17.7282  0.00162001
-17.6988  0.0015852
-17.6694  0.00155093
-17.64  0.00151729
-17.6106  0.00148427
-17.5812  0.00145193
-17.5518  0.00142027
-17.5224  0.00138934
-17.493  0.00135915
-17.4636  0.00132974
-17.4342  0.00130109
-17.4048  0.00127327
-17.3754  0.00124628
-17.346  0.00122012
-17.3166  0.00119482
-17.2872  0.00117037
-17.2578  0.0011468
-17.2284  0.00112409
-17.199  0.00110229
-17.1696  0.00108134
-17.1402  0.00106128
-17.1108  0.00104209
-17.0814  0.00102379
-17.052  0.00100633
-17.0226  0.000989729
-16.9932  0.000973978
-16.9638  0.00095905
-16.9344  0.000944925
-16.905  0.000931592
-16.8756  0.00091905
-16.8462  0.000907249
-16.8168  0.000896178
-16.7874  0.000885828
-16.758  0.000876163
-16.7286  0.000867149
-16.6992  0.00085878
-16.6698  0.000851019
-16.6404  0.000843837
-16.611  0.000837214
-16.5816  0.000831122
-16.5522  0.000825534
-16.5228  0.000820401
-16.4934  0.000815726
-16.464  0.000811477
-16.4346  0.00080762
-16.4052  0.000804143
-16.3758  0.000801001
-16.3464  0.000798189
-16.317  0.000795682
-16.2876  0.000793454
-16.2582  0.000791491
-16.2288  0.000789765
-16.1994  0.000788275
-16.17  0.000787001
-16.1406  0.000785925
-16.1112  0.000785035
-16.0818  0.000784329
-16.0524  0.000783799
-16.023  0.000783415
-15.9936  0.000783209
-15.9642  0.000783156
-15.9348  0.000783248
-15.9054  0.000783499
-15.876  0.000783901
-15.8466  0.000784459
-15.8172  0.000785184
-15.7878  0.000786072
-15.7584  0.000787125
-15.729  0.000788366
-15.6996  0.000789773
-15.6702  0.000791383
-15.6408  0.000793192
-15.6114  0.000795204
-15.582  0.000797437
-15.5526  0.000799896
-15.5232  0.000802588
-15.4938  0.000805512
-15.4644  0.000808692
-15.435  0.000812123
-15.4056  0.000815813
-15.3762  0.000819764
-15.3468  0.000823989
-15.3174  0.00082847
-15.288  0.000833233
-15.2586  0.000838252
-15.2292  0.000843526
-15.1998  0.000849064
-15.1704  0.000854844
-15.141  0.000860869
-15.1116  0.0008671
-15.0822  0.00087356
-15.0528  0.000880207
-15.0234  0.000887022
-14.994  0.000893994
-14.9646  0.000901082
-14.9352  0.000908279
-14.9058  0.000915538
-14.8764  0.000922836
-14.847  0.000930133
-14.8176  0.00093741
-14.7882  0.000944607
-14.7588  0.000951694
-14.7294  0.00095863
-14.7  0.000965372
-14.6706  0.000971871
-14.6412  0.000978081
-14.6118  0.000983958
-14.5824  0.000989459
-14.553  0.000994518
-14.5236  0.000999114
-14.4942  0.00100318
-14.4648  0.00100667
-14.4354  0.00100954
-14.406  0.00101174
-14.3766  0.00101323
-14.3472  0.00101395
-14.3178  0.00101388
-14.2884  0.00101297
-14.259  0.00101119
-14.2296  0.00100848
-14.2002  0.00100483
-14.1708  0.00100021
-14.1414  0.000994594
-14.112  0.00098795
-14.0826  0.000980254
-14.0532  0.000971518
-14.0238  0.000961705
-13.9944  0.000950827
-13.965  0.000938873
-13.9356  0.000925854
-13.9062  0.000911768
-13.8768  0.000896646
-13.8474  0.000880489
-13.818  0.000863326
-13.7886  0.000845188
-13.7592  0.000826105
-13.7298  0.000806115
-13.7004  0.000785263
-13.671  0.000763609
-13.6416  0.000741177
-13.6122  0.000718044
-13.5828  0.000694261
-13.5534  0.000669903
-13.524  0.000645035
-13.4946  0.000619725
-13.4652  0.000594055
-13.4358  0.000568099
-13.4064  0.000541933
-13.377  0.00051564
-13.3476  0.000489325
-13.3182  0.000463044
-13.2888  0.000436899
-13.2594  0.000410982
-13.23  0.000385372
-13.2006  0.000360157
-13.1712  0.000335429
-13.1418  0.000311267
-13.1124  0.000287757
-13.083  0.000264977
-13.0536  0.000243011
-13.0242  0.000221928
-12.9948  0.000201811
-12.9654  0.000182715
-12.936  0.000164716
-12.9066  0.000147869
-12.8772  0.000132229
-12.8478  0.000117844
-12.8184  0.00010476
-12.789  9.30113e-05
-12.7596  8.26342e-05
-12.7302  7.36543e-05
-12.7008  6.60893e-05
-12.6714  5.99499e-05
-12.642  5.52454e-05
-12.6126  5.19724e-05
-12.5832  5.01254e-05
-12.5538  4.96844e-05
-12.5244  5.06329e-05
-12.495  5.29408e-05
-12.4656  5.65715e-05
-12.4362  6.14834e-05
-12.4068  6.76313e-05
-12.3774  7.49576e-05
-12.348  8.34047e-05
-12.3186  9.29053e-05
-12.2892  0.000103391
-12.2598  0.000114784
-12.2304  0.000127007
-12.201  0.000139974
-12.1716  0.000153599
-12.1422  0.000167788
-12.1128  0.000182454
-12.0834  0.000197496
-12.054  0.000212821
-12.0246  0.000228333
-11.9952  0.000243929
-11.9658  0.000259513
-11.9364  0.000274989
-11.907  0.000290265
-11.8776  0.000305237
-11.8482  0.000319823
-11.8188  0.000333934
-11.7894  0.000347478
-11.76  0.000360378
-11.7306  0.000372565
-11.7012  0.000383954
-11.6718  0.000394489
-11.6424  0.00040411
-11.613  0.000412757
-11.5836  0.00042038
-11.5542  0.000426954
-11.5248  0.000432434
-11.4954  0.000436798
-11.466  0.000440023
-11.4366  0.000442104
-11.4072  0.000443041
-11.3778  0.000442834
-11.3484  0.000441508
-11.319  0.000439059
-11.2896  0.000435547
-11.2602  0.000430986
-11.2308  0.000425425
-11.2014  0.000418924
-11.172  0.00041154
-11.1426  0.000403328
-11.1132  0.00039437
-11.0838  0.000384736
-11.0544  0.000374512
-11.025  0.000363785
-10.9956  0.000352642
-10.9662  0.000341184
-10.9368  0.000329512
-10.9074  0.000317715
-10.878  0.000305912
-10.8486  0.000294196
-10.8192  0.000282682
-10.7898  0.000271465
-10.7604  0.000260655
-10.731  0.000250355
-10.7016  0.000240672
-10.6722  0.000231692
-10.6428  0.000223521
-10.6134  0.000216248
-10.584  0.000209959
-10.5546  0.000204738
-10.5252  0.000200665
-10.4958  0.000197805
-10.4664  0.000196225
-10.437  0.000195978
-10.4076  0.00019712
-10.3782  0.000199689
-10.3488  0.00020372
-10.3194  0.000209237
-10.29  0.000216261
-10.2606  0.000224799
-10.2312  0.000234848
-10.2018  0.000246403
-10.1724  0.000259452
-10.143  0.00027395
-10.1136  0.000289888
-10.0842  0.000307208
-10.0548  0.000325868
-10.0254  0.000345804
-9.996  0.000366961
-9.9666  0.00038926
-9.9372  0.000412625
-9.9078  0.000436985
-9.8784  0.000462241
-9.849  0.000488315
-9.8196  0.000515096
-9.7902  0.000542507
-9.7608  0.000570443
-9.7314  0.000598801
-9.702  0.000627482
-9.6726  0.000656399
-9.6432  0.000685448
-9.6138  0.000714535
-9.5844  0.000743574
-9.555  0.000772486
-9.5256  0.000801186
-9.4962  0.000829605
-9.4668  0.000857669
-9.4374  0.000885338
-9.408  0.000912557
-9.3786  0.000939291
-9.3492  0.000965511
-9.3198  0.00099121
-9.2904  0.00101639
-9.261  0.00104106
-9.2316  0.00106525
-9.2022  0.00108902
-9.1728  0.0011124
-9.1434  0.00113549
-9.114  0.00115838
-9.0846  0.00118116
-9.0552  0.00120399
-9.0258  0.001227
-8.9964  0.00125037
-8.967  0.00127428
-8.9376  0.00129893
-8.9082  0.00132456
-8.8788  0.00135141
-8.8494  0.00137977
-8.82  0.00140991
-8.7906  0.00144215
-8.7612  0.00147681
-8.7318  0.00151429
-8.7024  0.00155491
-8.673  0.00159913
-8.6436  0.00164734
-8.6142  0.0017
-8.5848  0.0017576
-8.5554  0.00182061
-8.526  0.00188958
-8.4966  0.00196505
-8.4672  0.0020476
-8.4378  0.00213784
-8.4084  0.0022364
-8.379  0.00234395
-8.3496  0.00246118
-8.3202  0.00258884
-8.2908  0.00272768
-8.2614  0.00287851
-8.232  0.00304215
-8.2026  0.00321951
-8.1732  0.0034115
-8.1438  0.00361911
-8.1144  0.00384335
-8.085  0.00408529
-8.0556  0.00434605
-8.0262  0.00462688
-7.9968  0.00492898
-7.9674  0.00525373
-7.938  0.00560248
-7.9086  0.00597676
-7.8792  0.00637814
-7.8498  0.00680825
-7.8204  0.00726891
-7.791  0.00776195
-7.7616  0.00828937
-7.7322  0.00885331
-7.7028  0.00945599
-7.6734  0.0100998
-7.644  0.0107873
-7.6146  0.0115212
-7.5852  0.0123043
-7.5558  0.0131397
-7.5264  0.0140307
-7.497  0.0149807
-7.4676  0.0159935
-7.4382  0.0170729
-7.4088  0.0182232
-7.3794  0.0194489
-7.35  0.0207546
-7.3206  0.0221454
-7.2912  0.0236268
-7.2618  0.0252043
-7.2324  0.0268843
-7.203  0.028673
-7.1736  0.0305774
-7.1442  0.032605
-7.1148  0.0347633
-7.0854  0.0370608
-7.056  0.0395062
-7.0266  0.0421089
-6.9972  0.0448787
-6.9678  0.0478262
-6.9384  0.0509626
-6.909  0.0542997
-6.8796  0.0578501
-6.8502  0.061627
-6.8208  0.0656446
-6.7914  0.0699179
-6.762  0.0744625
-6.7326  0.0792953
-6.7032  0.084434
-6.6738  0.0898973
-6.6444  0.095705
-6.615  0.101878
-6.5856  0.108439
-6.5562  0.11541
-6.5268  0.122818
-6.4974  0.130686
-6.468  0.139044
-6.4386  0.14792
-6.4092  0.157346
-6.3798  0.167352
-6.3504  0.177973
-6.321  0.189246
-6.2916  0.201207
-6.2622  0.213896
-6.2328  0.227357
-6.2034  0.241631
-6.174  0.256767
-6.1446  0.272812
-6.1152  0.289817
-6.0858  0.307837
-6.0564  0.326929
-6.027  0.347151
-5.9976  0.368565
-5.9682  0.391238
-5.9388  0.415237
-5.9094  0.440634
-5.88  0.467506
-5.8506  0.49593
-5.8212  0.525989
-5.7918  0.557771
-5.7624  0.591364
-5.733  0.626864
-5.7036  0.664371
-5.6742  0.703986
-5.6448  0.745818
-5.6154  0.78998
-5.586  0.836589
-5.5566  0.885768
-5.5272  0.937644
-5.4978  0.992351
-5.4684  1.05003
-5.439  1.11082
-5.4096  1.17487
-5.3802  1.24235
-5.3508  1.31341
-5.3214  1.38822
-5.292  1.46695
-5.2626  1.54979
-5.2332  1.63693
-5.2038  1.72856
-5.1744  1.82488
-5.145  1.92611
-5.1156  2.03246
-5.0862  2.14415
-5.0568  2.26141
-5.0274  2.38449
-4.998  2.51362
-4.9686  2.64908
-4.9392  2.79111
-4.9098  2.93999
-4.8804  3.09599
-4.851  3.2594
-4.8216  3.43053
-4.7922  3.60966
-4.7628  3.79711
-4.7334  3.9932
-4.704  4.19825
-4.6746  4.41261
-4.6452  4.6366
-4.6158  4.87059
-4.5864  5.11493
-4.557  5.36999
-4.5276  5.63613
-4.4982  5.91376
-4.4688  6.20324
-4.4394  6.50498
-4.41  6.81937
-4.3806  7.14684
-4.3512  7.48779
-4.3218  7.84264
-4.2924  8.21183
-4.263  8.59579
-4.2336  8.99495
-4.2042  9.40976
-4.1748  9.84066
-4.1454  10.2881
-4.116  10.7526
-4.0866  11.2345
-4.0572  11.7343
-4.0278  12.2525
-3.9984  12.7896
-3.969  13.346
-3.9396  13.9221
-3.9102  14.5185
-3.8808  15.1357
-3.8514  15.774
-3.822  16.4339
-3.7926  17.1159
-3.7632  17.8205
-3.7338  18.548
-3.7044  19.299
-3.675  20.0739
-3.6456  20.873
-3.6162  21.697
-3.5868  22.546
-3.5574  23.4206
-3.528  24.3212
-3.4986  25.2481
-3.4692  26.2017
-3.4398  27.1823
-3.4104  28.1904
-3.381  29.2262
-3.3516  30.29
-3.3222  31.3822
-3.2928  32.503
-3.2634  33.6527
-3.234  34.8316
-3.2046  36.0397
-3.1752  37.2774
-3.1458  38.5448
-3.1164  39.8421
-3.087  41.1694
-3.0576  42.5268
-3.0282  43.9143
-2.9988  45.332
-2.9694  46.78
-2.94  48.2582
-2.9106  49.7666
-2.8812  51.3051
-2.8518  52.8736
-2.8224  54.472
-2.793  56.1001
-2.7636  57.7576
-2.7342  59.4445
-2.7048  61.1603
-2.6754  62.9049
-2.646  64.6778
-2.6166  66.4786
-2.5872  68.307
-2.5578  70.1625
-2.5284  72.0446
-2.499  73.9528
-2.4696  75.8865
-2.4402  77.8451
-2.4108  79.8279
-2.3814  81.8344
-2.352  83.8636
-2.3226  85.915
-2.2932  87.9876
-2.2638  90.0807
-2.2344  92.1934
-2.205  94.3247
-2.1756  96.4737
-2.1462  98.6394
-2.1168  100.821
-2.0874  103.017
-2.058  105.226
-2.0286  107.448
-1.9992  109.681
-1.9698  111.925
-1.9404  114.177
-1.911  116.436
-1.8816  118.702
-1.8522  120.972
-1.8228  123.247
-1.7934  125.523
-1.764  127.8
-1.7346  130.076
-1.7052  132.351
-1.6758  134.621
-1.6464  136.887
-1.617  139.146
-1.5876  141.397
-1.5582  143.638
-1.5288  145.867
-1.4994  148.084
-1.47  150.287
-1.4406  152.474
-1.4112  154.643
-1.3818  156.792
-1.3524  158.921
-1.323  161.028
-1.2936  163.11
-1.2642  165.167
-1.2348  167.197
-1.2054  169.198
-1.176  171.168
-1.1466  173.107
-1.1172  175.012
-1.0878  176.881
-1.0584  178.715
-1.029  180.51
-0.9996  182.265
-0.9702  183.98
-0.9408  185.652
-0.9114  187.28
-0.882  188.862
-0.8526  190.398
-0.8232  191.887
-0.7938  193.326
-0.7644  194.714
-0.735  196.051
-0.7056  197.335
-0.6762  198.564
-0.6468  199.739
-0.6174  200.858
-0.588  201.919
-0.5586  202.923
-0.5292  203.868
-0.4998  204.752
-0.4704  205.577
-0.441  206.339
-0.4116  207.04
-0.3822  207.678
-0.3528  208.253
-0.3234  208.765
-0.294  209.212
-0.2646  209.594
-0.2352  209.911
-0.2058  210.164
-0.1764  210.35
-0.147  210.471
-0.1176  210.526
-0.0882  210.516
-0.0588  210.439
-0.0294  210.297
-6.77626e-15  210.09
0.0294  209.817
0.0588  209.478
0.0882  209.075
0.1176  208.607
0.147  208.076
0.1764  207.481
0.2058  206.822
0.2352  206.102
0.2646  205.319
0.294  204.476
0.3234  203.572
0.3528  202.608
0.3822  201.587
0.4116  200.507
0.441  199.371
0.4704  198.178
0.4998  196.932
0.5292  195.631
0.5586  194.278
0.588  192.874
0.6174  191.42
0.6468  189.917
0.6762  188.367
0.7056  186.77
0.735  185.129
0.7644  183.444
0.7938  181.718
0.8232  179.951
0.8526  178.144
0.882  176.3
0.9114  174.42
0.9408  172.506
0.9702  170.559
0.9996  168.58
1.029  166.571
1.0584  164.534
1.0878  162.47
1.1172  160.382
1.1466  158.27
1.176  156.136
1.2054  153.981
1.2348  151.808
1.2642  149.619
1.2936  147.413
1.323  145.194
1.3524  142.962
1.3818  140.72
1.4112  138.469
1.4406  136.209
1.47  133.944
1.4994  131.674
1.5288  129.402
1.5582  127.127
1.5876  124.852
1.617  122.579
1.6464  120.308
1.6758  118.041
1.7052  115.779
1.7346  113.524
1.764  111.277
1.7934  109.039
1.8228  106.812
1.8522  104.596
1.8816  102.393
1.911  100.203
1.9404  98.0289
1.9698  95.8704
1.9992  93.729
2.0286  91.6055
2.058  89.501
2.0874  87.4163
2.1168  85.3522
2.1462  83.3096
2.1756  81.2893
2.205  79.292
2.2344  77.3185
2.2638  75.3694
2.2932  73.4453
2.3226  71.5468
2.352  69.6745
2.3814  67.8289
2.4108  66.0105
2.4402  64.2197
2.4696  62.4569
2.499  60.7225
2.5284  59.0168
2.5578  57.3401
2.5872  55.6926
2.6166  54.0747
2.646  52.4864
2.6754  50.928
2.7048  49.3995
2.7342  47.9011
2.7636  46.4328
2.793  44.9946
2.8224  43.5866
2.8518  42.2087
2.8812  40.8608
2.9106  39.5429
2.94  38.2549
2.9694  36.9967
2.9988  35.768
3.0282  34.5687
3.0576  33.3986
3.087  32.2575
3.1164  31.1451
3.1458  30.0611
3.1752  29.0054
3.2046  27.9775
3.234  26.9772
3.2634  26.0041
3.2928  25.0579
3.3222  24.1382
3.3516  23.2446
3.381  22.3768
3.4104  21.5344
3.4398  20.717
3.4692  19.9241
3.4986  19.1553
3.528  18.4102
3.5574  17.6884
3.5868  16.9893
3.6162  16.3126
3.6456  15.6579
3.675  15.0246
3.7044  14.4123
3.7338  13.8205
3.7632  13.2488
3.7926  12.6967
3.822  12.1637
3.8514  11.6494
3.8808  11.1534
3.9102  10.6751
3.9396  10.2141
3.969  9.76999
3.9984  9.34225
4.0278  8.93046
4.0572  8.53418
4.0866  8.15297
4.116  7.78639
4.1454  7.43401
4.1748  7.09541
4.2042  6.77018
4.2336  6.45789
4.263  6.15815
4.2924  5.87056
4.3218  5.59473
4.3512  5.33026
4.3806  5.07679
4.41  4.83394
4.4394  4.60135
4.4688  4.37867
4.4982  4.16555
4.5276  3.96166
4.557  3.76665
4.5864  3.58021
4.6158  3.40202
4.6452  3.23177
4.6746  3.06917
4.704  2.91393
4.7334  2.76576
4.7628  2.62438
4.7922  2.48954
4.8216  2.36096
4.851  2.2384
4.8804  2.12162
4.9098  2.01037
4.9392  1.90443
4.9686  1.80358
4.998  1.7076
5.0274  1.61629
5.0568  1.52945
5.0862  1.44687
5.1156  1.36838
5.145  1.2938
5.1744  1.22295
5.2038  1.15567
5.2332  1.0918
5.2626  1.03117
5.292  0.973646
5.3214  0.91908
5.3508  0.867337
5.3802  0.818282
5.4096  0.771791
5.439  0.72774
5.4684  0.686015
5.4978  0.646501
5.5272  0.609094
5.5566  0.57369
5.586  0.54019
5.6154  0.508502
5.6448  0.478535
5.6742  0.450203
5.7036  0.423425
5.733  0.398121
5.7624  0.374217
5.7918  0.351641
5.8212  0.330326
5.8506  0.310207
5.88  0.29122
5.9094  0.273307
5.9388  0.256413
5.9682  0.240483
5.9976  0.225466
6.027  0.211314
6.0564  0.197981
6.0858  0.185423
6.1152  0.173597
6.1446  0.162465
6.174  0.151988
6.2034  0.142131
6.2328  0.13286
6.2622  0.124143
6.2916  0.115948
6.321  0.108248
6.3504  0.101014
6.3798  0.0942203
6.4092  0.0878425
6.4386  0.0818568
6.468  0.0762413
6.4974  0.0709747
6.5268  0.0660375
6.5562  0.0614105
6.5856  0.0570762
6.615  0.0530176
6.6444  0.0492187
6.6738  0.0456647
6.7032  0.0423413
6.7326  0.0392349
6.762  0.036333
6.7914  0.0336234
6.8208  0.0310949
6.8502  0.0287369
6.8796  0.0265391
6.909  0.0244921
6.9384  0.0225868
6.9678  0.0208148
6.9972  0.0191681
7.0266  0.0176391
7.056  0.0162207
7.0854  0.0149061
7.1148  0.0136891
7.1442  0.0125636
7.1736  0.0115241
7.203  0.0105651
7.2324  0.0096817
7.2618  0.00886913
7.2912  0.00812292
7.3206  0.00743886
7.35  0.00681298
7.3794  0.00624152
7.4088  0.00572094
7.4382  0.00524788
7.4676  0.00481921
7.497  0.00443192
7.5264  0.00408319
7.5558  0.00377036
7.5852  0.00349091
7.6146  0.00324244
7.644  0.00302271
7.6734  0.00282958
7.7028  0.00266103
7.7322  0.00251516
7.7616  0.00239013
7.791  0.00228427
7.8204  0.00219591
7.8498  0.00212353
7.8792  0.00206568
7.9086  0.00202097
7.938  0.00198809
7.9674  0.00196583
7.9968  0.00195299
8.0262  0.00194847
8.0556  0.00195123
8.085  0.00196029
8.1144  0.00197471
8.1438  0.0019936
8.1732  0.00201616
8.2026  0.0020416
8.232  0.0020692
8.2614  0.00209827
8.2908  0.00212819
8.3202  0.00215836
8.3496  0.00218823
8.379  0.00221732
8.4084  0.00224514
8.4378  0.0022713
8.4672  0.00229537
8.4966  0.00231703
8.526  0.00233597
8.5554  0.0023519
8.5848  0.00236461
8.6142  0.00237388
8.6436  0.00237954
8.673  0.00238144
8.7024  0.00237948
8.7318  0.00237358
8.7612  0.00236369
8.7906  0.0023498
8.82  0.0023319
8.8494  0.00231003
8.8788  0.00228423
8.9082  0.00225461
8.9376  0.00222122
8.967  0.00218423
8.9964  0.00214374
9.0258  0.00209993
9.0552  0.00205298
9.0846  0.00200305
9.114  0.00195036
9.1434  0.0018951
9.1728  0.00183753
9.2022  0.00177786
9.2316  0.00171633
9.261  0.00165318
9.2904  0.00158867
9.3198  0.00152306
9.3492  0.00145659
9.3786  0.00138953
9.408  0.00132211
9.4374  0.00125459
9.4668  0.00118723
9.4962  0.00112025
9.5256  0.00105391
9.555  0.00098841
9.5844  0.000923978
9.6138  0.000860845
9.6432  0.000799183
9.6726  0.00073919
9.702  0.000681039
9.7314  0.000624895
9.7608  0.000570909
9.7902  0.000519207
9.8196  0.000469921
9.849  0.000423153
9.8784  0.000378986
9.9078  0.000337513
9.9372  0.000298776
9.9666  0.000262833
9.996  0.00022971
10.0254  0.000199416
10.0548  0.000171959
10.0842  0.000147319
10.1136  0.000125472
10.143  0.000106373
10.1724  8.99728e-05
10.2018  7.61933e-05
10.2312  6.49646e-05
10.2606  5.61925e-05
10.29  4.97775e-05
10.3194  4.56085e-05
10.3488  4.357e-05
10.3782  4.35328e-05
10.4076  4.53652e-05
10.437  4.89279e-05
10.4664  5.40797e-05
10.4958  6.06697e-05
10.5252  6.855e-05
10.5546  7.75663e-05
10.584  8.75688e-05
10.6134  9.84021e-05
10.6428  0.000109913
10.6722  0.00012195
10.7016  0.00013437
10.731  0.00014702
10.7604  0.000159767
10.7898  0.000172475
10.8192  0.000185012
10.8486  0.000197253
10.878  0.000209088
10.9074  0.000220403
10.9368  0.000231106
10.9662  0.000241093
10.9956  0.00025029
11.025  0.000258622
11.0544  0.000266019
11.0838  0.000272431
11.1132  0.000277811
11.1426  0.000282124
11.172  0.000285347
11.2014  0.000287456
11.2308  0.000288452
11.2602  0.00028834
11.2896  0.000287124
11.319  0.000284818
11.3484  0.000281472
11.3778  0.000277097
11.4072  0.000271756
11.4366  0.000265493
11.466  0.000258367
11.4954  0.00025044
11.5248  0.000241778
11.5542  0.000232456
11.5836  0.00022255
11.613  0.000212147
11.6424  0.00020132
11.6718  0.000190156
11.7012  0.000178745
11.7306  0.000167175
11.76  0.000155525
11.7894  0.000143891
11.8188  0.000132352
11.8482  0.000120989
11.8776  0.000109887
11.907  9.91229e-05
11.9364  8.87651e-05
11.9658  7.88897e-05
11.9952  6.9558e-05
12.0246  6.08311e-05
12.054  5.27612e-05
12.0834  4.5401e-05
12.1128  3.87921e-05
12.1422  3.29692e-05
12.1716  2.79664e-05
12.201  2.38028e-05
12.2304  2.04998e-05
12.2598  1.80649e-05
12.2892  1.65033e-05
12.3186  1.58126e-05
12.348  1.59836e-05
12.3774  1.69987e-05
12.4068  1.8839e-05
12.4362  2.14758e-05
12.4656  2.48753e-05
12.495  2.90007e-05
12.5244  3.38065e-05
12.5538  3.92475e-05
12.5832  4.52723e-05
12.6126  5.18222e-05
12.642  5.8842e-05
12.6714  6.62686e-05
12.7008  7.40425e-05
12.7302  8.20957e-05
12.7596  9.03622e-05
12.789  9.87793e-05
12.8184  0.00010728
12.8478  0.000115797
12.8772  0.000124266
12.9066  0.000132627
12.936  0.000140819
12.9654  0.000148786
12.9948  0.000156476
13.0242  0.00016383
13.0536  0.000170813
13.083  0.000177375
13.1124  0.000183485
13.1418  0.000189107
13.1712  0.000194217
13.2006  0.000198795
13.23  0.000202831
13.2594  0.000206313
13.2888  0.000209239
13.3182  0.00021162
13.3476  0.000213466
13.377  0.000214783
13.4064  0.000215618
13.4358  0.000215987
13.4652  0.000215926
13.4946  0.000215486
13.524  0.000214715
13.5534  0.000213664
13.5828  0.000212399
13.6122  0.000210982
13.6416  0.000209481
13.671  0.000207975
13.7004  0.000206531
13.7298  0.000205243
13.7592  0.000204189
13.7886  0.000203455
13.818  0.000203128
13.8474  0.000203299
13.8768  0.000204056
13.9062  0.000205484
13.9356  0.00020768
13.965  0.000210728
13.9944  0.000214715
14.0238  0.000219723
14.0532  0.000225836
14.0826  0.000233124
14.112  0.000241675
14.1414  0.000251545
14.1708  0.000262799
14.2002  0.000275507
14.2296  0.00028971
14.259  0.000305462
14.2884  0.000322794
14.3178  0.000341757
14.3472  0.000362362
14.3766  0.000384626
14.406  0.000408575
14.4354  0.000434192
14.4648  0.000461492
14.4942  0.000490443
14.5236  0.000521034
14.553  0.000553231
14.5824  0.000587004
14.6118  0.000622298
14.6412  0.000659057
14.6706  0.000697228
14.7  0.000736742
14.7294  0.000777517
14.7588  0.000819467
14.7882  0.000862502
14.8176  0.00090654
14.847  0.000951456
14.8764  0.000997165
14.9058  0.00104354
14.9352  0.00109047
14.9646  0.00113784
14.994  0.00118551
15.0234  0.00123337
15.0528  0.00128127
15.0822  0.0013291
15.1116  0.00137672
15.141  0.00142402
15.1704  0.00147082
15.1998  0.00151703
15.2292  0.00156252
15.2586  0.00160714
15.288  0.00165078
15.3174  0.00169332
15.3468  0.00173464
15.3762  0.00177461
15.4056  0.00181316
15.435  0.00185016
15.4644  0.00188551
15.4938  0.00191912
15.5232  0.00195094
15.5526  0.00198085
15.582  0.00200881
15.6114  0.00203472
15.6408  0.00205857
15.6702  0.00208028
15.6996  0.00209983
15.729  0.00211719
15.7584  0.00213232
15.7878  0.00214522
15.8172  0.00215587
15.8466  0.00216431
15.876  0.00217052
15.9054  0.00217453
15.9348  0.00217637
15.9642  0.00217607
15.9936  0.00217367
16.023  0.00216922
16.0524  0.0021628
16.0818  0.00215444
16.1112  0.00214423
16.1406  0.00213225
16.17  0.00211858
16.1994  0.00210328
16.2288  0.00208648
16.2582  0.00206826
16.2876  0.00204871
16.317  0.00202793
16.3464  0.00200604
16.3758  0.00198314
16.4052  0.00195934
16.4346  0.00193473
16.464  0.00190946
16.4934  0.0018836
16.5228  0.0018573
16.5522  0.00183063
16.5816  0.00180371
16.611  0.00177665
16.6404  0.00174954
16.6698  0.0017225
16.6992  0.00169562
16.7286  0.00166899
16.758  0.00164271
16.7874  0.00161685
16.8168  0.00159151
16.8462  0.00156676
16.8756  0.00154267
16.905  0.0015193
16.9344  0.00149675
16.9638  0.00147504
16.9932  0.00145423
17.0226  0.00143437
17.052  0.00141553
17.0814  0.00139771
17.1108  0.00138093
17.1402  0.00136528
17.1696  0.00135073
17.199  0.00133731
17.2284  0.00132503
17.2578  0.00131391
17.2872  0.00130394
17.3166  0.00129513
17.346  0.00128747
17.3754  0.00128096
17.4048  0.00127557
17.4342  0.00127131
17.4636  0.00126816
17.493  0.00126608
17.5224  0.00126509
17.5518  0.00126513
17.5812  0.0012662
17.6106  0.00126825
17.64  0.0012713
17.6694  0.00127528
17.6988  0.00128021
17.7282  0.00128602
17.7576  0.00129271
17.787  0.00130026
17.8164  0.00130865
17.8458  0.00131784
17.8752  0.00132784
17.9046  0.00133862
17.934  0.00135016
17.9634  0.00136247
17.9928  0.00137552
18.0222  0.00138929
18.0516  0.00140381
18.081  0.00141906
18.1104  0.00143504
18.1398  0.00145175
18.1692  0.00146921
18.1986  0.00148741
18.228  0.00150637
18.2574  0.00152611
18.2868  0.00154665
18.3162  0.00156799
18.3456  0.00159015
18.375  0.00161315
18.4044  0.00163703
18.4338  0.00166179
18.4632  0.00168746
18.4926  0.00171408
18.522  0.00174167
18.5514  0.00177024
18.5808  0.00179982
18.6102  0.00183045
18.6396  0.00186213
18.669  0.0018949
18.6984  0.00192876
18.7278  0.00196376
18.7572  0.00199986
18.7866  0.00203714
18.816  0.00207557
18.8454  0.00211516
18.8748  0.00215591
18.9042  0.00219784
18.9336  0.00224093
18.963  0.00228515
18.9924  0.00233052
19.0218  0.00237702
19.0512  0.0024246
19.0806  0.00247326
19.11  0.00252293
19.1394  0.0025736
19.1688  0.00262522
19.1982  0.00267772
19.2276  0.00273107
19.257  0.00278518
19.2864  0.00284002
19.3158  0.00289547
19.3452  0.00295149
19.3746  0.00300798
19.404  0.00306484
19.4334  0.003122
19.4628  0.00317936
19.4922  0.0032368
19.5216  0.00329421
19.551  0.0033515
19.5804  0.00340855
19.6098  0.00346524
19.6392  0.00352144
19.6686  0.00357707
19.698  0.00363195
19.7274  0.00368599
19.7568  0.00373905
19.7862  0.00379102
19.8156  0.00384172
19.845  0.0038911
19.8744  0.00393899
19.9038  0.00398527
19.9332  0.0040298
19.9626  0.0040725
19.992  0.00411324
20.0214  0.00415189
20.0508  0.00418834
20.0802  0.00422247
20.1096  0.00425422
20.139  0.00428347
20.1684  0.00431011
20.1978  0.0043341
20.2272  0.0043553
20.2566  0.00437368
20.286  0.00438916
20.3154  0.00440168
20.3448  0.00441118
20.3742  0.00441762
20.4036  0.00442097
20.433  0.00442117
20.4624  0.00441824
20.4918  0.00441216
20.5212  0.00440287
20.5506  0.00439046
20.58  0.00437487
20.6094  0.00435614
20.6388  0.00433432
20.6682  0.00430939
20.6976  0.00428145
20.727  0.00425052
20.7564  0.00421666
20.7858  0.00417994
20.8152  0.00414044
20.8446  0.00409822
20.874  0.00405337
20.9034  0.004006
20.9328  0.00395619
20.9622  0.00390402
20.9916  0.00384964
21.021  0.00379313
21.0504  0.00373462
21.0798  0.00367423
21.1092  0.00361208
21.1386  0.00354829
21.168  0.00348299
21.1974  0.00341632
21.2268  0.0033484
21.2562  0.00327936
21.2856  0.00320934
21.315  0.00313847
21.3444  0.00306689
21.3738  0.00299471
21.4032  0.0029221
21.4326  0.00284915
21.462  0.002776
21.4914  0.00270277
21.5208  0.00262959
21.5502  0.00255658
21.5796  0.00248383
21.609  0.00241149
21.6384  0.00233963
21.6678  0.00226836
21.6972  0.0021978
21.7266  0.00212802
21.756  0.00205914
21.7854  0.00199119
21.8148  0.00192429
21.8442  0.0018585
21.8736  0.00179388
21.903  0.00173049
21.9324  0.00166841
21.9618  0.00160764
21.9912  0.00154828
22.0206  0.00149034
22.05  0.00143385
22.0794  0.00137885
22.1088  0.00132537
22.1382  0.00127339
22.1676  0.00122298
22.197  0.00117409
22.2264  0.00112676
22.2558  0.00108097
22.2852  0.00103674
22.3146  0.000994036
22.344  0.000952853
22.3734  0.000913176
22.4028  0.000874992
22.4322  0.000838267
22.4616  0.000802974
22.491  0.000769091
22.5204  0.000736599
22.5498  0.000705452
22.5792  0.000675621
22.6086  0.000647067
22.638  0.000619766
22.6674  0.000593668
22.6968  0.000568745
22.7262  0.000544962
22.7556  0.00052227
22.785  0.000500643
22.8144  0.000480036
22.8438  0.000460415
22.8732  0.000441745
22.9026  0.000423989
22.932  0.000407115
22.9614  0.000391086
22.9908  0.000375869
23.0202  0.000361444
23.0496  0.000347768
23.079  0.000334818
23.1084  0.000322574
23.1378  0.000311
23.1672  0.000300081
23.1966  0.000289793
23.226  0.000280114
23.2554  0.000271026
23.2848  0.00026251
23.3142  0.000254555
23.3436  0.000247145
23.373  0.000240261
23.4024  0.000233902
23.4318  0.000228042
23.4612  0.000222684
23.4906  0.000217822
23.52  0.000213435
23.5494  0.000209527
23.5788  0.000206087
23.6082  0.000203109
23.6376  0.000200584
23.667  0.000198513
23.6964  0.000196886
23.7258  0.000195701
23.7552  0.000194955
23.7846  0.000194636
23.814  0.00019474
23.8434  0.000195264
23.8728  0.000196198
23.9022  0.000197535
23.9316  0.00019927
23.961  0.000201393
23.9904  0.000203893
24.0198  0.000206758
24.0492  0.000209984
24.0786  0.000213554
24.108  0.000217455
24.1374  0.000221676
24.1668  0.000226202
24.1962  0.000231019
24.2256  0.000236107
24.255  0.000241451
24.2844  0.000247033
24.3138  0.000252839
24.3432  0.000258849
24.3726  0.000265037
24.402  0.000271389
24.4314  0.000277888
24.4608  0.000284513
24.4902  0.000291239
24.5196  0.000298053
24.549  0.000304933
24.5784  0.000311859
24.6078  0.000318811
24.6372  0.000325775
24.6666  0.000332735
24.696  0.000339668
24.7254  0.00034656
24.7548  0.000353408
24.7842  0.000360186
24.8136  0.000366888
24.843  0.000373507
24.8724  0.000380026
24.9018  0.000386458
24.9312  0.00039278
24.9606  0.000398997
24.99  0.000405112
25.0194  0.000411122
25.0488  0.000417034
25.0782  0.000422856
25.1076  0.000428586
25.137  0.000434256
25.1664  0.000439862
25.1958  0.000445429
25.2252  0.000450971
25.2546  0.00045651
25.284  0.00046207
25.3134  0.00046767
25.3428  0.000473348
25.3722  0.000479124
25.4016  0.000485024
25.431  0.000491092
25.4604  0.000497364
25.4898  0.000503864
25.5192  0.000510632
25.5486  0.000517721
25.578  0.000525144
25.6074  0.000532969
25.6368  0.000541215
25.6662  0.00054993
25.6956  0.000559156
25.725  0.000568938
25.7544  0.00057932
25.7838  0.00059032
25.8132  0.000602001
25.8426  0.0006144
25.872  0.00062754
25.9014  0.000641474
25.9308  0.000656231
25.9602  0.00067183
25.9896  0.000688323
26.019  0.000705728
26.0484  0.000724081
26.0778  0.000743388
26.1072  0.000763685
26.1366  0.000784987
26.166  0.000807309
26.1954  0.000830662
26.2248  0.000855046
26.2542  0.000880475
26.2836  0.00090695
26.313  0.000934469
26.3424  0.000963027
26.3718  0.000992603
26.4012  0.0010232
26.4306  0.00105478
26.46  0.00108734
26.4894  0.00112084
26.5188  0.00115527
26.5482  0.00119058
26.5776  0.00122675
26.607  0.00126371
26.6364  0.00130144
26.6658  0.00133989
26.6952  0.00137901
26.7246  0.00141875
26.754  0.00145904
26.7834  0.00149983
26.8128  0.00154106
26.8422  0.00158266
26.8716  0.00162459
26.901  0.00166673
26.9304  0.00170906
26.9598  0.00175149
26.9892  0.00179397
27.0186  0.00183638
27.048  0.00187868
27.0774  0.0019208
27.1068  0.00196264
27.1362  0.00200416
27.1656  0.00204528
27.195  0.00208589
27.2244  0.00212595
27.2538  0.00216541
27.2832  0.00220417
27.3126  0.00224217
27.342  0.00227934
27.3714  0.00231566
27.4008  0.00235099
27.4302  0.00238535
27.4596  0.00241865
27.489  0.00245082
27.5184  0.00248186
27.5478  0.0025117
27.5772  0.00254028
27.6066  0.00256759
27.636  0.00259358
27.6654  0.00261823
27.6948  0.00264151
27.7242  0.00266339
27.7536  0.00268386
27.783  0.0027029
27.8124  0.0027205
27.8418  0.00273666
27.8712  0.00275138
27.9006  0.00276464
27.93  0.00277647
27.9594  0.00278687
27.9888  0.00279585
28.0182  0.0028034
28.0476  0.00280958
28.077  0.00281441
28.1064  0.00281791
28.1358  0.0028201
28.1652  0.002821
28.1946  0.00282066
28.224  0.00281912
28.2534  0.00281643
28.2828  0.0028126
28.3122  0.00280769
28.3416  0.00280176
28.371  0.00279482
28.4004  0.00278697
28.4298  0.00277822
28.4592  0.00276863
28.4886  0.00275824
28.518  0.00274712
28.5474  0.00273533
28.5768  0.00272288
28.6062  0.00270985
28.6356  0.00269629
28.665  0.00268225
28.6944  0.00266777
28.7238  0.0026529
28.7532  0.0026377
28.7826  0.0026222
28.812  0.00260648
28.8414  0.00259055
28.8708  0.00257445
28.9002  0.00255823
28.9296  0.00254195
28.959  0.00252562
28.9884  0.00250928
29.0178  0.00249299
29.0472  0.00247674
29.0766  0.00246059
29.106  0.00244457
29.1354  0.00242867
29.1648  0.00241297
29.1942  0.00239744
29.2236  0.00238214
29.253  0.00236706
29.2824  0.00235223
29.3118  0.00233767
29.3412  0.00232338
29.3706  0.00230938
29.4  0.00229568
29.4294  0.00228228
29.4588  0.00226919
29.4882  0.00225643
29.5176  0.00224399
29.547  0.00223187
29.5764  0.00222009
29.6058  0.00220864
29.6352  0.00219753
29.6646  0.00218674
29.694  0.0021763
29.7234  0.00216619
29.7528  0.0021564
29.7822  0.00214696
29.8116  0.00213783
29.841  0.00212903
29.8704  0.00212057
29.8998  0.00211242
29.9292  0.00210461
29.9586  0.0020971
29.988  0.00208992
30.0174  0.00208304
30.0468  0.0020765
30.0762  0.00207027
30.1056  0.00206436
30.135  0.00205877
30.1644  0.00205349
30.1938  0.00204853
30.2232  0.00204388
30.2526  0.00203957
30.282  0.00203556
30.3114  0.00203189
30.3408  0.00202853
30.3702  0.00202551
30.3996  0.00202281
30.429  0.00202042
30.4584  0.0020184
30.4878  0.00201668
30.5172  0.00201532
30.5466  0.00201427
30.576  0.00201356
30.6054  0.00201319
30.6348  0.00201314
30.6642  0.00201343
30.6936  0.00201403
30.723  0.00201497
30.7524  0.00201621
30.7818  0.00201778
30.8112  0.00201965
30.8406  0.00202181
30.87  0.00202425
30.8994  0.00202697
30.9288  0.00202995
30.9582  0.00203317
30.9876  0.00203665
31.017  0.00204032
31.0464  0.00204419
31.0758  0.00204823
31.1052  0.00205243
31.1346  0.00205675
31.164  0.00206118
31.1934  0.00206568
31.2228  0.00207021
31.2522  0.00207476
31.2816  0.0020793
31.311  0.00208378
31.3404  0.00208819
31.3698  0.00209245
31.3992  0.00209656
31.4286  0.00210046
31.458  0.00210411
31.4874  0.00210749
31.5168  0.00211056
31.5462  0.00211325
31.5756  0.00211553
31.605  0.00211736
31.6344  0.00211869
31.6638  0.00211947
31.6932  0.00211968
31.7226  0.00211926
31.752  0.00211818
31.7814  0.00211637
31.8108  0.00211383
31.8402  0.00211049
31.8696  0.00210632
31.899  0.00210129
31.9284  0.00209535
31.9578  0.00208848
31.9872  0.00208065
32.0166  0.00207181
32.046  0.00206196
32.0754  0.00205104
32.1048  0.00203906
32.1342  0.00202598
32.1636  0.0020118
32.193  0.00199648
32.2224  0.00198004
32.2518  0.00196245
32.2812  0.00194371
32.3106  0.00192381
32.34  0.00190278
32.3694  0.00188059
32.3988  0.00185728
32.4282  0.00183284
32.4576  0.00180729
32.487  0.00178064
32.5164  0.00175294
32.5458  0.00172419
32.5752  0.00169443
32.6046  0.00166369
32.634  0.001632
32.6634  0.00159939
32.6928  0.00156593
32.7222  0.00153165
32.7516  0.00149659
32.781  0.0014608
32.8104  0.00142434
32.8398  0.00138727
32.8692  0.00134963
32.8986  0.00131147
32.928  0.00127289
32.9574  0.00123392
32.9868  0.00119463
33.0162  0.00115508
33.0456  0.00111535
33.075  0.0010755
33.1044  0.00103559
33.1338  0.000995677
33.1632  0.000955852
33.1926  0.000916175
33.222  0.000876703
33.2514  0.000837519
33.2808  0.000798673
33.3102  0.00076022
33.3396  0.000722252
33.369  0.000684815
33.3984  0.000647969
33.4278  0.00061178
33.4572  0.000576299
33.4866  0.000541582
33.516  0.000507674
33.5454  0.000474641
33.5748  0.000442526
33.6042  0.000411366
33.6336  0.000381213
33.663  0.000352099
33.6924  0.000324066
33.7218  0.000297154
33.7512  0.000271383
33.7806  0.000246785
33.81  0.00022339
33.8394  0.000201212
33.8688  0.000180278
33.8982  0.000160596
33.9276  0.000142182
33.957  0.000125046
33.9864  0.000109196
34.0158  9.46294e-05
34.0452  8.13525e-05
34.0746  6.9362e-05
34.104  5.86515e-05
34.1334  4.92143e-05
34.1628  4.10391e-05
34.1922  3.41146e-05
34.2216  2.84227e-05
34.251  2.39501e-05
34.2804  2.06741e-05
34.3098  1.85746e-05
34.3392  1.76289e-05
34.3686  1.78104e-05
34.398  1.90942e-05
34.4274  2.14489e-05
34.4568  2.48504e-05
34.4862  2.92627e-05
34.5156  3.46608e-05
34.545  4.10069e-05
34.5744  4.82724e-05
34.6038  5.64195e-05
34.6332  6.54174e-05
34.6626  7.52318e-05
34.692  8.58259e-05
34.7214  9.7168e-05
34.7508  0.000109224
34.7802  0.000121959
34.8096  0.000135341
34.839  0.000149333
34.8684  0.000163908
34.8978  0.000179028
34.9272  0.000194666
34.9566  0.000210787
34.986  0.000227362
35.0154  0.000244373
35.0448  0.000261774
35.0742  0.000279553
35.1036  0.000297674
35.133  0.000316113
35.1624  0.000334849
35.1918  0.000353858
35.2212  0.00037312
35.2506  0.000392613
35.28  0.000412313
35.3094  0.000432205
35.3388  0.000452266
35.3682  0.000472482
35.3976  0.000492841
35.427  0.000513323
35.4564  0.000533912
35.4858  0.000554593
35.5152  0.00057535
35.5446  0.000596184
35.574  0.000617058
35.6034  0.000637991
35.6328  0.000658953
35.6622  0.000679929
35.6916  0.000700921
35.721  0.000721903
35.7504  0.000742884
35.7798  0.000763838
35.8092  0.000784764
35.8386  0.000805645
35.868  0.000826477
35.8974  0.00084725
35.9268  0.000867942
35.9562  0.000888551
35.9856  0.000909073
36.015  0.000929484
36.0444  0.000949777
36.0738  0.000969937
36.1032  0.000989965
36.1326  0.00100984
36.162  0.00102955
36.1914  0.00104908
36.2208  0.00106842
36.2502  0.00108756
36.2796  0.00110648
36.309  0.00112517
36.3384  0.00114361
36.3678  0.00116179
36.3972  0.0011797
36.4266  0.00119732
36.456  0.00121464
36.4854  0.00123164
36.5148  0.00124831
36.5442  0.00126463
36.5736  0.00128059
36.603  0.00129618
36.6324  0.00131138
36.6618  0.00132619
36.6912  0.00134059
36.7206  0.00135456
36.75  0.00136809
36.7794  0.00138117
36.8088  0.00139381
36.8382  0.00140598
36.8676  0.00141768
36.897  0.00142889
36.9264  0.00143961
36.9558  0.00144984
36.9852  0.00145957
37.0146  0.0014688
37.044  0.00147753
37.0734  0.00148574
37.1028  0.00149345
37.1322  0.00150066
37.1616  0.00150736
37.191  0.00151355
37.2204  0.00151926
37.2498  0.00152446
37.2792  0.00152919
37.3086  0.00153344
37.338  0.00153721
37.3674  0.00154053
37.3968  0.0015434
37.4262  0.00154582
37.4556  0.00154784
37.485  0.00154942
37.5144  0.00155063
37.5438  0.00155144
37.5732  0.00155189
37.6026  0.00155199
37.632  0.00155175
37.6614  0.00155119
37.6908  0.00155032
37.7202  0.00154918
37.7496  0.00154776
37.779  0.0015461
37.8084  0.00154421
37.8378  0.00154209
37.8672  0.00153978
37.8966  0.00153729
37.926  0.00153462
37.9554  0.00153181
37.9848  0.00152886
38.0142  0.00152578
38.0436  0.0015226
38.073  0.00151931
38.1024  0.00151593
38.1318  0.00151248
38.1612  0.00150896
38.1906  0.00150539
38.22  0.00150174
38.2494  0.00149806
38.2788  0.00149433
38.3082  0.00149055
38.3376  0.00148673
38.367  0.00148287
38.3964  0.00147898
38.4258  0.00147502
38.4552  0.00147102
38.4846  0.00146697
38.514  0.00146284
38.5434  0.00145867
38.5728  0.00145439
38.6022  0.00145003
38.6316  0.00144556
38.661  0.00144098
38.6904  0.00143626
38.7198  0.0014314
38.7492  0.00142638
38.7786  0.0014212
38.808  0.0014158
38.8374  0.00141019
38.8668  0.00140435
38.8962  0.00139827
38.9256  0.00139192
38.955  0.00138527
38.9844  0.00137833
39.0138  0.00137105
39.0432  0.00136344
39.0726  0.00135546
39.102  0.0013471
39.1314  0.00133836
39.1608  0.00132919
39.1902  0.00131959
39.2196  0.00130956
39.249  0.00129905
39.2784  0.00128809
39.3078  0.00127664
39.3372  0.0012647
39.3666  0.00125226
39.396  0.00123931
39.4254  0.00122584
39.4548  0.00121186
39.4842  0.00119736
39.5136  0.00118234
39.543  0.0011668
39.5724  0.00115075
39.6018  0.00113417
39.6312  0.0011171
39.6606  0.00109953
39.69  0.00108148
39.7194  0.00106296
39.7488  0.00104398
39.7782  0.00102454
39.8076  0.00100469
39.837  0.000984435
39.8664  0.000963796
39.8958  0.000942792
39.9252  0.000921451
39.9546  0.000899797
39.984  0.00087786
40.0134  0.000855667
40.0428  0.000833255
40.0722  0.000810632
40.1016  0.000787862
40.131  0.000764949
40.1604  0.00074195
40.1898  0.000718878
40.2192  0.000695787
40.2486  0.00067269
40.278  0.000649635
40.3074  0.000626654
40.3368  0.000603791
40.3662  0.00058107
40.3956  0.00055853
40.425  0.000536206
40.4544  0.000514119
40.4838  0.000492316
40.5132  0.000470825
40.5426  0.000449682
40.572  0.000428906
40.6014  0.00040853
40.6308  0.000388591
40.6602  0.000369093
40.6896  0.000350084
40.719  0.000331576
40.7484  0.000313593
40.7778  0.000296154
40.8072  0.000279276
40.8366  0.000262973
40.866  0.000247261
40.8954  0.000232161
40.9248  0.000217672
40.9542  0.000203803
40.9836  0.000190563
41.013  0.000177961
41.0424  0.000165995
41.0718  0.000154663
41.1012  0.000143971
41.1306  0.000133908
41.16  0.000124478
41.1894  0.000115669
41.2188  0.000107466
41.2482  9.98686e-05
41.2776  9.28562e-05
41.307  8.64245e-05
41.3364  8.05554e-05
41.3658  7.52285e-05
41.3952  7.04305e-05
41.4246  6.61408e-05
41.454  6.23431e-05
41.4834  5.90099e-05
41.5128  5.61232e-05
41.5422  5.36622e-05
41.5716  5.16026e-05
41.601  4.99196e-05
41.6304  4.85913e-05
41.6598  4.759e-05
41.6892  4.68919e-05
41.7186  4.64773e-05
41.748  4.63159e-05
41.7774  4.63854e-05
41.8068  4.66633e-05
41.8362  4.71221e-05
41.8656  4.77395e-05
41.895  4.84938e-05
41.9244  4.93628e-05
41.9538  5.03252e-05
41.9832  5.13582e-05
42.0126  5.24436e-05
42.042  5.35598e-05
42.0714  5.46902e-05
42.1008  5.58186e-05
42.1302  5.69319e-05
42.1596  5.80085e-05
42.189  5.90412e-05
42.2184  6.00115e-05
42.2478  6.09141e-05
42.2772  6.17329e-05
42.3066  6.24644e-05
42.336  6.30993e-05
42.3654  6.36305e-05
42.3948  6.40522e-05
42.4242  6.43634e-05
42.4536  6.45587e-05
42.483  6.46366e-05
42.5124  6.45992e-05
42.5418  6.44413e-05
42.5712  6.41696e-05
42.6006  6.37863e-05
42.63  6.32905e-05
42.6594  6.26902e-05
42.6888  6.19902e-05
42.7182  6.11953e-05
42.7476  6.03101e-05
42.777  5.93434e-05
42.8064  5.83057e-05
42.8358  5.71961e-05
42.8652  5.6033e-05
42.8946  5.48165e-05
42.924  5.35627e-05
42.9534  5.22744e-05
42.9828  5.09638e-05
43.0122  4.96384e-05
43.0416  4.831e-05
43.071  4.69846e-05
43.1004  4.56705e-05
43.1298  4.4378e-05
43.1592  4.31148e-05
43.1886  4.18888e-05
43.218  4.07071e-05
43.2474  3.95777e-05
43.2768  3.85067e-05
43.3062  3.74992e-05
43.3356  3.65631e-05
43.365  3.57022e-05
43.3944  3.492e-05
43.4238  3.42222e-05
43.4532  3.36122e-05
43.4826  3.30919e-05
43.512  3.26646e-05
43.5414  3.23306e-05
43.5708  3.20935e-05
43.6002  3.19511e-05
43.6296  3.19036e-05
43.659  3.19535e-05
43.6884  3.2096e-05
43.7178  3.23324e-05
43.7472  3.26588e-05
43.7766  3.30746e-05
43.806  3.35769e-05
43.8354  3.41606e-05
43.8648  3.48272e-05
43.8942  3.55663e-05
43.9236  3.63816e-05
43.953  3.72626e-05
43.9824  3.82118e-05
44.0118  3.92185e-05
44.0412  4.02843e-05
44.0706  4.14019e-05
44.1  4.25684e-05
