-44.1  5.57404e-05
-44.0706  5.27299e-05
-44.0412  4.96557e-05
-44.0118  4.65361e-05
-43.9824  4.33888e-05
-43.953  4.02308e-05
-43.9236  3.70835e-05
-43.8942  3.39612e-05
-43.8648  3.08873e-05
-43.8354  2.78747e-05
-43.806  2.4944e-05
-43.7766  2.21114e-05
-43.7472  1.93952e-05
-43.7178  1.681e-05
-43.6884  1.4372e-05
-43.659  1.20971e-05
-43.6296  9.99685e-06
-43.6002  8.08568e-06
-43.5708  6.37456e-06
-43.5414  4.87539e-06
-43.512  3.59649e-06
-43.4826  2.54627e-06
-43.4532  1.73243e-06
-43.4238  1.16001e-06
-43.3944  8.3348e-07
-43.365  7.55878e-07
-43.3356  9.28339e-07
-43.3062  1.35115e-06
-43.2768  2.0232e-06
-43.2474  2.94101e-06
-43.218  4.10122e-06
-43.1886  5.49773e-06
-43.1592  7.12312e-06
-43.1298  8.96971e-06
-43.1004  1.10278e-05
-43.071  1.32866e-05
-43.0416  1.57338e-05
-43.0122  1.8356e-05
-42.9828  2.11398e-05
-42.9534  2.40689e-05
-42.924  2.71299e-05
-42.8946  3.03038e-05
-42.8652  3.35735e-05
-42.8358  3.69194e-05
-42.8064  4.03271e-05
-42.777  4.37721e-05
-42.7476  4.72398e-05
-42.7182  5.07105e-05
-42.6888  5.41612e-05
-42.6594  5.75731e-05
-42.63  6.09307e-05
-42.6006  6.42145e-05
-42.5712  6.74016e-05
-42.5418  7.04771e-05
-42.5124  7.3422e-05
-42.483  7.62208e-05
-42.4536  7.88577e-05
-42.4242  8.13162e-05
-42.3948  8.35841e-05
-42.3654  8.56459e-05
-42.336  8.74916e-05
-42.3066  8.91073e-05
-42.2772  9.04904e-05
-42.2478  9.16258e-05
-42.2184  9.25089e-05
-42.189  9.31364e-05
-42.1596  9.3499e-05
-42.1302  9.36011e-05
-42.1008  9.34374e-05
-42.0714  9.30084e-05
-42.042  9.23202e-05
-42.0126  9.13755e-05
-41.9832  9.01749e-05
-41.9538  8.87258e-05
-41.9244  8.70426e-05
-41.895  8.51254e-05
-41.8656  8.29943e-05
-41.8362  8.06558e-05
-41.8068  7.81235e-05
-41.7774  7.54139e-05
-41.748  7.25382e-05
-41.7186  6.95177e-05
-41.6892  6.63652e-05
-41.6598  6.31025e-05
-41.6304  5.97424e-05
-41.601  5.63132e-05
-41.5716  5.28266e-05
-41.5422  4.9307e-05
-41.5128  4.57725e-05
-41.4834  4.22448e-05
-41.454  3.87441e-05
-41.4246  3.52909e-05
-41.3952  3.19035e-05
-41.3658  2.86048e-05
-41.3364  2.54119e-05
-41.307  2.2345e-05
-41.2776  1.94207e-05
-41.2482  1.66554e-05
-41.2188  1.40686e-05
-41.1894  1.1673e-05
-41.16  9.48571e-06
-41.1306  7.51773e-06
-41.1012  5.78083e-06
-41.0718  4.28688e-06
-41.0424  3.04411e-06
-41.013  2.06142e-06
-40.9836  1.34496e-06
-40.9542  8.99048e-07
-40.9248  7.27767e-07
-40.8954  8.32453e-07
-40.866  1.21359e-06
-40.8366  1.8698e-06
-40.8072  2.79816e-06
-40.7778  3.99381e-06
-40.7484  5.45116e-06
-40.719  7.16214e-06
-40.6896  9.11883e-06
-40.6602  1.13088e-05
-40.6308  1.37238e-05
-40.6014  1.63462e-05
-40.572  1.91652e-05
-40.5426  2.21639e-05
-40.5132  2.5325e-05
-40.4838  2.86324e-05
-40.4544  3.20678e-05
-40.425  3.56124e-05
-40.3956  3.92424e-05
-40.3662  4.2942e-05
-40.3368  4.66887e-05
-40.3074  5.04611e-05
-40.278  5.42412e-05
-40.2486  5.80045e-05
-40.2192  6.17298e-05
-40.1898  6.53939e-05
-40.1604  6.89819e-05
-40.131  7.24664e-05
-40.1016  7.58348e-05
-40.0722  7.9061e-05
-40.0428  8.21343e-05
-40.0134  8.50282e-05
-39.984  8.77319e-05
-39.9546  9.02285e-05
-39.9252  9.25036e-05
-39.8958  9.45437e-05
-39.8664  9.63366e-05
-39.837  9.78713e-05
-39.8076  9.91404e-05
-39.7782  0.000100136
-39.7488  0.000100854
-39.7194  0.000101285
-39.69  0.000101432
-39.6606  0.000101288
-39.6312  0.00010086
-39.6018  0.000100145
-39.5724  9.91505e-05
-39.543  9.7879e-05
-39.5136  9.63371e-05
-39.4842  9.45377e-05
-39.4548  9.24848e-05
-39.4254  9.01959e-05
-39.396  8.76808e-05
-39.3666  8.49542e-05
-39.3372  8.20302e-05
-39.3078  7.8929e-05
-39.2784  7.56647e-05
-39.249  7.22558e-05
-39.2196  6.87254e-05
-39.1902  6.50902e-05
-39.1608  6.13724e-05
-39.1314  5.75936e-05
-39.102  5.37737e-05
-39.0726  4.99374e-05
-39.0432  4.61068e-05
-39.0138  4.23006e-05
-38.9844  3.85447e-05
-38.955  3.48562e-05
-38.9256  3.12627e-05
-38.8962  2.77797e-05
-38.8668  2.44301e-05
-38.8374  2.12332e-05
-38.808  1.82078e-05
-38.7786  1.53705e-05
-38.7492  1.27375e-05
-38.7198  1.03274e-05
-38.6904  8.15215e-06
-38.661  6.22534e-06
-38.6316  4.55833e-06
-38.6022  3.16125e-06
-38.5728  2.0429e-06
-38.5434  1.21004e-06
-38.514  6.67771e-07
-38.4846  4.20242e-07
-38.4552  4.69153e-07
-38.4258  8.14972e-07
-38.3964  1.45602e-06
-38.367  2.38969e-06
-38.3376  3.61095e-06
-38.3082  5.11262e-06
-38.2788  6.88796e-06
-38.2494  8.9262e-06
-38.22  1.12178e-05
-38.1906  1.37466e-05
-38.1612  1.6503e-05
-38.1318  1.94693e-05
-38.1024  2.26303e-05
-38.073  2.59651e-05
-38.0436  2.94574e-05
-38.0142  3.30887e-05
-37.9848  3.68359e-05
-37.9554  4.06795e-05
-37.926  4.45983e-05
-37.8966  4.85659e-05
-37.8672  5.25653e-05
-37.8378  5.65708e-05
-37.8084  6.05603e-05
-37.779  6.45115e-05
-37.7496  6.83996e-05
-37.7202  7.22053e-05
-37.6908  7.59041e-05
-37.6614  7.94762e-05
-37.632  8.29039e-05
-37.6026  8.6162e-05
-37.5732  8.92368e-05
-37.5438  9.21044e-05
-37.5144  9.47558e-05
-37.485  9.71704e-05
-37.4556  9.93365e-05
-37.4262  0.000101241
-37.3968  0.000102869
-37.3674  0.000104219
-37.338  0.000105277
-37.3086  0.000106037
-37.2792  0.000106498
-37.2498  0.000106656
-37.2204  0.000106506
-37.191  0.000106052
-37.1616  0.000105297
-37.1322  0.000104241
-37.1028  0.000102898
-37.0734  0.000101269
-37.044  9.93613e-05
-37.0146  9.71933e-05
-36.9852  9.477e-05
-36.9558  9.21091e-05
-36.9264  8.92253e-05
-36.897  8.61333e-05
-36.8676  8.28534e-05
-36.8382  7.94012e-05
-36.8088  7.5802e-05
-36.7794  7.20693e-05
-36.75  6.82284e-05
-36.7206  6.43003e-05
-36.6912  6.03095e-05
-36.6618  5.62787e-05
-36.6324  5.22312e-05
-36.603  4.8186e-05
-36.5736  4.41698e-05
-36.5442  4.02077e-05
-36.5148  3.63203e-05
-36.4854  3.25304e-05
-36.456  2.88602e-05
-36.4266  2.53306e-05
-36.3972  2.19634e-05
-36.3678  1.87756e-05
-36.3384  1.57906e-05
-36.309  1.30204e-05
-36.2796  1.04838e-05
-36.2502  8.19644e-06
-36.2208  6.17012e-06
-36.1914  4.41708e-06
-36.162  2.94859e-06
-36.1326  1.77352e-06
-36.1032  8.97812e-07
-36.0738  3.27931e-07
-36.0444  6.68604e-08
-36.015  1.16794e-07
-35.9856  4.77744e-07
-35.9562  1.14766e-06
-35.9268  2.12357e-06
-35.8974  3.3999e-06
-35.868  4.96898e-06
-35.8386  6.82318e-06
-35.8092  8.95118e-06
-35.7798  1.1342e-05
-35.7504  1.39819e-05
-35.721  1.68549e-05
-35.6916  1.99463e-05
-35.6622  2.3237e-05
-35.6328  2.67099e-05
-35.6034  3.03425e-05
-35.574  3.41161e-05
-35.5446  3.80109e-05
-35.5152  4.2001e-05
-35.4858  4.60659e-05
-35.4564  5.01815e-05
-35.427  5.43231e-05
-35.3976  5.84684e-05
-35.3682  6.25913e-05
-35.3388  6.66728e-05
-35.3094  7.06867e-05
-35.28  7.46078e-05
-35.2506  7.84157e-05
-35.2212  8.20883e-05
-35.1918  8.56046e-05
-35.1624  8.89424e-05
-35.133  9.20865e-05
-35.1036  9.50157e-05
-35.0742  9.77132e-05
-35.0448  0.000100161
-35.0154  0.000102351
-34.986  0.000104262
-34.9566  0.000105894
-34.9272  0.000107228
-34.8978  0.000108259
-34.8684  0.000108983
-34.839  0.000109392
-34.8096  0.000109487
-34.7802  0.000109267
-34.7508  0.000108732
-34.7214  0.000107883
-34.692  0.000106729
-34.6626  0.000105274
-34.6332  0.000103526
-34.6038  0.000101497
-34.5744  9.91979e-05
-34.545  9.66404e-05
-34.5156  9.38402e-05
-34.4862  9.08125e-05
-34.4568  8.75784e-05
-34.4274  8.4155e-05
-34.398  8.05605e-05
-34.3686  7.68132e-05
-34.3392  7.29401e-05
-34.3098  6.89626e-05
-34.2804  6.49028e-05
-34.251  6.07822e-05
-34.2216  5.6627e-05
-34.1922  5.24614e-05
-34.1628  4.83075e-05
-34.1334  4.41927e-05
-34.104  4.01385e-05
-34.0746  3.61688e-05
-34.0452  3.23077e-05
-34.0158  2.85766e-05
-33.9864  2.4997e-05
-33.957  2.15919e-05
-33.9276  1.83787e-05
-33.8982  1.53775e-05
-33.8688  1.26051e-05
-33.8394  1.00789e-05
-33.81  7.8118e-06
-33.7806  5.81876e-06
-33.7512  4.11042e-06
-33.7218  2.69782e-06
-33.6924  1.58853e-06
-33.663  7.89482e-07
-33.6336  3.05302e-07
-33.6042  1.39189e-07
-33.5748  2.92178e-07
-33.5454  7.63268e-07
-33.516  1.55016e-06
-33.4866  2.6488e-06
-33.4572  4.05203e-06
-33.4278  5.75226e-06
-33.3984  7.73965e-06
-33.369  1.00035e-05
-33.3396  1.253e-05
-33.3102  1.53045e-05
-33.2808  1.83133e-05
-33.2514  2.15351e-05
-33.222  2.49522e-05
-33.1926  2.85478e-05
-33.1632  3.22979e-05
-33.1338  3.61827e-05
-33.1044  4.01801e-05
-33.075  4.42656e-05
-33.0456  4.84131e-05
-33.0162  5.26029e-05
-32.9868  5.68083e-05
-32.9574  6.10071e-05
-32.928  6.51723e-05
-32.8986  6.928e-05
-32.8692  7.33103e-05
-32.8398  7.72339e-05
-32.8104  8.10296e-05
-32.781  8.46783e-05
-32.7516  8.81571e-05
-32.7222  9.14447e-05
-32.6928  9.45202e-05
-32.6634  9.7371e-05
-32.634  9.99798e-05
-32.6046  0.000102327
-32.5752  0.0001044
-32.5458  0.00010619
-32.5164  0.000107685
-32.487  0.000108874
-32.4576  0.000109754
-32.4282  0.000110318
-32.3988  0.00011056
-32.3694  0.000110482
-32.34  0.000110087
-32.3106  0.00010937
-32.2812  0.000108342
-32.2518  0.000107007
-32.2224  0.00010537
-32.193  0.000103443
-32.1636  0.000101238
-32.1342  9.87664e-05
-32.1048  9.60445e-05
-32.0754  9.30848e-05
-32.046  8.99102e-05
-32.0166  8.65323e-05
-31.9872  8.29778e-05
-31.9578  7.92612e-05
-31.9284  7.54102e-05
-31.899  7.1444e-05
-31.8696  6.73856e-05
-31.8402  6.3262e-05
-31.8108  5.90933e-05
-31.7814  5.49051e-05
-31.752  5.07245e-05
-31.7226  4.65724e-05
-31.6932  4.24762e-05
-31.6638  3.84582e-05
-31.6344  3.45442e-05
-31.605  3.07542e-05
-31.5756  2.71117e-05
-31.5462  2.36385e-05
-31.5168  2.03543e-05
-31.4874  1.72782e-05
-31.458  1.44302e-05
-31.4286  1.18266e-05
-31.3992  9.48112e-06
-31.3698  7.40821e-06
-31.3404  5.6212e-06
-31.311  4.12822e-06
-31.2816  2.94054e-06
-31.2522  2.06416e-06
-31.2228  1.5044e-06
-31.1934  1.26463e-06
-31.164  1.34583e-06
-31.1346  1.74827e-06
-31.1052  2.46936e-06
-31.0758  3.5047e-06
-31.0464  4.84884e-06
-31.017  6.49323e-06
-30.9876  8.42765e-06
-30.9582  1.06439e-05
-30.9288  1.31248e-05
-30.8994  1.58581e-05
-30.87  1.8828e-05
-30.8406  2.20155e-05
-30.8112  2.54042e-05
-30.7818  2.8972e-05
-30.7524  3.2699e-05
-30.723  3.6563e-05
-30.6936  4.05429e-05
-30.6642  4.46124e-05
-30.6348  4.87493e-05
-30.6054  5.2929e-05
-30.576  5.71286e-05
-30.5466  6.1321e-05
-30.5172  6.54798e-05
-30.4878  6.95881e-05
-30.4584  7.36132e-05
-30.429  7.75383e-05
-30.3996  8.13332e-05
-30.3702  8.49811e-05
-30.3408  8.84618e-05
-30.3114  9.17473e-05
-30.282  9.48285e-05
-30.2526  9.76767e-05
-30.2232  0.000100288
-30.1938  0.000102631
-30.1644  0.000104707
-30.135  0.000106493
-30.1056  0.000107986
-30.0762  0.000109175
-30.0468  0.000110052
-30.0174  0.000110614
-29.988  0.000110852
-29.9586  0.000110773
-29.9292  0.000110371
-29.8998  0.000109658
-29.8704  0.000108625
-29.841  0.000107291
-29.8116  0.000105652
-29.7822  0.000103727
-29.7528  0.000101527
-29.7234  9.90586e-05
-29.694  9.63442e-05
-29.6646  9.33961e-05
-29.6352  9.02317e-05
-29.6058  8.68726e-05
-29.5764  8.33356e-05
-29.547  7.9645e-05
-29.5176  7.58195e-05
-29.4882  7.18859e-05
-29.4588  6.78649e-05
-29.4294  6.37804e-05
-29.4  5.9659e-05
-29.3706  5.55233e-05
-29.3412  5.14006e-05
-29.3118  4.73113e-05
-29.2824  4.32844e-05
-29.253  3.93398e-05
-29.2236  3.55044e-05
-29.1942  3.18e-05
-29.1648  2.82475e-05
-29.1354  2.48709e-05
-29.106  2.16864e-05
-29.0766  1.87178e-05
-29.0472  1.59791e-05
-29.0178  1.34882e-05
-28.9884  1.12608e-05
-28.959  9.30914e-06
-28.9296  7.64443e-06
-28.9002  6.27855e-06
-28.8708  5.21722e-06
-28.8414  4.46961e-06
-28.812  4.03827e-06
-28.7826  3.92714e-06
-28.7532  4.1356e-06
-28.7238  4.66334e-06
-28.6944  5.50703e-06
-28.665  6.66218e-06
-28.6356  8.12178e-06
-28.6062  9.87608e-06
-28.5768  1.19178e-05
-28.5474  1.423e-05
-28.518  1.68023e-05
-28.4886  1.96188e-05
-28.4592  2.26644e-05
-28.4298  2.5917e-05
-28.4004  2.93608e-05
-28.371  3.2973e-05
-28.3416  3.6735e-05
-28.3122  4.06217e-05
-28.2828  4.46096e-05
-28.2534  4.86791e-05
-28.224  5.28001e-05
-28.1946  5.69515e-05
-28.1652  6.11095e-05
-28.1358  6.52473e-05
-28.1064  6.93397e-05
-28.077  7.33632e-05
-28.0476  7.72944e-05
-28.0182  8.11117e-05
-27.9888  8.47916e-05
-27.9594  8.83081e-05
-27.93  9.16434e-05
-27.9006  9.47775e-05
-27.8712  9.7693e-05
-27.8418  0.000100371
-27.8124  0.000102795
-27.783  0.000104954
-27.7536  0.000106832
-27.7242  0.000108419
-27.6948  0.000109706
-27.6654  0.000110685
-27.636  0.000111352
-27.6066  0.0001117
-27.5772  0.000111732
-27.5478  0.000111444
-27.5184  0.000110837
-27.489  0.000109918
-27.4596  0.000108695
-27.4302  0.000107171
-27.4008  0.000105357
-27.3714  0.000103269
-27.342  0.000100908
-27.3126  9.83022e-05
-27.2832  9.54594e-05
-27.2538  9.23981e-05
-27.2244  8.91392e-05
-27.195  8.57029e-05
-27.1656  8.2111e-05
-27.1362  7.83785e-05
-27.1068  7.45351e-05
-27.0774  7.06061e-05
-27.048  6.66085e-05
-27.0186  6.25724e-05
-26.9892  5.85229e-05
-26.9598  5.44773e-05
-26.9304  5.04697e-05
-26.901  4.65198e-05
-26.8716  4.26546e-05
-26.8422  3.88933e-05
-26.8128  3.52632e-05
-26.7834  3.17861e-05
-26.754  2.84828e-05
-26.7246  2.5373e-05
-26.6952  2.24755e-05
-26.6658  1.98095e-05
-26.6364  1.73915e-05
-26.607  1.52361e-05
-26.5776  1.33574e-05
-26.5482  1.17655e-05
-26.5188  1.04723e-05
-26.4894  9.48419e-06
-26.46  8.80918e-06
-26.4306  8.4503e-06
-26.4012  8.41178e-06
-26.3718  8.69273e-06
-26.3424  9.29302e-06
-26.313  1.02074e-05
-26.2836  1.14324e-05
-26.2542  1.29594e-05
-26.2248  1.47806e-05
-26.1954  1.68856e-05
-26.166  1.92618e-05
-26.1366  2.18927e-05
-26.1072  2.47642e-05
-26.0778  2.78608e-05
-26.0484  3.1163e-05
-26.019  3.4649e-05
-25.9896  3.8299e-05
-25.9602  4.20917e-05
-25.9308  4.6004e-05
-25.9014  5.00106e-05
-25.872  5.40912e-05
-25.8426  5.82185e-05
-25.8132  6.23674e-05
-25.7838  6.65134e-05
-25.7544  7.06314e-05
-25.725  7.4697e-05
-25.6956  7.86843e-05
-25.6662  8.25702e-05
-25.6368  8.63307e-05
-25.6074  8.99437e-05
-25.578  9.33873e-05
-25.5486  9.66387e-05
-25.5192  9.96827e-05
-25.4898  0.000102496
-25.4604  0.000105062
-25.431  0.000107371
-25.4016  0.000109403
-25.3722  0.000111151
-25.3428  0.000112596
-25.3134  0.000113739
-25.284  0.000114566
-25.2546  0.000115078
-25.2252  0.000115268
-25.1958  0.000115136
-25.1664  0.000114686
-25.137  0.000113916
-25.1076  0.000112835
-25.0782  0.000111451
-25.0488  0.000109771
-25.0194  0.000107801
-24.99  0.000105561
-24.9606  0.000103061
-24.9312  0.000100319
-24.9018  9.73514e-05
-24.8724  9.41764e-05
-24.843  9.08152e-05
-24.8136  8.72854e-05
-24.7842  8.36155e-05
-24.7548  7.9824e-05
-24.7254  7.59383e-05
-24.696  7.19786e-05
-24.6666  6.79719e-05
-24.6372  6.39461e-05
-24.6078  5.99242e-05
-24.5784  5.59304e-05
-24.549  5.19933e-05
-24.5196  4.81351e-05
-24.4902  4.43812e-05
-24.4608  4.07589e-05
-24.4314  3.72851e-05
-24.402  3.39879e-05
-24.3726  3.08856e-05
-24.3432  2.8e-05
-24.3138  2.5348e-05
-24.2844  2.29465e-05
-24.255  2.0814e-05
-24.2256  1.89631e-05
-24.1962  1.74057e-05
-24.1668  1.61532e-05
-24.1374  1.5214e-05
-24.108  1.45953e-05
-24.0786  1.43012e-05
-24.0492  1.43346e-05
-24.0198  1.46977e-05
-23.9904  1.53871e-05
-23.961  1.64005e-05
-23.9316  1.77334e-05
-23.9022  1.93765e-05
-23.8728  2.13221e-05
-23.8434  2.35588e-05
-23.814  2.60735e-05
-23.7846  2.88509e-05
-23.7552  3.18746e-05
-23.7258  3.51282e-05
-23.6964  3.85908e-05
-23.667  4.22403e-05
-23.6376  4.60582e-05
-23.6082  5.00171e-05
-23.5788  5.4097e-05
-23.5494  5.82731e-05
-23.52  6.25176e-05
-23.4906  6.68047e-05
-23.4612  7.11115e-05
-23.4318  7.54064e-05
-23.4024  7.96642e-05
-23.373  8.38646e-05
-23.3436  8.79743e-05
-23.3142  9.19739e-05
-23.2848  9.5836e-05
-23.2554  9.95353e-05
-23.226  0.000103051
-23.1966  0.000106362
-23.1672  0.000109446
-23.1378  0.000112285
-23.1084  0.000114859
-23.079  0.000117157
-23.0496  0.000119159
-23.0202  0.000120855
-22.9908  0.000122238
-22.9614  0.000123292
-22.932  0.000124016
-22.9026  0.000124405
-22.8732  0.000124456
-22.8438  0.000124167
-22.8144  0.000123542
-22.785  0.000122583
-22.7556  0.0001213
-22.7262  0.000119696
-22.6968  0.000117787
-22.6674  0.00011558
-22.638  0.00011309
-22.6086  0.000110337
-22.5792  0.000107333
-22.5498  0.000104101
-22.5204  0.000100662
-22.491  9.70377e-05
-22.4616  9.32476e-05
-22.4322  8.93193e-05
-22.4028  8.52813e-05
-22.3734  8.11574e-05
-22.344  7.69711e-05
-22.3146  7.27525e-05
-22.2852  6.85308e-05
-22.2558  6.43298e-05
-22.2264  6.01796e-05
-22.197  5.61069e-05
-22.1676  5.21396e-05
-22.1382  4.83053e-05
-22.1088  4.46253e-05
-22.0794  4.11282e-05
-22.05  3.7837e-05
-22.0206  3.47726e-05
-21.9912  3.19576e-05
-21.9618  2.94121e-05
-21.9324  2.71506e-05
-21.903  2.51952e-05
-21.8736  2.35536e-05
-21.8442  2.22436e-05
-21.8148  2.12734e-05
-21.7854  2.06513e-05
-21.756  2.03834e-05
-21.7266  2.04731e-05
-21.6972  2.0923e-05
-21.6678  2.17304e-05
-21.6384  2.28963e-05
-21.609  2.44121e-05
-21.5796  2.62721e-05
-21.5502  2.84647e-05
-21.5208  3.098e-05
-21.4914  3.38028e-05
-21.462  3.69189e-05
-21.4326  4.03092e-05
-21.4032  4.39541e-05
-21.3738  4.78317e-05
-21.3444  5.19233e-05
-21.315  5.61991e-05
-21.2856  6.06368e-05
-21.2562  6.52088e-05
-21.2268  6.98886e-05
-21.1974  7.4646e-05
-21.168  7.94524e-05
-21.1386  8.42792e-05
-21.1092  8.90969e-05
-21.0798  9.3876e-05
-21.0504  9.85858e-05
-21.021  0.000103196
-20.9916  0.000107683
-20.9622  0.000112011
-20.9328  0.000116161
-20.9034  0.0001201
-20.874  0.000123806
-20.8446  0.000127258
-20.8152  0.000130431
-20.7858  0.000133303
-20.7564  0.00013586
-20.727  0.000138084
-20.6976  0.000139958
-20.6682  0.00014147
-20.6388  0.000142617
-20.6094  0.000143379
-20.58  0.000143761
-20.5506  0.000143756
-20.5212  0.000143359
-20.4918  0.000142585
-20.4624  0.000141424
-20.433  0.00013989
-20.4036  0.000137995
-20.3742  0.000135745
-20.3448  0.000133156
-20.3154  0.000130244
-20.286  0.000127028
-20.2566  0.000123528
-20.2272  0.000119766
-20.1978  0.000115769
-20.1684  0.000111557
-20.139  0.000107164
-20.1096  0.000102613
-20.0802  9.79366e-05
-20.0508  9.31682e-05
-20.0214  8.83326e-05
-19.992  8.34655e-05
-19.9626  7.85978e-05
-19.9332  7.37648e-05
-19.9038  6.90001e-05
-19.8744  6.43306e-05
-19.845  5.97909e-05
-19.8156  5.54131e-05
-19.7862  5.1229e-05
-19.7568  4.72633e-05
-19.7274  4.35469e-05
-19.698  4.01062e-05
-19.6686  3.69668e-05
-19.6392  3.41518e-05
-19.6098  3.16821e-05
-19.5804  2.95764e-05
-19.551  2.78546e-05
-19.5216  2.65271e-05
-19.4922  2.56095e-05
-19.4628  2.51102e-05
-19.4334  2.50357e-05
-19.404  2.53939e-05
-19.3746  2.61837e-05
-19.3452  2.74048e-05
-19.3158  2.9054e-05
-19.2864  3.11232e-05
-19.257  3.36048e-05
-19.2276  3.64893e-05
-19.1982  3.97553e-05
-19.1688  4.33925e-05
-19.1394  4.73807e-05
-19.11  5.16947e-05
-19.0806  5.63122e-05
-19.0512  6.1209e-05
-19.0218  6.63541e-05
-18.9924  7.17217e-05
-18.963  7.72768e-05
-18.9336  8.29854e-05
-18.9042  8.882e-05
-18.8748  9.47416e-05
-18.8454  0.000100712
-18.816  0.000106701
-18.7866  0.000112669
-18.7572  0.000118582
-18.7278  0.000124397
-18.6984  0.000130082
-18.669  0.000135602
-18.6396  0.000140923
-18.6102  0.000146009
-18.5808  0.00015083
-18.5514  0.000155353
-18.522  0.000159552
-18.4926  0.000163397
-18.4632  0.000166861
-18.4338  0.000169927
-18.4044  0.000172569
-18.375  0.000174773
-18.3456  0.000176523
-18.3162  0.000177804
-18.2868  0.000178606
-18.2574  0.000178928
-18.228  0.000178763
-18.1986  0.000178108
-18.1692  0.000176963
-18.1398  0.000175351
-18.1104  0.00017326
-18.081  0.000170713
-18.0516  0.000167725
-18.0222  0.000164311
-17.9928  0.00016049
-17.9634  0.000156291
-17.934  0.000151739
-17.9046  0.000146857
-17.8752  0.000141681
-17.8458  0.000136242
-17.8164  0.000130573
-17.787  0.000124716
-17.7576  0.000118705
-17.7282  0.00011258
-17.6988  0.000106381
-17.6694  0.000100152
-17.64  9.39304e-05
-17.6106  8.77636e-05
-17.5812  8.16855e-05
-17.5518  7.57468e-05
-17.5224  6.99819e-05
-17.493  6.44346e-05
-17.4636  5.91405e-05
-17.4342  5.41435e-05
-17.4048  4.94745e-05
-17.3754  4.51697e-05
-17.346  4.12627e-05
-17.3166  3.77823e-05
-17.2872  3.47573e-05
-17.2578  3.22132e-05
-17.2284  3.01717e-05
-17.199  2.86494e-05
-17.1696  2.76673e-05
-17.1402  2.72352e-05
-17.1108  2.73627e-05
-17.0814  2.80562e-05
-17.052  2.93193e-05
-17.0226  3.11482e-05
-16.9932  3.35384e-05
-16.9638  3.64841e-05
-16.9344  3.99728e-05
-16.905  4.39871e-05
-16.8756  4.85076e-05
-16.8462  5.35163e-05
-16.8168  5.89857e-05
-16.7874  6.48851e-05
-16.758  7.11825e-05
-16.7286  7.78475e-05
-16.6992  8.4841e-05
-16.6698  9.21228e-05
-16.6404  9.9654e-05
-16.611  0.000107389
-16.5816  0.000115283
-16.5522  0.000123289
-16.5228  0.000131364
-16.4934  0.00013945
-16.464  0.000147512
-16.4346  0.000155489
-16.4052  0.000163342
-16.3758  0.000171014
-16.3464  0.000178461
-16.317  0.00018564
-16.2876  0.000192502
-16.2582  0.000199
-16.2288  0.000205097
-16.1994  0.000210753
-16.17  0.000215935
-16.1406  0.000220601
-16.1112  0.000224721
-16.0818  0.000228276
-16.0524  0.000231231
-16.023  0.000233565
-15.9936  0.000235271
-15.9642  0.000236329
-15.9348  0.000236726
-15.9054  0.000236459
-15.876  0.00023553
-15.8466  0.000233941
-15.8172  0.000231699
-15.7878  0.000228818
-15.7584  0.000225309
-15.729  0.000221193
-15.6996  0.00021649
-15.6702  0.000211237
-15.6408  0.000205462
-15.6114  0.000199194
-15.582  0.000192481
-15.5526  0.000185357
-15.5232  0.000177871
-15.4938  0.000170066
-15.4644  0.000162002
-15.435  0.00015372
-15.4056  0.000145278
-15.3762  0.000136729
-15.3468  0.000128136
-15.3174  0.000119547
-15.288  0.000111029
-15.2586  0.000102631
-15.2292  9.44176e-05
-15.1998  8.644e-05
-15.1704  7.87588e-05
-15.141  7.14299e-05
-15.1116  6.44974e-05
-15.0822  5.80209e-05
-15.0528  5.20466e-05
-15.0234  4.662e-05
-14.994  4.1782e-05
-14.9646  3.75731e-05
-14.9352  3.40296e-05
-14.9058  3.11827e-05
-14.8764  2.90605e-05
-14.847  2.76856e-05
-14.8176  2.708e-05
-14.7882  2.72538e-05
-14.7588  2.82187e-05
-14.7294  2.99791e-05
-14.7  3.25351e-05
-14.6706  3.58805e-05
-14.6412  4.00044e-05
-14.6118  4.48916e-05
-14.5824  5.05243e-05
-14.553  5.68721e-05
-14.5236  6.39109e-05
-14.4942  7.16023e-05
-14.4648  7.99074e-05
-14.4354  8.8786e-05
-14.406  9.81869e-05
-14.3766  0.000108063
-14.3472  0.000118352
-14.3178  0.000129006
-14.2884  0.000139963
-14.259  0.000151158
-14.2296  0.000162521
-14.2002  0.000173993
-14.1708  0.000185508
-14.1414  0.000196988
-14.112  0.000208372
-14.0826  0.000219586
-14.0532  0.000230566
-14.0238  0.000241238
-13.9944  0.000251542
-13.965  0.000261409
-13.9356  0.000270781
-13.9062  0.000279588
-13.8768  0.000287788
-13.8474  0.000295318
-13.818  0.000302129
-13.7886  0.000308177
-13.7592  0.000313418
-13.7298  0.000317815
-13.7004  0.000321341
-13.671  0.000323973
-13.6416  0.000325681
-13.6122  0.000326448
-13.5828  0.000326269
-13.5534  0.000325145
-13.524  0.000323073
-13.4946  0.000320066
-13.4652  0.000316138
-13.4358  0.000311303
-13.4064  0.000305592
-13.377  0.000299034
-13.3476  0.000291675
-13.3182  0.000283551
-13.2888  0.00027471
-13.2594  0.000265215
-13.23  0.000255114
-13.2006  0.000244475
-13.1712  0.000233365
-13.1418  0.000221851
-13.1124  0.000210013
-13.083  0.000197918
-13.0536  0.000185656
-13.0242  0.000173298
-12.9948  0.000160932
-12.9654  0.000148641
-12.936  0.000136507
-12.9066  0.000124611
-12.8772  0.000113042
-12.8478  0.000101872
-12.8184  9.11912e-05
-12.789  8.10673e-05
-12.7596  7.158e-05
-12.7302  6.28004e-05
-12.7008  5.47968e-05
-12.6714  4.76286e-05
-12.642  4.1358e-05
-12.6126  3.60376e-05
-12.5832  3.17171e-05
-12.5538  2.84347e-05
-12.5244  2.62309e-05
-12.495  2.51335e-05
-12.4656  2.51654e-05
-12.4362  2.63423e-05
-12.4068  2.86758e-05
-12.3774  3.21652e-05
-12.348  3.68054e-05
-12.3186  4.25852e-05
-12.2892  4.94842e-05
-12.2598  5.74722e-05
-12.2304  6.65197e-05
-12.201  7.6584e-05
-12.1716  8.76138e-05
-12.1422  9.95579e-05
-12.1128  0.000112355
-12.0834  0.000125935
-12.054  0.000140227
-12.0246  0.000155156
-11.9952  0.000170637
-11.9658  0.000186582
-11.9364  0.000202903
-11.907  0.000219506
-11.8776  0.000236292
-11.8482  0.000253168
-11.8188  0.000270032
-11.7894  0.000286777
-11.76  0.00030331
-11.7306  0.00031953
-11.7012  0.00033533
-11.6718  0.000350623
-11.6424  0.00036531
-11.613  0.000379291
-11.5836  0.000392484
-11.5542  0.000404806
-11.5248  0.000416175
-11.4954  0.000426516
-11.466  0.00043576
-11.4366  0.000443844
-11.4072  0.000450716
-11.3778  0.000456327
-11.3484  0.00046064
-11.319  0.000463603
-11.2896  0.000465222
-11.2602  0.000465456
-11.2308  0.000464301
-11.2014  0.00046177
-11.172  0.000457871
-11.1426  0.00045261
-11.1132  0.000446028
-11.0838  0.000438158
-11.0544  0.00042904
-11.025  0.000418735
-10.9956  0.000407293
-10.9662  0.000394795
-10.9368  0.000381312
-10.9074  0.000366923
-10.878  0.000351727
-10.8486  0.00033581
-10.8192  0.000319284
-10.7898  0.000302244
-10.7604  0.000284802
-10.731  0.000267072
-10.7016  0.000249174
-10.6722  0.000231215
-10.6428  0.000213322
-10.6134  0.00019561
-10.584  0.000178196
-10.5546  0.000161201
-10.5252  0.000144741
-10.4958  0.000128922
-10.4664  0.000113857
-10.437  9.96454e-05
-10.4076  8.63908e-05
-10.3782  7.41825e-05
-10.3488  6.31076e-05
-10.3194  5.32431e-05
-10.29  4.46617e-05
-10.2606  3.74244e-05
-10.2312  3.15832e-05
-10.2018  2.7182e-05
-10.1724  2.42558e-05
-10.143  2.28212e-05
-10.1136  2.28972e-05
-10.0842  2.44807e-05
-10.0548  2.75629e-05
-10.0254  3.2121e-05
-9.996  3.81232e-05
-9.9666  4.55235e-05
-9.9372  5.42694e-05
-9.9078  6.42942e-05
-9.8784  7.55181e-05
-9.849  8.78602e-05
-9.8196  0.000101219
-9.7902  0.000115488
-9.7608  0.000130557
-9.7314  0.000146296
-9.702  0.000162582
-9.6726  0.000179274
-9.6432  0.000196229
-9.6138  0.000213305
-9.5844  0.000230341
-9.555  0.0002472
-9.5256  0.000263712
-9.4962  0.000279728
-9.4668  0.000295092
-9.4374  0.000309654
-9.408  0.000323262
-9.3786  0.000335777
-9.3492  0.000347045
-9.3198  0.000356952
-9.2904  0.000365363
-9.261  0.000372172
-9.2316  0.000377274
-9.2022  0.000380573
-9.1728  0.000382002
-9.1434  0.00038149
-9.114  0.000379005
-9.0846  0.000374508
-9.0552  0.000367993
-9.0258  0.000359466
-8.9964  0.000348974
-8.967  0.000336561
-8.9376  0.000322303
-8.9082  0.000306308
-8.8788  0.000288696
-8.8494  0.000269624
-8.82  0.000249268
-8.7906  0.000227838
-8.7612  0.000205569
-8.7318  0.000182725
-8.7024  0.000159602
-8.673  0.000136522
-8.6436  0.000113842
-8.6142  9.19501e-05
-8.5848  7.12605e-05
-8.5554  5.22316e-05
-8.526  3.53453e-05
-8.4966  2.11191e-05
-8.4672  1.01025e-05
-8.4378  2.88352e-06
-8.4084  8.1081e-08
-8.379  2.35083e-06
-8.3496  1.03833e-05
-8.3202  2.49052e-05
-8.2908  4.66792e-05
-8.2614  7.65084e-05
-8.232  0.000115225
-8.2026  0.000163711
-8.1732  0.00022288
-8.1438  0.000293693
-8.1144  0.000377143
-8.085  0.000474273
-8.0556  0.000586162
-8.0262  0.000713955
-7.9968  0.00085881
-7.9674  0.00102197
-7.938  0.00120471
-7.9086  0.00140835
-7.8792  0.00163431
-7.8498  0.001884
-7.8204  0.00215896
-7.791  0.00246074
-7.7616  0.00279101
-7.7322  0.00315149
-7.7028  0.00354398
-7.6734  0.00397032
-7.644  0.00443256
-7.6146  0.00493272
-7.5852  0.00547299
-7.5558  0.00605562
-7.5264  0.00668301
-7.497  0.00735771
-7.4676  0.0080823
-7.4382  0.00885966
-7.4088  0.00969267
-7.3794  0.0105844
-7.35  0.0115383
-7.3206  0.0125576
-7.2912  0.0136461
-7.2618  0.0148076
-7.2324  0.0160463
-7.203  0.0173664
-7.1736  0.0187725
-7.1442  0.0202696
-7.1148  0.0218628
-7.0854  0.0235575
-7.056  0.0253596
-7.0266  0.0272751
-6.9972  0.0293108
-6.9678  0.0314734
-6.9384  0.0337704
-6.909  0.0362097
-6.8796  0.0387995
-6.8502  0.0415486
-6.8208  0.0444665
-6.7914  0.0475631
-6.762  0.050849
-6.7326  0.0543354
-6.7032  0.0580343
-6.6738  0.0619584
-6.6444  0.0661211
-6.615  0.0705367
-6.5856  0.0752205
-6.5562  0.0801884
-6.5268  0.0854577
-6.4974  0.0910463
-6.468  0.0969737
-6.4386  0.10326
-6.4092  0.109927
-6.3798  0.116998
-6.3504  0.124497
-6.321  0.132449
-6.2916  0.140882
-6.2622  0.149824
-6.2328  0.159307
-6.2034  0.169363
-6.174  0.180025
-6.1446  0.19133
-6.1152  0.203315
-6.0858  0.216022
-6.0564  0.229492
-6.027  0.243772
-5.9976  0.258907
-5.9682  0.274948
-5.9388  0.291948
-5.9094  0.309962
-5.88  0.329049
-5.8506  0.349271
-5.8212  0.370692
-5.7918  0.39338
-5.7624  0.417407
-5.733  0.442849
-5.7036  0.469784
-5.6742  0.498296
-5.6448  0.528473
-5.6154  0.560404
-5.586  0.594187
-5.5566  0.629922
-5.5272  0.667713
-5.4978  0.707673
-5.4684  0.749914
-5.439  0.794558
-5.4096  0.841731
-5.3802  0.891564
-5.3508  0.944194
-5.3214  0.999765
-5.292  1.05843
-5.2626  1.12033
-5.2332  1.18564
-5.2038  1.25453
-5.1744  1.32717
-5.145  1.40374
-5.1156  1.48444
-5.0862  1.56945
-5.0568  1.65899
-5.0274  1.75326
-4.998  1.85248
-4.9686  1.95689
-4.9392  2.06671
-4.9098  2.18218
-4.8804  2.30357
-4.851  2.43112
-4.8216  2.56511
-4.7922  2.70581
-4.7628  2.8535
-4.7334  3.00849
-4.704  3.17106
-4.6746  3.34154
-4.6452  3.52023
-4.6158  3.70747
-4.5864  3.90359
-4.557  4.10894
-4.5276  4.32387
-4.4982  4.54874
-4.4688  4.78392
-4.4394  5.02979
-4.41  5.28674
-4.3806  5.55515
-4.3512  5.83544
-4.3218  6.12802
-4.2924  6.43329
-4.263  6.75168
-4.2336  7.08363
-4.2042  7.42957
-4.1748  7.78995
-4.1454  8.16522
-4.116  8.55583
-4.0866  8.96225
-4.0572  9.38494
-4.0278  9.82437
-3.9984  10.281
-3.969  10.7554
-3.9396  11.2479
-3.9102  11.759
-3.8808  12.2894
-3.8514  12.8393
-3.822  13.4094
-3.7926  14
-3.7632  14.6118
-3.7338  15.2451
-3.7044  15.9005
-3.675  16.5784
-3.6456  17.2793
-3.6162  18.0038
-3.5868  18.7521
-3.5574  19.5249
-3.528  20.3226
-3.4986  21.1455
-3.4692  21.9942
-3.4398  22.8691
-3.4104  23.7705
-3.381  24.699
-3.3516  25.6548
-3.3222  26.6384
-3.2928  27.6502
-3.2634  28.6904
-3.234  29.7594
-3.2046  30.8575
-3.1752  31.9851
-3.1458  33.1423
-3.1164  34.3295
-3.087  35.5469
-3.0576  36.7947
-3.0282  38.073
-2.9988  39.3822
-2.9694  40.7222
-2.94  42.0931
-2.9106  43.4952
-2.8812  44.9284
-2.8518  46.3928
-2.8224  47.8883
-2.793  49.415
-2.7636  50.9727
-2.7342  52.5614
-2.7048  54.1809
-2.6754  55.831
-2.646  57.5116
-2.6166  59.2224
-2.5872  60.9631
-2.5578  62.7335
-2.5284  64.5332
-2.499  66.3617
-2.4696  68.2187
-2.4402  70.1037
-2.4108  72.0162
-2.3814  73.9556
-2.352  75.9214
-2.3226  77.9129
-2.2932  79.9295
-2.2638  81.9705
-2.2344  84.0351
-2.205  86.1226
-2.1756  88.232
-2.1462  90.3626
-2.1168  92.5134
-2.0874  94.6836
-2.058  96.872
-2.0286  99.0778
-1.9992  101.3
-1.9698  103.537
-1.9404  105.788
-1.911  108.052
-1.8816  110.327
-1.8522  112.613
-1.8228  114.908
-1.7934  117.211
-1.764  119.52
-1.7346  121.835
-1.7052  124.153
-1.6758  126.473
-1.6464  128.794
-1.617  131.114
-1.5876  133.433
-1.5582  135.747
-1.5288  138.056
-1.4994  140.359
-1.47  142.653
-1.4406  144.937
-1.4112  147.209
-1.3818  149.468
-1.3524  151.713
-1.323  153.941
-1.2936  156.15
-1.2642  158.34
-1.2348  160.508
-1.2054  162.653
-1.176  164.774
-1.1466  166.868
-1.1172  168.933
-1.0878  170.969
-1.0584  172.974
-1.029  174.946
-0.9996  176.883
-0.9702  178.784
-0.9408  180.647
-0.9114  182.471
-0.882  184.254
-0.8526  185.994
-0.8232  187.691
-0.7938  189.342
-0.7644  190.947
-0.735  192.504
-0.7056  194.011
-0.6762  195.468
-0.6468  196.872
-0.6174  198.224
-0.588  199.521
-0.5586  200.762
-0.5292  201.946
-0.4998  203.073
-0.4704  204.141
-0.441  205.149
-0.4116  206.097
-0.3822  206.983
-0.3528  207.806
-0.3234  208.567
-0.294  209.264
-0.2646  209.896
-0.2352  210.464
-0.2058  210.965
-0.1764  211.401
-0.147  211.771
-0.1176  212.074
-0.0882  212.309
-0.0588  212.478
-0.0294  212.579
-6.77626e-15  212.613
0.0294  212.579
0.0588  212.478
0.0882  212.309
0.1176  212.074
0.147  211.771
0.1764  211.401
0.2058  210.965
0.2352  210.464
0.2646  209.896
0.294  209.264
0.3234  208.567
0.3528  207.806
0.3822  206.983
0.4116  206.097
0.441  205.149
0.4704  204.141
0.4998  203.073
0.5292  201.946
0.5586  200.762
0.588  199.521
0.6174  198.224
0.6468  196.872
0.6762  195.468
0.7056  194.011
0.735  192.504
0.7644  190.947
0.7938  189.342
0.8232  187.691
0.8526  185.994
0.882  184.254
0.9114  182.471
0.9408  180.647
0.9702  178.784
0.9996  176.883
1.029  174.946
1.0584  172.974
1.0878  170.969
1.1172  168.933
1.1466  166.868
1.176  164.774
1.2054  162.653
1.2348  160.508
1.2642  158.34
1.2936  156.15
1.323  153.941
1.3524  151.713
1.3818  149.468
1.4112  147.209
1.4406  144.937
1.47  142.653
1.4994  140.359
1.5288  138.056
1.5582  135.747
1.5876  133.433
1.617  131.114
1.6464  128.794
1.6758  126.473
1.7052  124.153
1.7346  121.835
1.764  119.52
1.7934  117.211
1.8228  114.908
1.8522  112.613
1.8816  110.327
1.911  108.052
1.9404  105.788
1.9698  103.537
1.9992  101.3
2.0286  99.0778
2.058  96.872
2.0874  94.6836
2.1168  92.5134
2.1462  90.3626
2.1756  88.232
2.205  86.1226
2.2344  84.0351
2.2638  81.9705
2.2932  79.9295
2.3226  77.9129
2.352  75.9214
2.3814  73.9556
2.4108  72.0162
2.4402  70.1037
2.4696  68.2187
2.499  66.3617
2.5284  64.5332
2.5578  62.7335
2.5872  60.9631
2.6166  59.2224
2.646  57.5116
2.6754  55.831
2.7048  54.1809
2.7342  52.5614
2.7636  50.9727
2.793  49.415
2.8224  47.8883
2.8518  46.3928
2.8812  44.9284
2.9106  43.4952
2.94  42.0931
2.9694  40.7222
2.9988  39.3822
3.0282  38.073
3.0576  36.7947
3.087  35.5469
3.1164  34.3295
3.1458  33.1423
3.1752  31.9851
3.2046  30.8575
3.234  29.7594
3.2634  28.6904
3.2928  27.6502
3.3222  26.6384
3.3516  25.6548
3.381  24.699
3.4104  23.7705
3.4398  22.8691
3.4692  21.9942
3.4986  21.1455
3.528  20.3226
3.5574  19.5249
3.5868  18.7521
3.6162  18.0038
3.6456  17.2793
3.675  16.5784
3.7044  15.9005
3.7338  15.2451
3.7632  14.6118
3.7926  14
3.822  13.4094
3.8514  12.8393
3.8808  12.2894
3.9102  11.759
3.9396  11.2479
3.969  10.7554
3.9984  10.281
4.0278  9.82437
4.0572  9.38494
4.0866  8.96225
4.116  8.55583
4.1454  8.16522
4.1748  7.78995
4.2042  7.42957
4.2336  7.08363
4.263  6.75168
4.2924  6.43329
4.3218  6.12802
4.3512  5.83544
4.3806  5.55515
4.41  5.28674
4.4394  5.02979
4.4688  4.78392
4.4982  4.54874
4.5276  4.32387
4.557  4.10894
4.5864  3.90359
4.6158  3.70747
4.6452  3.52023
4.6746  3.34154
4.704  3.17106
4.7334  3.00849
4.7628  2.8535
4.7922  2.70581
4.8216  2.56511
4.851  2.43112
4.8804  2.30357
4.9098  2.18218
4.9392  2.06671
4.9686  1.95689
4.998  1.85248
5.0274  1.75326
5.0568  1.65899
5.0862  1.56945
5.1156  1.48444
5.145  1.40374
5.1744  1.32717
5.2038  1.25453
5.2332  1.18564
5.2626  1.12033
5.292  1.05843
5.3214  0.999765
5.3508  0.944194
5.3802  0.891564
5.4096  0.841731
5.439  0.794558
5.4684  0.749914
5.4978  0.707673
5.5272  0.667713
5.5566  0.629922
5.586  0.594187
5.6154  0.560404
5.6448  0.528473
5.6742  0.498296
5.7036  0.469784
5.733  0.442849
5.7624  0.417407
5.7918  0.39338
5.8212  0.370692
5.8506  0.349271
5.88  0.329049
5.9094  0.309962
5.9388  0.291948
5.9682  0.274948
5.9976  0.258907
6.027  0.243772
6.0564  0.229492
6.0858  0.216022
6.1152  0.203315
6.1446  0.19133
6.174  0.180025
6.2034  0.169363
6.2328  0.159307
6.2622  0.149824
6.2916  0.140882
6.321  0.132449
6.3504  0.124497
6.3798  0.116998
6.4092  0.109927
6.4386  0.10326
6.468  0.0969737
6.4974  0.0910463
6.5268  0.0854577
6.5562  0.0801884
6.5856  0.0752205
6.615  0.0705367
6.6444  0.0661211
6.6738  0.0619584
6.7032  0.0580343
6.7326  0.0543354
6.762  0.050849
6.7914  0.0475631
6.8208  0.0444665
6.8502  0.0415486
6.8796  0.0387995
6.909  0.0362097
6.9384  0.0337704
6.9678  0.0314734
6.9972  0.0293108
7.0266  0.0272751
7.056  0.0253596
7.0854  0.0235575
7.1148  0.0218628
7.1442  0.0202696
7.1736  0.0187725
7.203  0.0173664
7.2324  0.0160463
7.2618  0.0148076
7.2912  0.0136461
7.3206  0.0125576
7.35  0.0115383
7.3794  0.0105844
7.4088  0.00969267
7.4382  0.00885966
7.4676  0.0080823
7.497  0.00735771
7.5264  0.00668301
7.5558  0.00605562
7.5852  0.00547299
7.6146  0.00493272
7.644  0.00443256
7.6734  0.00397032
7.7028  0.00354398
7.7322  0.00315149
7.7616  0.00279101
7.791  0.00246074
7.8204  0.00215896
7.8498  0.001884
7.8792  0.00163431
7.9086  0.00140835
7.938  0.00120471
7.9674  0.00102197
7.9968  0.00085881
8.0262  0.000713955
8.0556  0.000586162
8.085  0.000474273
8.1144  0.000377143
8.1438  0.000293693
8.1732  0.00022288
8.2026  0.000163711
8.232  0.000115225
8.2614  7.65084e-05
8.2908  4.66792e-05
8.3202  2.49052e-05
8.3496  1.03833e-05
8.379  2.35083e-06
8.4084  8.1081e-08
8.4378  2.88352e-06
8.4672  1.01025e-05
8.4966  2.11191e-05
8.526  3.53453e-05
8.5554  5.22316e-05
8.5848  7.12605e-05
8.6142  9.19501e-05
8.6436  0.000113842
8.673  0.000136522
8.7024  0.000159602
8.7318  0.000182725
8.7612  0.000205569
8.7906  0.000227838
8.82  0.000249268
8.8494  0.000269624
8.8788  0.000288696
8.9082  0.000306308
8.9376  0.000322303
8.967  0.000336561
8.9964  0.000348974
9.0258  0.000359466
9.0552  0.000367993
9.0846  0.000374508
9.114  0.000379005
9.1434  0.00038149
9.1728  0.000382002
9.2022  0.000380573
9.2316  0.000377274
9.261  0.000372172
9.2904  0.000365363
9.3198  0.000356952
9.3492  0.000347045
9.3786  0.000335777
9.408  0.000323262
9.4374  0.000309654
9.4668  0.000295092
9.4962  0.000279728
9.5256  0.000263712
9.555  0.0002472
9.5844  0.000230341
9.6138  0.000213305
9.6432  0.000196229
9.6726  0.000179274
9.702  0.000162582
9.7314  0.000146296
9.7608  0.000130557
9.7902  0.000115488
9.8196  0.000101219
9.849  8.78602e-05
9.8784  7.55181e-05
9.9078  6.42942e-05
9.9372  5.42694e-05
9.9666  4.55235e-05
9.996  3.81232e-05
10.0254  3.2121e-05
10.0548  2.75629e-05
10.0842  2.44807e-05
10.1136  2.28972e-05
10.143  2.28212e-05
10.1724  2.42558e-05
10.2018  2.7182e-05
10.2312  3.15832e-05
10.2606  3.74244e-05
10.29  4.46617e-05
10.3194  5.32431e-05
10.3488  6.31076e-05
10.3782  7.41825e-05
10.4076  8.63908e-05
10.437  9.96454e-05
10.4664  0.000113857
10.4958  0.000128922
10.5252  0.000144741
10.5546  0.000161201
10.584  0.000178196
10.6134  0.00019561
10.6428  0.000213322
10.6722  0.000231215
10.7016  0.000249174
10.731  0.000267072
10.7604  0.000284802
10.7898  0.000302244
10.8192  0.000319284
10.8486  0.00033581
10.878  0.000351727
10.9074  0.000366923
10.9368  0.000381312
10.9662  0.000394795
10.9956  0.000407293
11.025  0.000418735
11.0544  0.00042904
11.0838  0.000438158
11.1132  0.000446028
11.1426  0.00045261
11.172  0.000457871
11.2014  0.00046177
11.2308  0.000464301
11.2602  0.000465456
11.2896  0.000465222
11.319  0.000463603
11.3484  0.00046064
11.3778  0.000456327
11.4072  0.000450716
11.4366  0.000443844
11.466  0.00043576
11.4954  0.000426516
11.5248  0.000416175
11.5542  0.000404806
11.5836  0.000392484
11.613  0.000379291
11.6424  0.00036531
11.6718  0.000350623
11.7012  0.00033533
11.7306  0.00031953
11.76  0.00030331
11.7894  0.000286777
11.8188  0.000270032
11.8482  0.000253168
11.8776  0.000236292
11.907  0.000219506
11.9364  0.000202903
11.9658  0.000186582
11.9952  0.000170637
12.0246  0.000155156
12.054  0.000140227
12.0834  0.000125935
12.1128  0.000112355
12.1422  9.95579e-05
12.1716  8.76138e-05
12.201  7.6584e-05
12.2304  6.65197e-05
12.2598  5.74722e-05
12.2892  4.94842e-05
12.3186  4.25852e-05
12.348  3.68054e-05
12.3774  3.21652e-05
12.4068  2.86758e-05
12.4362  2.63423e-05
12.4656  2.51654e-05
12.495  2.51335e-05
12.5244  2.62309e-05
12.5538  2.84347e-05
12.5832  3.17171e-05
12.6126  3.60376e-05
12.642  4.1358e-05
12.6714  4.76286e-05
12.7008  5.47968e-05
12.7302  6.28004e-05
12.7596  7.158e-05
12.789  8.10673e-05
12.8184  9.11912e-05
12.8478  0.000101872
12.8772  0.000113042
12.9066  0.000124611
12.936  0.000136507
12.9654  0.000148641
12.9948  0.000160932
13.0242  0.000173298
13.0536  0.000185656
13.083  0.000197918
13.1124  0.000210013
13.1418  0.000221851
13.1712  0.000233365
13.2006  0.000244475
13.23  0.000255114
13.2594  0.000265215
13.2888  0.00027471
13.3182  0.000283551
13.3476  0.000291675
13.377  0.000299034
13.4064  0.000305592
13.4358  0.000311303
13.4652  0.000316138
13.4946  0.000320066
13.524  0.000323073
13.5534  0.000325145
13.5828  0.000326269
13.6122  0.000326448
13.6416  0.000325681
13.671  0.000323973
13.7004  0.000321341
13.7298  0.000317815
13.7592  0.000313418
13.7886  0.000308177
13.818  0.000302129
13.8474  0.000295318
13.8768  0.000287788
13.9062  0.000279588
13.9356  0.000270781
13.965  0.000261409
13.9944  0.000251542
14.0238  0.000241238
14.0532  0.000230566
14.0826  0.000219586
14.112  0.000208372
14.1414  0.000196988
14.1708  0.000185508
14.2002  0.000173993
14.2296  0.000162521
14.259  0.000151158
14.2884  0.000139963
14.3178  0.000129006
14.3472  0.000118352
14.3766  0.000108063
14.406  9.81869e-05
14.4354  8.8786e-05
14.4648  7.99074e-05
14.4942  7.16023e-05
14.5236  6.39109e-05
14.553  5.68721e-05
14.5824  5.05243e-05
14.6118  4.48916e-05
14.6412  4.00044e-05
14.6706  3.58805e-05
14.7  3.25351e-05
14.7294  2.99791e-05
14.7588  2.82187e-05
14.7882  2.72538e-05
14.8176  2.708e-05
14.847  2.76856e-05
14.8764  2.90605e-05
14.9058  3.11827e-05
14.9352  3.40296e-05
14.9646  3.75731e-05
14.994  4.1782e-05
15.0234  4.662e-05
15.0528  5.20466e-05
15.0822  5.80209e-05
15.1116  6.44974e-05
15.141  7.14299e-05
15.1704  7.87588e-05
15.1998  8.644e-05
15.2292  9.44176e-05
15.2586  0.000102631
15.288  0.000111029
15.3174  0.000119547
15.3468  0.000128136
15.3762  0.000136729
15.4056  0.000145278
15.435  0.00015372
15.4644  0.000162002
15.4938  0.000170066
15.5232  0.000177871
15.5526  0.000185357
15.582  0.000192481
15.6114  0.000199194
15.6408  0.000205462
15.6702  0.000211237
15.6996  0.00021649
15.729  0.000221193
15.7584  0.000225309
15.7878  0.000228818
15.8172  0.000231699
15.8466  0.000233941
15.876  0.00023553
15.9054  0.000236459
15.9348  0.000236726
15.9642  0.000236329
15.9936  0.000235271
16.023  0.000233565
16.0524  0.000231231
16.0818  0.000228276
16.1112  0.000224721
16.1406  0.000220601
16.17  0.000215935
16.1994  0.000210753
16.2288  0.000205097
16.2582  0.000199
16.2876  0.000192502
16.317  0.00018564
16.3464  0.000178461
16.3758  0.000171014
16.4052  0.000163342
16.4346  0.000155489
16.464  0.000147512
16.4934  0.00013945
16.5228  0.000131364
16.5522  0.000123289
16.5816  0.000115283
16.611  0.000107389
16.6404  9.9654e-05
16.6698  9.21228e-05
16.6992  8.4841e-05
16.7286  7.78475e-05
16.758  7.11825e-05
16.7874  6.48851e-05
16.8168  5.89857e-05
16.8462  5.35163e-05
16.8756  4.85076e-05
16.905  4.39871e-05
16.9344  3.99728e-05
16.9638  3.64841e-05
16.9932  3.35384e-05
17.0226  3.11482e-05
17.052  2.93193e-05
17.0814  2.80562e-05
17.1108  2.73627e-05
17.1402  2.72352e-05
17.1696  2.76673e-05
17.199  2.86494e-05
17.2284  3.01717e-05
17.2578  3.22132e-05
17.2872  3.47573e-05
17.3166  3.77823e-05
17.346  4.12627e-05
17.3754  4.51697e-05
17.4048  4.94745e-05
17.4342  5.41435e-05
17.4636  5.91405e-05
17.493  6.44346e-05
17.5224  6.99819e-05
17.5518  7.57468e-05
17.5812  8.16855e-05
17.6106  8.77636e-05
17.64  9.39304e-05
17.6694  0.000100152
17.6988  0.000106381
17.7282  0.00011258
17.7576  0.000118705
17.787  0.000124716
17.8164  0.000130573
17.8458  0.000136242
17.8752  0.000141681
17.9046  0.000146857
17.934  0.000151739
17.9634  0.000156291
17.9928  0.00016049
18.0222  0.000164311
18.0516  0.000167725
18.081  0.000170713
18.1104  0.00017326
18.1398  0.000175351
18.1692  0.000176963
18.1986  0.000178108
18.228  0.000178763
18.2574  0.000178928
18.2868  0.000178606
18.3162  0.000177804
18.3456  0.000176523
18.375  0.000174773
18.4044  0.000172569
18.4338  0.000169927
18.4632  0.000166861
18.4926  0.000163397
18.522  0.000159552
18.5514  0.000155353
18.5808  0.00015083
18.6102  0.000146009
18.6396  0.000140923
18.669  0.000135602
18.6984  0.000130082
18.7278  0.000124397
18.7572  0.000118582
18.7866  0.000112669
18.816  0.000106701
18.8454  0.000100712
18.8748  9.47416e-05
18.9042  8.882e-05
18.9336  8.29854e-05
18.963  7.72768e-05
18.9924  7.17217e-05
19.0218  6.63541e-05
19.0512  6.1209e-05
19.0806  5.63122e-05
19.11  5.16947e-05
19.1394  4.73807e-05
19.1688  4.33925e-05
19.1982  3.97553e-05
19.2276  3.64893e-05
19.257  3.36048e-05
19.2864  3.11232e-05
19.3158  2.9054e-05
19.3452  2.74048e-05
19.3746  2.61837e-05
19.404  2.53939e-05
19.4334  2.50357e-05
19.4628  2.51102e-05
19.4922  2.56095e-05
19.5216  2.65271e-05
19.551  2.78546e-05
19.5804  2.95764e-05
19.6098  3.16821e-05
19.6392  3.41518e-05
19.6686  3.69668e-05
19.698  4.01062e-05
19.7274  4.35469e-05
19.7568  4.72633e-05
19.7862  5.1229e-05
19.8156  5.54131e-05
19.845  5.97909e-05
19.8744  6.43306e-05
19.9038  6.90001e-05
19.9332  7.37648e-05
19.9626  7.85978e-05
19.992  8.34655e-05
20.0214  8.83326e-05
20.0508  9.31682e-05
20.0802  9.79366e-05
20.1096  0.000102613
20.139  0.000107164
20.1684  0.000111557
20.1978  0.000115769
20.2272  0.000119766
20.2566  0.000123528
20.286  0.000127028
20.3154  0.000130244
20.3448  0.000133156
20.3742  0.000135745
20.4036  0.000137995
20.433  0.00013989
20.4624  0.000141424
20.4918  0.000142585
20.5212  0.000143359
20.5506  0.000143756
20.58  0.000143761
20.6094  0.000143379
20.6388  0.000142617
20.6682  0.00014147
20.6976  0.000139958
20.727  0.000138084
20.7564  0.00013586
20.7858  0.000133303
20.8152  0.000130431
20.8446  0.000127258
20.874  0.000123806
20.9034  0.0001201
20.9328  0.000116161
20.9622  0.000112011
20.9916  0.000107683
21.021  0.000103196
21.0504  9.85858e-05
21.0798  9.3876e-05
21.1092  8.90969e-05
21.1386  8.42792e-05
21.168  7.94524e-05
21.1974  7.4646e-05
21.2268  6.98886e-05
21.2562  6.52088e-05
21.2856  6.06368e-05
21.315  5.61991e-05
21.3444  5.19233e-05
21.3738  4.78317e-05
21.4032  4.39541e-05
21.4326  4.03092e-05
21.462  3.69189e-05
21.4914  3.38028e-05
21.5208  3.098e-05
21.5502  2.84647e-05
21.5796  2.62721e-05
21.609  2.44121e-05
21.6384  2.28963e-05
21.6678  2.17304e-05
21.6972  2.0923e-05
21.7266  2.04731e-05
21.756  2.03834e-05
21.7854  2.06513e-05
21.8148  2.12734e-05
21.8442  2.22436e-05
21.8736  2.35536e-05
21.903  2.51952e-05
21.9324  2.71506e-05
21.9618  2.94121e-05
21.9912  3.19576e-05
22.0206  3.47726e-05
22.05  3.7837e-05
22.0794  4.11282e-05
22.1088  4.46253e-05
22.1382  4.83053e-05
22.1676  5.21396e-05
22.197  5.61069e-05
22.2264  6.01796e-05
22.2558  6.43298e-05
22.2852  6.85308e-05
22.3146  7.27525e-05
22.344  7.69711e-05
22.3734  8.11574e-05
22.4028  8.52813e-05
22.4322  8.93193e-05
22.4616  9.32476e-05
22.491  9.70377e-05
22.5204  0.000100662
22.5498  0.000104101
22.5792  0.000107333
22.6086  0.000110337
22.638  0.00011309
22.6674  0.00011558
22.6968  0.000117787
22.7262  0.000119696
22.7556  0.0001213
22.785  0.000122583
22.8144  0.000123542
22.8438  0.000124167
22.8732  0.000124456
22.9026  0.000124405
22.932  0.000124016
22.9614  0.000123292
22.9908  0.000122238
23.0202  0.000120855
23.0496  0.000119159
23.079  0.000117157
23.1084  0.000114859
23.1378  0.000112285
23.1672  0.000109446
23.1966  0.000106362
23.226  0.000103051
23.2554  9.95353e-05
23.2848  9.5836e-05
23.3142  9.19739e-05
23.3436  8.79743e-05
23.373  8.38646e-05
23.4024  7.96642e-05
23.4318  7.54064e-05
23.4612  7.11115e-05
23.4906  6.68047e-05
23.52  6.25176e-05
23.5494  5.82731e-05
23.5788  5.4097e-05
23.6082  5.00171e-05
23.6376  4.60582e-05
23.667  4.22403e-05
23.6964  3.85908e-05
23.7258  3.51282e-05
23.7552  3.18746e-05
23.7846  2.88509e-05
23.814  2.60735e-05
23.8434  2.35588e-05
23.8728  2.13221e-05
23.9022  1.93765e-05
23.9316  1.77334e-05
23.961  1.64005e-05
23.9904  1.53871e-05
24.0198  1.46977e-05
24.0492  1.43346e-05
24.0786  1.43012e-05
24.108  1.45953e-05
24.1374  1.5214e-05
24.1668  1.61532e-05
24.1962  1.74057e-05
24.2256  1.89631e-05
24.255  2.0814e-05
24.2844  2.29465e-05
24.3138  2.5348e-05
24.3432  2.8e-05
24.3726  3.08856e-05
24.402  3.39879e-05
24.4314  3.72851e-05
24.4608  4.07589e-05
24.4902  4.43812e-05
24.5196  4.81351e-05
24.549  5.19933e-05
24.5784  5.59304e-05
24.6078  5.99242e-05
24.6372  6.39461e-05
24.6666  6.79719e-05
24.696  7.19786e-05
24.7254  7.59383e-05
24.7548  7.9824e-05
24.7842  8.36155e-05
24.8136  8.72854e-05
24.843  9.08152e-05
24.8724  9.41764e-05
24.9018  9.73514e-05
24.9312  0.000100319
24.9606  0.000103061
24.99  0.000105561
25.0194  0.000107801
25.0488  0.000109771
25.0782  0.000111451
25.1076  0.000112835
25.137  0.000113916
25.1664  0.000114686
25.1958  0.000115136
25.2252  0.000115268
25.2546  0.000115078
25.284  0.000114566
25.3134  0.000113739
25.3428  0.000112596
25.3722  0.000111151
25.4016  0.000109403
25.431  0.000107371
25.4604  0.000105062
25.4898  0.000102496
25.5192  9.96827e-05
25.5486  9.66387e-05
25.578  9.33873e-05
25.6074  8.99437e-05
25.6368  8.63307e-05
25.6662  8.25702e-05
25.6956  7.86843e-05
25.725  7.4697e-05
25.7544  7.06314e-05
25.7838  6.65134e-05
25.8132  6.23674e-05
25.8426  5.82185e-05
25.872  5.40912e-05
25.9014  5.00106e-05
25.9308  4.6004e-05
25.9602  4.20917e-05
25.9896  3.8299e-05
26.019  3.4649e-05
26.0484  3.1163e-05
26.0778  2.78608e-05
26.1072  2.47642e-05
26.1366  2.18927e-05
26.166  1.92618e-05
26.1954  1.68856e-05
26.2248  1.47806e-05
26.2542  1.29594e-05
26.2836  1.14324e-05
26.313  1.02074e-05
26.3424  9.29302e-06
26.3718  8.69273e-06
26.4012  8.41178e-06
26.4306  8.4503e-06
26.46  8.80918e-06
26.4894  9.48419e-06
26.5188  1.04723e-05
26.5482  1.17655e-05
26.5776  1.33574e-05
26.607  1.52361e-05
26.6364  1.73915e-05
26.6658  1.98095e-05
26.6952  2.24755e-05
26.7246  2.5373e-05
26.754  2.84828e-05
26.7834  3.17861e-05
26.8128  3.52632e-05
26.8422  3.88933e-05
26.8716  4.26546e-05
26.901  4.65198e-05
26.9304  5.04697e-05
26.9598  5.44773e-05
26.9892  5.85229e-05
27.0186  6.25724e-05
27.048  6.66085e-05
27.0774  7.06061e-05
27.1068  7.45351e-05
27.1362  7.83785e-05
27.1656  8.2111e-05
27.195  8.57029e-05
27.2244  8.91392e-05
27.2538  9.23981e-05
27.2832  9.54594e-05
27.3126  9.83022e-05
27.342  0.000100908
27.3714  0.000103269
27.4008  0.000105357
27.4302  0.000107171
27.4596  0.000108695
27.489  0.000109918
27.5184  0.000110837
27.5478  0.000111444
27.5772  0.000111732
27.6066  0.0001117
27.636  0.000111352
27.6654  0.000110685
27.6948  0.000109706
27.7242  0.000108419
27.7536  0.000106832
27.783  0.000104954
27.8124  0.000102795
27.8418  0.000100371
27.8712  9.7693e-05
27.9006  9.47775e-05
27.93  9.16434e-05
27.9594  8.83081e-05
27.9888  8.47916e-05
28.0182  8.11117e-05
28.0476  7.72944e-05
28.077  7.33632e-05
28.1064  6.93397e-05
28.1358  6.52473e-05
28.1652  6.11095e-05
28.1946  5.69515e-05
28.224  5.28001e-05
28.2534  4.86791e-05
28.2828  4.46096e-05
28.3122  4.06217e-05
28.3416  3.6735e-05
28.371  3.2973e-05
28.4004  2.93608e-05
28.4298  2.5917e-05
28.4592  2.26644e-05
28.4886  1.96188e-05
28.518  1.68023e-05
28.5474  1.423e-05
28.5768  1.19178e-05
28.6062  9.87608e-06
28.6356  8.12178e-06
28.665  6.66218e-06
28.6944  5.50703e-06
28.7238  4.66334e-06
28.7532  4.1356e-06
28.7826  3.92714e-06
28.812  4.03827e-06
28.8414  4.46961e-06
28.8708  5.21722e-06
28.9002  6.27855e-06
28.9296  7.64443e-06
28.959  9.30914e-06
28.9884  1.12608e-05
29.0178  1.34882e-05
29.0472  1.59791e-05
29.0766  1.87178e-05
29.106  2.16864e-05
29.1354  2.48709e-05
29.1648  2.82475e-05
29.1942  3.18e-05
29.2236  3.55044e-05
29.253  3.93398e-05
29.2824  4.32844e-05
29.3118  4.73113e-05
29.3412  5.14006e-05
29.3706  5.55233e-05
29.4  5.9659e-05
29.4294  6.37804e-05
29.4588  6.78649e-05
29.4882  7.18859e-05
29.5176  7.58195e-05
29.547  7.9645e-05
29.5764  8.33356e-05
29.6058  8.68726e-05
29.6352  9.02317e-05
29.6646  9.33961e-05
29.694  9.63442e-05
29.7234  9.90586e-05
29.7528  0.000101527
29.7822  0.000103727
29.8116  0.000105652
29.841  0.000107291
29.8704  0.000108625
29.8998  0.000109658
29.9292  0.000110371
29.9586  0.000110773
29.988  0.000110852
30.0174  0.000110614
30.0468  0.000110052
30.0762  0.000109175
30.1056  0.000107986
30.135  0.000106493
30.1644  0.000104707
30.1938  0.000102631
30.2232  0.000100288
30.2526  9.76767e-05
30.282  9.48285e-05
30.3114  9.17473e-05
30.3408  8.84618e-05
30.3702  8.49811e-05
30.3996  8.13332e-05
30.429  7.75383e-05
30.4584  7.36132e-05
30.4878  6.95881e-05
30.5172  6.54798e-05
30.5466  6.1321e-05
30.576  5.71286e-05
30.6054  5.2929e-05
30.6348  4.87493e-05
30.6642  4.46124e-05
30.6936  4.05429e-05
30.723  3.6563e-05
30.7524  3.2699e-05
30.7818  2.8972e-05
30.8112  2.54042e-05
30.8406  2.20155e-05
30.87  1.8828e-05
30.8994  1.58581e-05
30.9288  1.31248e-05
30.9582  1.06439e-05
30.9876  8.42765e-06
31.017  6.49323e-06
31.0464  4.84884e-06
31.0758  3.5047e-06
31.1052  2.46936e-06
31.1346  1.74827e-06
31.164  1.34583e-06
31.1934  1.26463e-06
31.2228  1.5044e-06
31.2522  2.06416e-06
31.2816  2.94054e-06
31.311  4.12822e-06
31.3404  5.6212e-06
31.3698  7.40821e-06
31.3992  9.48112e-06
31.4286  1.18266e-05
31.458  1.44302e-05
31.4874  1.72782e-05
31.5168  2.03543e-05
31.5462  2.36385e-05
31.5756  2.71117e-05
31.605  3.07542e-05
31.6344  3.45442e-05
31.6638  3.84582e-05
31.6932  4.24762e-05
31.7226  4.65724e-05
31.752  5.07245e-05
31.7814  5.49051e-05
31.8108  5.90933e-05
31.8402  6.3262e-05
31.8696  6.73856e-05
31.899  7.1444e-05
31.9284  7.54102e-05
31.9578  7.92612e-05
31.9872  8.29778e-05
32.0166  8.65323e-05
32.046  8.99102e-05
32.0754  9.30848e-05
32.1048  9.60445e-05
32.1342  9.87664e-05
32.1636  0.000101238
32.193  0.000103443
32.2224  0.00010537
32.2518  0.000107007
32.2812  0.000108342
32.3106  0.00010937
32.34  0.000110087
32.3694  0.000110482
32.3988  0.00011056
32.4282  0.000110318
32.4576  0.000109754
32.487  0.000108874
32.5164  0.000107685
32.5458  0.00010619
32.5752  0.0001044
32.6046  0.000102327
32.634  9.99798e-05
32.6634  9.7371e-05
32.6928  9.45202e-05
32.7222  9.14447e-05
32.7516  8.81571e-05
32.781  8.46783e-05
32.8104  8.10296e-05
32.8398  7.72339e-05
32.8692  7.33103e-05
32.8986  6.928e-05
32.928  6.51723e-05
32.9574  6.10071e-05
32.9868  5.68083e-05
33.0162  5.26029e-05
33.0456  4.84131e-05
33.075  4.42656e-05
33.1044  4.01801e-05
33.1338  3.61827e-05
33.1632  3.22979e-05
33.1926  2.85478e-05
33.222  2.49522e-05
33.2514  2.15351e-05
33.2808  1.83133e-05
33.3102  1.53045e-05
33.3396  1.253e-05
33.369  1.00035e-05
33.3984  7.73965e-06
33.4278  5.75226e-06
33.4572  4.05203e-06
33.4866  2.6488e-06
33.516  1.55016e-06
33.5454  7.63268e-07
33.5748  2.92178e-07
33.6042  1.39189e-07
33.6336  3.05302e-07
33.663  7.89482e-07
33.6924  1.58853e-06
33.7218  2.69782e-06
33.7512  4.11042e-06
33.7806  5.81876e-06
33.81  7.8118e-06
33.8394  1.00789e-05
33.8688  1.26051e-05
33.8982  1.53775e-05
33.9276  1.83787e-05
33.957  2.15919e-05
33.9864  2.4997e-05
34.0158  2.85766e-05
34.0452  3.23077e-05
34.0746  3.61688e-05
34.104  4.01385e-05
34.1334  4.41927e-05
34.1628  4.83075e-05
34.1922  5.24614e-05
34.2216  5.6627e-05
34.251  6.07822e-05
34.2804  6.49028e-05
34.3098  6.89626e-05
34.3392  7.29401e-05
34.3686  7.68132e-05
34.398  8.05605e-05
34.4274  8.4155e-05
34.4568  8.75784e-05
34.4862  9.08125e-05
34.5156  9.38402e-05
34.545  9.66404e-05
34.5744  9.91979e-05
34.6038  0.000101497
34.6332  0.000103526
34.6626  0.000105274
34.692  0.000106729
34.7214  0.000107883
34.7508  0.000108732
34.7802  0.000109267
34.8096  0.000109487
34.839  0.000109392
34.8684  0.000108983
34.8978  0.000108259
34.9272  0.000107228
34.9566  0.000105894
34.986  0.000104262
35.0154  0.000102351
35.0448  0.000100161
35.0742  9.77132e-05
35.1036  9.50157e-05
35.133  9.20865e-05
35.1624  8.89424e-05
35.1918  8.56046e-05
35.2212  8.20883e-05
35.2506  7.84157e-05
35.28  7.46078e-05
35.3094  7.06867e-05
35.3388  6.66728e-05
35.3682  6.25913e-05
35.3976  5.84684e-05
35.427  5.43231e-05
35.4564  5.01815e-05
35.4858  4.60659e-05
35.5152  4.2001e-05
35.5446  3.80109e-05
35.574  3.41161e-05
35.6034  3.03425e-05
35.6328  2.67099e-05
35.6622  2.3237e-05
35.6916  1.99463e-05
35.721  1.68549e-05
35.7504  1.39819e-05
35.7798  1.1342e-05
35.8092  8.95118e-06
35.8386  6.82318e-06
35.868  4.96898e-06
35.8974  3.3999e-06
35.9268  2.12357e-06
35.9562  1.14766e-06
35.9856  4.77744e-07
36.015  1.16794e-07
36.0444  6.68604e-08
36.0738  3.27931e-07
36.1032  8.97812e-07
36.1326  1.77352e-06
36.162  2.94859e-06
36.1914  4.41708e-06
36.2208  6.17012e-06
36.2502  8.19644e-06
36.2796  1.04838e-05
36.309  1.30204e-05
36.3384  1.57906e-05
36.3678  1.87756e-05
36.3972  2.19634e-05
36.4266  2.53306e-05
36.456  2.88602e-05
36.4854  3.25304e-05
36.5148  3.63203e-05
36.5442  4.02077e-05
36.5736  4.41698e-05
36.603  4.8186e-05
36.6324  5.22312e-05
36.6618  5.62787e-05
36.6912  6.03095e-05
36.7206  6.43003e-05
36.75  6.82284e-05
36.7794  7.20693e-05
36.8088  7.5802e-05
36.8382  7.94012e-05
36.8676  8.28534e-05
36.897  8.61333e-05
36.9264  8.92253e-05
36.9558  9.21091e-05
36.9852  9.477e-05
37.0146  9.71933e-05
37.044  9.93613e-05
37.0734  0.000101269
37.1028  0.000102898
37.1322  0.000104241
37.1616  0.000105297
37.191  0.000106052
37.2204  0.000106506
37.2498  0.000106656
37.2792  0.000106498
37.3086  0.000106037
37.338  0.000105277
37.3674  0.000104219
37.3968  0.000102869
37.4262  0.000101241
37.4556  9.93365e-05
37.485  9.71704e-05
37.5144  9.47558e-05
37.5438  9.21044e-05
37.5732  8.92368e-05
37.6026  8.6162e-05
37.632  8.29039e-05
37.6614  7.94762e-05
37.6908  7.59041e-05
37.7202  7.22053e-05
37.7496  6.83996e-05
37.779  6.45115e-05
37.8084  6.05603e-05
37.8378  5.65708e-05
37.8672  5.25653e-05
37.8966  4.85659e-05
37.926  4.45983e-05
37.9554  4.06795e-05
37.9848  3.68359e-05
38.0142  3.30887e-05
38.0436  2.94574e-05
38.073  2.59651e-05
38.1024  2.26303e-05
38.1318  1.94693e-05
38.1612  1.6503e-05
38.1906  1.37466e-05
38.22  1.12178e-05
38.2494  8.9262e-06
38.2788  6.88796e-06
38.3082  5.11262e-06
38.3376  3.61095e-06
38.367  2.38969e-06
38.3964  1.45602e-06
38.4258  8.14972e-07
38.4552  4.69153e-07
38.4846  4.20242e-07
38.514  6.67771e-07
38.5434  1.21004e-06
38.5728  2.0429e-06
38.6022  3.16125e-06
38.6316  4.55833e-06
38.661  6.22534e-06
38.6904  8.15215e-06
38.7198  1.03274e-05
38.7492  1.27375e-05
38.7786  1.53705e-05
38.808  1.82078e-05
38.8374  2.12332e-05
38.8668  2.44301e-05
38.8962  2.77797e-05
38.9256  3.12627e-05
38.955  3.48562e-05
38.9844  3.85447e-05
39.0138  4.23006e-05
39.0432  4.61068e-05
39.0726  4.99374e-05
39.102  5.37737e-05
39.1314  5.75936e-05
39.1608  6.13724e-05
39.1902  6.50902e-05
39.2196  6.87254e-05
39.249  7.22558e-05
39.2784  7.56647e-05
39.3078  7.8929e-05
39.3372  8.20302e-05
39.3666  8.49542e-05
39.396  8.76808e-05
39.4254  9.01959e-05
39.4548  9.24848e-05
39.4842  9.45377e-05
39.5136  9.63371e-05
39.543  9.7879e-05
39.5724  9.91505e-05
39.6018  0.000100145
39.6312  0.00010086
39.6606  0.000101288
39.69  0.000101432
39.7194  0.000101285
39.7488  0.000100854
39.7782  0.000100136
39.8076  9.91404e-05
39.837  9.78713e-05
39.8664  9.63366e-05
39.8958  9.45437e-05
39.9252  9.25036e-05
39.9546  9.02285e-05
39.984  8.77319e-05
40.0134  8.50282e-05
40.0428  8.21343e-05
40.0722  7.9061e-05
40.1016  7.58348e-05
40.131  7.24664e-05
40.1604  6.89819e-05
40.1898  6.53939e-05
40.2192  6.17298e-05
40.2486  5.80045e-05
40.278  5.42412e-05
40.3074  5.04611e-05
40.3368  4.66887e-05
40.3662  4.2942e-05
40.3956  3.92424e-05
40.425  3.56124e-05
40.4544  3.20678e-05
40.4838  2.86324e-05
40.5132  2.5325e-05
40.5426  2.21639e-05
40.572  1.91652e-05
40.6014  1.63462e-05
40.6308  1.37238e-05
40.6602  1.13088e-05
40.6896  9.11883e-06
40.719  7.16214e-06
40.7484  5.45116e-06
40.7778  3.99381e-06
40.8072  2.79816e-06
40.8366  1.8698e-06
40.866  1.21359e-06
40.8954  8.32453e-07
40.9248  7.27767e-07
40.9542  8.99048e-07
40.9836  1.34496e-06
41.013  2.06142e-06
41.0424  3.04411e-06
41.0718  4.28688e-06
41.1012  5.78083e-06
41.1306  7.51773e-06
41.16  9.48571e-06
41.1894  1.1673e-05
41.2188  1.40686e-05
41.2482  1.66554e-05
41.2776  1.94207e-05
41.307  2.2345e-05
41.3364  2.54119e-05
41.3658  2.86048e-05
41.3952  3.19035e-05
41.4246  3.52909e-05
41.454  3.87441e-05
41.4834  4.22448e-05
41.5128  4.57725e-05
41.5422  4.9307e-05
41.5716  5.28266e-05
41.601  5.63132e-05
41.6304  5.97424e-05
41.6598  6.31025e-05
41.6892  6.63652e-05
41.7186  6.95177e-05
41.748  7.25382e-05
41.7774  7.54139e-05
41.8068  7.81235e-05
41.8362  8.06558e-05
41.8656  8.29943e-05
41.895  8.51254e-05
41.9244  8.70426e-05
41.9538  8.87258e-05
41.9832  9.01749e-05
42.0126  9.13755e-05
42.042  9.23202e-05
42.0714  9.30084e-05
42.1008  9.34374e-05
42.1302  9.36011e-05
42.1596  9.3499e-05
42.189  9.31364e-05
42.2184  9.25089e-05
42.2478  9.16258e-05
42.2772  9.04904e-05
42.3066  8.91073e-05
42.336  8.74916e-05
42.3654  8.56459e-05
42.3948  8.35841e-05
42.4242  8.13162e-05
42.4536  7.88577e-05
42.483  7.62208e-05
42.5124  7.3422e-05
42.5418  7.04771e-05
42.5712  6.74016e-05
42.6006  6.42145e-05
42.63  6.09307e-05
42.6594  5.75731e-05
42.6888  5.41612e-05
42.7182  5.07105e-05
42.7476  4.72398e-05
42.777  4.37721e-05
42.8064  4.03271e-05
42.8358  3.69194e-05
42.8652  3.35735e-05
42.8946  3.03038e-05
42.924  2.71299e-05
42.9534  2.40689e-05
42.9828  2.11398e-05
43.0122  1.8356e-05
43.0416  1.57338e-05
43.071  1.32866e-05
43.1004  1.10278e-05
43.1298  8.96971e-06
43.1592  7.12312e-06
43.1886  5.49773e-06
43.218  4.10122e-06
43.2474  2.94101e-06
43.2768  2.0232e-06
43.3062  1.35115e-06
43.3356  9.28339e-07
43.365  7.55878e-07
43.3944  8.3348e-07
43.4238  1.16001e-06
43.4532  1.73243e-06
43.4826  2.54627e-06
43.512  3.59649e-06
43.5414  4.87539e-06
43.5708  6.37456e-06
43.6002  8.08568e-06
43.6296  9.99685e-06
43.659  1.20971e-05
43.6884  1.4372e-05
43.7178  1.681e-05
43.7472  1.93952e-05
43.7766  2.21114e-05
43.806  2.4944e-05
43.8354  2.78747e-05
43.8648  3.08873e-05
43.8942  3.39612e-05
43.9236  3.70835e-05
43.953  4.02308e-05
43.9824  4.33888e-05
44.0118  4.65361e-05
44.0412  4.96557e-05
44.0706  5.27299e-05
44.1  5.57404e-05
