-29.4  0.0186755
-29.3804  0.0188767
-29.3608  0.0190758
-29.3412  0.0192727
-29.3216  0.0194672
-29.302  0.0196593
-29.2824  0.0198486
-29.2628  0.0200352
-29.2432  0.020219
-29.2236  0.0203997
-29.204  0.0205772
-29.1844  0.0207515
-29.1648  0.0209224
-29.1452  0.0210899
-29.1256  0.0212538
-29.106  0.021414
-29.0864  0.0215704
-29.0668  0.0217229
-29.0472  0.0218716
-29.0276  0.0220162
-29.008  0.0221566
-28.9884  0.022293
-28.9688  0.0224251
-28.9492  0.022553
-28.9296  0.0226764
-28.91  0.0227956
-28.8904  0.0229103
-28.8708  0.0230205
-28.8512  0.0231263
-28.8316  0.0232276
-28.812  0.0233243
-28.7924  0.0234165
-28.7728  0.023504
-28.7532  0.0235871
-28.7336  0.0236656
-28.714  0.0237395
-28.6944  0.0238088
-28.6748  0.0238736
-28.6552  0.0239339
-28.6356  0.0239897
-28.616  0.0240409
-28.5964  0.0240877
-28.5768  0.0241301
-28.5572  0.024168
-28.5376  0.0242016
-28.518  0.0242308
-28.4984  0.0242558
-28.4788  0.0242765
-28.4592  0.0242931
-28.4396  0.0243054
-28.42  0.0243137
-28.4004  0.0243179
-28.3808  0.0243181
-28.3612  0.0243144
-28.3416  0.0243068
-28.322  0.0242954
-28.3024  0.0242802
-28.2828  0.0242613
-28.2632  0.0242386
-28.2436  0.0242125
-28.224  0.0241828
-28.2044  0.0241495
-28.1848  0.0241129
-28.1652  0.0240728
-28.1456  0.0240294
-28.126  0.0239827
-28.1064  0.0239329
-28.0868  0.0238798
-28.0672  0.0238236
-28.0476  0.0237643
-28.028  0.023702
-28.0084  0.0236367
-27.9888  0.0235684
-27.9692  0.0234972
-27.9496  0.0234231
-27.93  0.0233462
-27.9104  0.0232665
-27.8908  0.023184
-27.8712  0.0230987
-27.8516  0.0230107
-27.832  0.02292
-27.8124  0.0228265
-27.7928  0.0227304
-27.7732  0.0226316
-27.7536  0.0225302
-27.734  0.0224262
-27.7144  0.0223195
-27.6948  0.0222102
-27.6752  0.0220982
-27.6556  0.0219837
-27.636  0.0218665
-27.6164  0.0217467
-27.5968  0.0216243
-27.5772  0.0214992
-27.5576  0.0213715
-27.538  0.0212412
-27.5184  0.0211083
-27.4988  0.0209727
-27.4792  0.0208344
-27.4596  0.0206935
-27.44  0.0205498
-27.4204  0.0204035
-27.4008  0.0202545
-27.3812  0.0201028
-27.3616  0.0199484
-27.342  0.0197912
-27.3224  0.0196314
-27.3028  0.0194689
-27.2832  0.0193037
-27.2636  0.0191357
-27.244  0.0189651
-27.2244  0.0187917
-27.2048  0.0186157
-27.1852  0.018437
-27.1656  0.0182557
-27.146  0.0180717
-27.1264  0.0178852
-27.1068  0.0176961
-27.0872  0.0175045
-27.0676  0.0173104
-27.048  0.0171139
-27.0284  0.016915
-27.0088  0.0167138
-26.9892  0.0165103
-26.9696  0.0163046
-26.95  0.0160969
-26.9304  0.0158871
-26.9108  0.0156754
-26.8912  0.0154618
-26.8716  0.0152465
-26.852  0.0150297
-26.8324  0.0148112
-26.8128  0.0145915
-26.7932  0.0143706
-26.7736  0.0141485
-26.754  0.0139255
-26.7344  0.0137017
-26.7148  0.0134773
-26.6952  0.0132525
-26.6756  0.0130274
-26.656  0.0128023
-26.6364  0.0125772
-26.6168  0.0123526
-26.5972  0.0121285
-26.5776  0.0119052
-26.558  0.0116829
-26.5384  0.0114618
-26.5188  0.0112423
-26.4992  0.0110244
-26.4796  0.0108087
-26.46  0.0105952
-26.4404  0.0103842
-26.4208  0.0101761
-26.4012  0.00997102
-26.3816  0.00976942
-26.362  0.00957152
-26.3424  0.00937766
-26.3228  0.00918809
-26.3032  0.00900319
-26.2836  0.00882321
-26.264  0.00864848
-26.2444  0.00847941
-26.2248  0.00831625
-26.2052  0.00815936
-26.1856  0.00800908
-26.166  0.00786575
-26.1464  0.00772966
-26.1268  0.00760119
-26.1072  0.00748067
-26.0876  0.0073685
-26.068  0.0072649
-26.0484  0.00717033
-26.0288  0.00708503
-26.0092  0.00700939
-25.9896  0.00694376
-25.97  0.00688842
-25.9504  0.00684374
-25.9308  0.00681
-25.9112  0.00678757
-25.8916  0.00677673
-25.872  0.00677779
-25.8524  0.00679109
-25.8328  0.00681686
-25.8132  0.00685543
-25.7936  0.00690709
-25.774  0.00697208
-25.7544  0.00705067
-25.7348  0.00714315
-25.7152  0.00724973
-25.6956  0.00737066
-25.676  0.00750614
-25.6564  0.00765641
-25.6368  0.00782165
-25.6172  0.00800206
-25.5976  0.00819785
-25.578  0.00840912
-25.5584  0.00863603
-25.5388  0.00887873
-25.5192  0.00913738
-25.4996  0.00941199
-25.48  0.00970273
-25.4604  0.0100097
-25.4408  0.0103329
-25.4212  0.0106723
-25.4016  0.0110281
-25.382  0.0114002
-25.3624  0.0117887
-25.3428  0.0121934
-25.3232  0.0126144
-25.3036  0.0130516
-25.284  0.0135049
-25.2644  0.0139743
-25.2448  0.0144596
-25.2252  0.0149607
-25.2056  0.0154775
-25.186  0.0160098
-25.1664  0.0165574
-25.1468  0.01712
-25.1272  0.0176977
-25.1076  0.01829
-25.088  0.0188967
-25.0684  0.0195175
-25.0488  0.0201523
-25.0292  0.0208005
-25.0096  0.0214621
-24.99  0.0221366
-24.9704  0.0228236
-24.9508  0.0235228
-24.9312  0.0242338
-24.9116  0.0249563
-24.892  0.0256897
-24.8724  0.0264338
-24.8528  0.0271878
-24.8332  0.0279517
-24.8136  0.0287246
-24.794  0.0295064
-24.7744  0.0302963
-24.7548  0.0310939
-24.7352  0.0318988
-24.7156  0.0327103
-24.696  0.0335279
-24.6764  0.0343511
-24.6568  0.0351793
-24.6372  0.0360119
-24.6176  0.0368484
-24.598  0.0376882
-24.5784  0.0385306
-24.5588  0.0393751
-24.5392  0.0402212
-24.5196  0.0410681
-24.5  0.0419152
-24.4804  0.0427619
-24.4608  0.0436077
-24.4412  0.0444519
-24.4216  0.0452938
-24.402  0.0461328
-24.3824  0.0469683
-24.3628  0.0477998
-24.3432  0.0486264
-24.3236  0.0494478
-24.304  0.0502631
-24.2844  0.0510718
-24.2648  0.0518733
-24.2452  0.0526669
-24.2256  0.053452
-24.206  0.0542281
-24.1864  0.0549945
-24.1668  0.0557507
-24.1472  0.0564961
-24.1276  0.05723
-24.108  0.057952
-24.0884  0.0586614
-24.0688  0.0593577
-24.0492  0.0600405
-24.0296  0.0607091
-24.01  0.061363
-23.9904  0.0620017
-23.9708  0.0626248
-23.9512  0.0632318
-23.9316  0.0638221
-23.912  0.0643954
-23.8924  0.0649511
-23.8728  0.065489
-23.8532  0.0660085
-23.8336  0.0665093
-23.814  0.066991
-23.7944  0.0674531
-23.7748  0.0678955
-23.7552  0.0683177
-23.7356  0.0687195
-23.716  0.0691004
-23.6964  0.0694604
-23.6768  0.069799
-23.6572  0.070116
-23.6376  0.0704113
-23.618  0.0706845
-23.5984  0.0709356
-23.5788  0.0711643
-23.5592  0.0713705
-23.5396  0.071554
-23.52  0.0717148
-23.5004  0.0718527
-23.4808  0.0719676
-23.4612  0.0720595
-23.4416  0.0721282
-23.422  0.0721739
-23.4024  0.0721965
-23.3828  0.072196
-23.3632  0.0721724
-23.3436  0.0721258
-23.324  0.0720562
-23.3044  0.0719637
-23.2848  0.0718484
-23.2652  0.0717103
-23.2456  0.0715498
-23.226  0.0713668
-23.2064  0.0711616
-23.1868  0.0709343
-23.1672  0.0706852
-23.1476  0.0704144
-23.128  0.0701221
-23.1084  0.0698087
-23.0888  0.0694742
-23.0692  0.0691192
-23.0496  0.0687438
-23.03  0.0683483
-23.0104  0.067933
-22.9908  0.0674984
-22.9712  0.0670446
-22.9516  0.066572
-22.932  0.0660811
-22.9124  0.0655722
-22.8928  0.0650456
-22.8732  0.0645019
-22.8536  0.0639413
-22.834  0.0633644
-22.8144  0.0627715
-22.7948  0.0621631
-22.7752  0.0615396
-22.7556  0.0609016
-22.736  0.0602494
-22.7164  0.0595835
-22.6968  0.0589045
-22.6772  0.0582127
-22.6576  0.0575088
-22.638  0.0567931
-22.6184  0.0560663
-22.5988  0.0553289
-22.5792  0.0545812
-22.5596  0.053824
-22.54  0.0530577
-22.5204  0.0522829
-22.5008  0.0515
-22.4812  0.0507097
-22.4616  0.0499125
-22.442  0.0491089
-22.4224  0.0482995
-22.4028  0.0474848
-22.3832  0.0466654
-22.3636  0.0458419
-22.344  0.0450149
-22.3244  0.0441848
-22.3048  0.0433522
-22.2852  0.0425178
-22.2656  0.0416819
-22.246  0.0408454
-22.2264  0.0400086
-22.2068  0.0391723
-22.1872  0.0383368
-22.1676  0.0375027
-22.148  0.0366708
-22.1284  0.0358414
-22.1088  0.0350151
-22.0892  0.0341927
-22.0696  0.0333743
-22.05  0.0325608
-22.0304  0.0317527
-22.0108  0.0309504
-21.9912  0.0301545
-21.9716  0.0293657
-21.952  0.0285842
-21.9324  0.0278108
-21.9128  0.027046
-21.8932  0.0262902
-21.8736  0.0255438
-21.854  0.0248077
-21.8344  0.0240821
-21.8148  0.0233675
-21.7952  0.0226646
-21.7756  0.0219737
-21.756  0.0212953
-21.7364  0.0206299
-21.7168  0.019978
-21.6972  0.0193401
-21.6776  0.0187165
-21.658  0.0181079
-21.6384  0.0175145
-21.6188  0.0169369
-21.5992  0.0163755
-21.5796  0.0158306
-21.56  0.0153028
-21.5404  0.0147923
-21.5208  0.0142997
-21.5012  0.0138253
-21.4816  0.0133696
-21.462  0.0129328
-21.4424  0.0125153
-21.4228  0.0121176
-21.4032  0.0117399
-21.3836  0.0113827
-21.364  0.0110462
-21.3444  0.0107308
-21.3248  0.0104368
-21.3052  0.0101645
-21.2856  0.00991423
-21.266  0.00968626
-21.2464  0.00948088
-21.2268  0.00929837
-21.2072  0.00913896
-21.1876  0.00900294
-21.168  0.00889059
-21.1484  0.00880206
-21.1288  0.00873766
-21.1092  0.00869753
-21.0896  0.00868192
-21.07  0.00869103
-21.0504  0.00872505
-21.0308  0.00878407
-21.0112  0.00886837
-20.9916  0.00897809
-20.972  0.00911328
-20.9524  0.00927415
-20.9328  0.00946083
-20.9132  0.00967337
-20.8936  0.00991195
-20.874  0.0101766
-20.8544  0.0104674
-20.8348  0.0107844
-20.8152  0.0111278
-20.7956  0.0114974
-20.776  0.0118935
-20.7564  0.0123159
-20.7368  0.0127648
-20.7172  0.0132401
-20.6976  0.0137418
-20.678  0.0142699
-20.6584  0.0148243
-20.6388  0.015405
-20.6192  0.016012
-20.5996  0.0166452
-20.58  0.0173046
-20.5604  0.0179899
-20.5408  0.0187012
-20.5212  0.0194383
-20.5016  0.0202012
-20.482  0.0209896
-20.4624  0.0218035
-20.4428  0.0226427
-20.4232  0.023507
-20.4036  0.0243963
-20.384  0.0253104
-20.3644  0.026249
-20.3448  0.0272121
-20.3252  0.0281993
-20.3056  0.0292105
-20.286  0.0302454
-20.2664  0.0313039
-20.2468  0.0323855
-20.2272  0.0334902
-20.2076  0.0346175
-20.188  0.0357673
-20.1684  0.0369393
-20.1488  0.0381331
-20.1292  0.0393484
-20.1096  0.040585
-20.09  0.0418425
-20.0704  0.0431207
-20.0508  0.044419
-20.0312  0.0457373
-20.0116  0.0470751
-19.992  0.0484321
-19.9724  0.049808
-19.9528  0.0512023
-19.9332  0.0526146
-19.9136  0.0540448
-19.894  0.0554921
-19.8744  0.0569564
-19.8548  0.0584372
-19.8352  0.059934
-19.8156  0.0614465
-19.796  0.0629742
-19.7764  0.0645168
-19.7568  0.0660738
-19.7372  0.0676447
-19.7176  0.069229
-19.698  0.0708264
-19.6784  0.0724364
-19.6588  0.0740586
-19.6392  0.0756924
-19.6196  0.0773374
-19.6  0.0789932
-19.5804  0.0806593
-19.5608  0.0823351
-19.5412  0.0840203
-19.5216  0.0857142
-19.502  0.0874165
-19.4824  0.0891267
-19.4628  0.0908442
-19.4432  0.0925687
-19.4236  0.0942994
-19.404  0.096036
-19.3844  0.097778
-19.3648  0.0995249
-19.3452  0.101276
-19.3256  0.103031
-19.306  0.10479
-19.2864  0.106551
-19.2668  0.108314
-19.2472  0.11008
-19.2276  0.111846
-19.208  0.113614
-19.1884  0.115381
-19.1688  0.117149
-19.1492  0.118915
-19.1296  0.12068
-19.11  0.122444
-19.0904  0.124205
-19.0708  0.125963
-19.0512  0.127717
-19.0316  0.129468
-19.012  0.131214
-18.9924  0.132955
-18.9728  0.134691
-18.9532  0.13642
-18.9336  0.138143
-18.914  0.139858
-18.8944  0.141566
-18.8748  0.143266
-18.8552  0.144956
-18.8356  0.146638
-18.816  0.148309
-18.7964  0.14997
-18.7768  0.15162
-18.7572  0.153259
-18.7376  0.154885
-18.718  0.156499
-18.6984  0.1581
-18.6788  0.159686
-18.6592  0.161259
-18.6396  0.162817
-18.62  0.164359
-18.6004  0.165886
-18.5808  0.167396
-18.5612  0.168889
-18.5416  0.170364
-18.522  0.171821
-18.5024  0.17326
-18.4828  0.174679
-18.4632  0.176078
-18.4436  0.177457
-18.424  0.178815
-18.4044  0.180152
-18.3848  0.181466
-18.3652  0.182758
-18.3456  0.184027
-18.326  0.185272
-18.3064  0.186492
-18.2868  0.187688
-18.2672  0.188859
-18.2476  0.190003
-18.228  0.191121
-18.2084  0.192212
-18.1888  0.193276
-18.1692  0.194311
-18.1496  0.195318
-18.13  0.196296
-18.1104  0.197244
-18.0908  0.198161
-18.0712  0.199048
-18.0516  0.199904
-18.032  0.200728
-18.0124  0.20152
-17.9928  0.202279
-17.9732  0.203004
-17.9536  0.203696
-17.934  0.204354
-17.9144  0.204977
-17.8948  0.205565
-17.8752  0.206117
-17.8556  0.206633
-17.836  0.207113
-17.8164  0.207555
-17.7968  0.207961
-17.7772  0.208328
-17.7576  0.208658
-17.738  0.208949
-17.7184  0.209201
-17.6988  0.209414
-17.6792  0.209588
-17.6596  0.209721
-17.64  0.209814
-17.6204  0.209867
-17.6008  0.209879
-17.5812  0.209851
-17.5616  0.209781
-17.542  0.209669
-17.5224  0.209516
-17.5028  0.209321
-17.4832  0.209084
-17.4636  0.208806
-17.444  0.208484
-17.4244  0.208121
-17.4048  0.207715
-17.3852  0.207267
-17.3656  0.206776
-17.346  0.206243
-17.3264  0.205668
-17.3068  0.20505
-17.2872  0.20439
-17.2676  0.203688
-17.248  0.202944
-17.2284  0.202158
-17.2088  0.20133
-17.1892  0.200461
-17.1696  0.199551
-17.15  0.198601
-17.1304  0.197609
-17.1108  0.196578
-17.0912  0.195507
-17.0716  0.194396
-17.052  0.193247
-17.0324  0.192059
-17.0128  0.190834
-16.9932  0.189571
-16.9736  0.188271
-16.954  0.186936
-16.9344  0.185564
-16.9148  0.184159
-16.8952  0.182719
-16.8756  0.181246
-16.856  0.179741
-16.8364  0.178204
-16.8168  0.176636
-16.7972  0.175039
-16.7776  0.173413
-16.758  0.171759
-16.7384  0.170078
-16.7188  0.168371
-16.6992  0.16664
-16.6796  0.164885
-16.66  0.163108
-16.6404  0.161309
-16.6208  0.159491
-16.6012  0.157654
-16.5816  0.155799
-16.562  0.153929
-16.5424  0.152044
-16.5228  0.150145
-16.5032  0.148235
-16.4836  0.146314
-16.464  0.144384
-16.4444  0.142447
-16.4248  0.140504
-16.4052  0.138557
-16.3856  0.136607
-16.366  0.134657
-16.3464  0.132706
-16.3268  0.130758
-16.3072  0.128815
-16.2876  0.126877
-16.268  0.124946
-16.2484  0.123025
-16.2288  0.121115
-16.2092  0.119217
-16.1896  0.117335
-16.17  0.115469
-16.1504  0.113621
-16.1308  0.111794
-16.1112  0.109989
-16.0916  0.108208
-16.072  0.106453
-16.0524  0.104726
-16.0328  0.103029
-16.0132  0.101364
-15.9936  0.0997321
-15.974  0.098136
-15.9544  0.0965775
-15.9348  0.0950585
-15.9152  0.0935809
-15.8956  0.0921466
-15.876  0.0907576
-15.8564  0.0894157
-15.8368  0.088123
-15.8172  0.0868812
-15.7976  0.0856923
-15.778  0.0845581
-15.7584  0.0834805
-15.7388  0.0824611
-15.7192  0.081502
-15.6996  0.080605
-15.68  0.0797716
-15.6604  0.0790038
-15.6408  0.0783032
-15.6212  0.0776714
-15.6016  0.0771103
-15.582  0.0766213
-15.5624  0.0762061
-15.5428  0.0758662
-15.5232  0.0756031
-15.5036  0.0754184
-15.484  0.0753135
-15.4644  0.0752897
-15.4448  0.0753484
-15.4252  0.0754909
-15.4056  0.0757186
-15.386  0.0760326
-15.3664  0.076434
-15.3468  0.0769241
-15.3272  0.0775037
-15.3076  0.0781741
-15.288  0.0789361
-15.2684  0.0797905
-15.2488  0.0807383
-15.2292  0.0817802
-15.2096  0.0829169
-15.19  0.0841491
-15.1704  0.0854774
-15.1508  0.0869022
-15.1312  0.0884242
-15.1116  0.0900435
-15.092  0.0917607
-15.0724  0.0935758
-15.0528  0.0954892
-15.0332  0.097501
-15.0136  0.0996111
-14.994  0.10182
-14.9744  0.104126
-14.9548  0.106531
-14.9352  0.109034
-14.9156  0.111634
-14.896  0.114331
-14.8764  0.117125
-14.8568  0.120015
-14.8372  0.123
-14.8176  0.126081
-14.798  0.129255
-14.7784  0.132523
-14.7588  0.135882
-14.7392  0.139333
-14.7196  0.142875
-14.7  0.146505
-14.6804  0.150223
-14.6608  0.154028
-14.6412  0.157918
-14.6216  0.161892
-14.602  0.165947
-14.5824  0.170084
-14.5628  0.174299
-14.5432  0.178592
-14.5236  0.182961
-14.504  0.187402
-14.4844  0.191916
-14.4648  0.196499
-14.4452  0.201151
-14.4256  0.205867
-14.406  0.210647
-14.3864  0.215488
-14.3668  0.220387
-14.3472  0.225344
-14.3276  0.230354
-14.308  0.235416
-14.2884  0.240526
-14.2688  0.245684
-14.2492  0.250885
-14.2296  0.256128
-14.21  0.261409
-14.1904  0.266725
-14.1708  0.272075
-14.1512  0.277455
-14.1316  0.282862
-14.112  0.288293
-14.0924  0.293746
-14.0728  0.299217
-14.0532  0.304704
-14.0336  0.310203
-14.014  0.315712
-13.9944  0.321227
-13.9748  0.326746
-13.9552  0.332265
-13.9356  0.337781
-13.916  0.343291
-13.8964  0.348792
-13.8768  0.354281
-13.8572  0.359755
-13.8376  0.36521
-13.818  0.370645
-13.7984  0.376054
-13.7788  0.381436
-13.7592  0.386788
-13.7396  0.392106
-13.72  0.397387
-13.7004  0.402628
-13.6808  0.407827
-13.6612  0.412981
-13.6416  0.418086
-13.622  0.423139
-13.6024  0.428138
-13.5828  0.433081
-13.5632  0.437963
-13.5436  0.442783
-13.524  0.447538
-13.5044  0.452225
-13.4848  0.456842
-13.4652  0.461386
-13.4456  0.465855
-13.426  0.470246
-13.4064  0.474557
-13.3868  0.478786
-13.3672  0.482931
-13.3476  0.486989
-13.328  0.490959
-13.3084  0.494838
-13.2888  0.498625
-13.2692  0.502317
-13.2496  0.505914
-13.23  0.509414
-13.2104  0.512814
-13.1908  0.516113
-13.1712  0.519311
-13.1516  0.522405
-13.132  0.525395
-13.1124  0.52828
-13.0928  0.531058
-13.0732  0.533728
-13.0536  0.536291
-13.034  0.538744
-13.0144  0.541088
-12.9948  0.543322
-12.9752  0.545445
-12.9556  0.547458
-12.936  0.549359
-12.9164  0.551149
-12.8968  0.552829
-12.8772  0.554397
-12.8576  0.555855
-12.838  0.557202
-12.8184  0.558439
-12.7988  0.559566
-12.7792  0.560584
-12.7596  0.561494
-12.74  0.562297
-12.7204  0.562993
-12.7008  0.563584
-12.6812  0.564071
-12.6616  0.564454
-12.642  0.564735
-12.6224  0.564916
-12.6028  0.564999
-12.5832  0.564984
-12.5636  0.564873
-12.544  0.564668
-12.5244  0.564372
-12.5048  0.563985
-12.4852  0.563511
-12.4656  0.56295
-12.446  0.562306
-12.4264  0.56158
-12.4068  0.560776
-12.3872  0.559894
-12.3676  0.558939
-12.348  0.557912
-12.3284  0.556816
-12.3088  0.555653
-12.2892  0.554427
-12.2696  0.55314
-12.25  0.551795
-12.2304  0.550395
-12.2108  0.548942
-12.1912  0.54744
-12.1716  0.545892
-12.152  0.544301
-12.1324  0.542669
-12.1128  0.541
-12.0932  0.539298
-12.0736  0.537564
-12.054  0.535802
-12.0344  0.534016
-12.0148  0.532209
-11.9952  0.530383
-11.9756  0.528542
-11.956  0.526689
-11.9364  0.524827
-11.9168  0.522959
-11.8972  0.521089
-11.8776  0.519219
-11.858  0.517352
-11.8384  0.515492
-11.8188  0.513641
-11.7992  0.511803
-11.7796  0.50998
-11.76  0.508175
-11.7404  0.506392
-11.7208  0.504632
-11.7012  0.502898
-11.6816  0.501194
-11.662  0.499521
-11.6424  0.497883
-11.6228  0.496281
-11.6032  0.494718
-11.5836  0.493197
-11.564  0.491719
-11.5444  0.490286
-11.5248  0.488901
-11.5052  0.487566
-11.4856  0.486282
-11.466  0.485051
-11.4464  0.483876
-11.4268  0.482756
-11.4072  0.481694
-11.3876  0.480691
-11.368  0.479749
-11.3484  0.478868
-11.3288  0.47805
-11.3092  0.477295
-11.2896  0.476603
-11.27  0.475977
-11.2504  0.475416
-11.2308  0.474921
-11.2112  0.474491
-11.1916  0.474128
-11.172  0.473831
-11.1524  0.4736
-11.1328  0.473435
-11.1132  0.473335
-11.0936  0.4733
-11.074  0.47333
-11.0544  0.473424
-11.0348  0.473581
-11.0152  0.4738
-10.9956  0.47408
-10.976  0.47442
-10.9564  0.474818
-10.9368  0.475273
-10.9172  0.475784
-10.8976  0.476348
-10.878  0.476965
-10.8584  0.477632
-10.8388  0.478348
-10.8192  0.479109
-10.7996  0.479915
-10.78  0.480762
-10.7604  0.481649
-10.7408  0.482572
-10.7212  0.48353
-10.7016  0.484519
-10.682  0.485538
-10.6624  0.486582
-10.6428  0.48765
-10.6232  0.488738
-10.6036  0.489843
-10.584  0.490962
-10.5644  0.492092
-10.5448  0.49323
-10.5252  0.494373
-10.5056  0.495517
-10.486  0.496659
-10.4664  0.497795
-10.4468  0.498923
-10.4272  0.500038
-10.4076  0.501138
-10.388  0.502218
-10.3684  0.503277
-10.3488  0.504309
-10.3292  0.505312
-10.3096  0.506282
-10.29  0.507216
-10.2704  0.50811
-10.2508  0.508961
-10.2312  0.509767
-10.2116  0.510522
-10.192  0.511225
-10.1724  0.511872
-10.1528  0.512459
-10.1332  0.512985
-10.1136  0.513445
-10.094  0.513838
-10.0744  0.514159
-10.0548  0.514407
-10.0352  0.514579
-10.0156  0.514672
-9.996  0.514684
-9.9764  0.514612
-9.9568  0.514455
-9.9372  0.51421
-9.9176  0.513875
-9.898  0.513448
-9.8784  0.512928
-9.8588  0.512313
-9.8392  0.511602
-9.8196  0.510793
-9.8  0.509886
-9.7804  0.508879
-9.7608  0.507772
-9.7412  0.506563
-9.7216  0.505254
-9.702  0.503843
-9.6824  0.50233
-9.6628  0.500715
-9.6432  0.498999
-9.6236  0.497182
-9.604  0.495265
-9.5844  0.493249
-9.5648  0.491134
-9.5452  0.488923
-9.5256  0.486615
-9.506  0.484214
-9.4864  0.48172
-9.4668  0.479137
-9.4472  0.476465
-9.4276  0.473709
-9.408  0.470869
-9.3884  0.46795
-9.3688  0.464953
-9.3492  0.461884
-9.3296  0.458744
-9.31  0.455537
-9.2904  0.452268
-9.2708  0.44894
-9.2512  0.445557
-9.2316  0.442125
-9.212  0.438647
-9.1924  0.435129
-9.1728  0.431575
-9.1532  0.42799
-9.1336  0.42438
-9.114  0.420751
-9.0944  0.417107
-9.0748  0.413455
-9.0552  0.409801
-9.0356  0.40615
-9.016  0.40251
-8.9964  0.398885
-8.9768  0.395284
-8.9572  0.391711
-8.9376  0.388175
-8.918  0.384682
-8.8984  0.381239
-8.8788  0.377853
-8.8592  0.374531
-8.8396  0.37128
-8.82  0.368108
-8.8004  0.365022
-8.7808  0.362028
-8.7612  0.359136
-8.7416  0.356352
-8.722  0.353683
-8.7024  0.351137
-8.6828  0.348722
-8.6632  0.346444
-8.6436  0.344313
-8.624  0.342334
-8.6044  0.340515
-8.5848  0.338865
-8.5652  0.337389
-8.5456  0.336095
-8.526  0.334991
-8.5064  0.334084
-8.4868  0.333379
-8.4672  0.332886
-8.4476  0.332609
-8.428  0.332556
-8.4084  0.332733
-8.3888  0.333146
-8.3692  0.333802
-8.3496  0.334707
-8.33  0.335866
-8.3104  0.337284
-8.2908  0.338969
-8.2712  0.340923
-8.2516  0.343153
-8.232  0.345663
-8.2124  0.348457
-8.1928  0.35154
-8.1732  0.354916
-8.1536  0.358587
-8.134  0.362559
-8.1144  0.366832
-8.0948  0.371411
-8.0752  0.376298
-8.0556  0.381494
-8.036  0.387001
-8.0164  0.392822
-7.9968  0.398956
-7.9772  0.405404
-7.9576  0.412168
-7.938  0.419246
-7.9184  0.426638
-7.8988  0.434344
-7.8792  0.442362
-7.8596  0.450691
-7.84  0.459328
-7.8204  0.468271
-7.8008  0.477517
-7.7812  0.487063
-7.7616  0.496905
-7.742  0.507039
-7.7224  0.51746
-7.7028  0.528164
-7.6832  0.539144
-7.6636  0.550396
-7.644  0.561912
-7.6244  0.573687
-7.6048  0.585712
-7.5852  0.59798
-7.5656  0.610483
-7.546  0.623213
-7.5264  0.63616
-7.5068  0.649315
-7.4872  0.662669
-7.4676  0.676212
-7.448  0.689932
-7.4284  0.703818
-7.4088  0.71786
-7.3892  0.732045
-7.3696  0.746361
-7.35  0.760796
-7.3304  0.775335
-7.3108  0.789968
-7.2912  0.804679
-7.2716  0.819454
-7.252  0.834279
-7.2324  0.84914
-7.2128  0.864021
-7.1932  0.878907
-7.1736  0.893782
-7.154  0.908632
-7.1344  0.923438
-7.1148  0.938186
-7.0952  0.952858
-7.0756  0.967437
-7.056  0.981908
-7.0364  0.996252
-7.0168  1.01045
-6.9972  1.02449
-6.9776  1.03835
-6.958  1.05202
-6.9384  1.06547
-6.9188  1.07868
-6.8992  1.09165
-6.8796  1.10435
-6.86  1.11677
-6.8404  1.12888
-6.8208  1.14067
-6.8012  1.15213
-6.7816  1.16323
-6.762  1.17395
-6.7424  1.18429
-6.7228  1.19422
-6.7032  1.20372
-6.6836  1.21279
-6.664  1.22139
-6.6444  1.22953
-6.6248  1.23718
-6.6052  1.24432
-6.5856  1.25095
-6.566  1.25705
-6.5464  1.2626
-6.5268  1.26759
-6.5072  1.27201
-6.4876  1.27584
-6.468  1.27908
-6.4484  1.28172
-6.4288  1.28373
-6.4092  1.28512
-6.3896  1.28588
-6.37  1.28599
-6.3504  1.28544
-6.3308  1.28425
-6.3112  1.28238
-6.2916  1.27985
-6.272  1.27665
-6.2524  1.27277
-6.2328  1.26822
-6.2132  1.26298
-6.1936  1.25707
-6.174  1.25049
-6.1544  1.24323
-6.1348  1.2353
-6.1152  1.2267
-6.0956  1.21745
-6.076  1.20754
-6.0564  1.19699
-6.0368  1.18581
-6.0172  1.17401
-5.9976  1.16159
-5.978  1.14859
-5.9584  1.135
-5.9388  1.12085
-5.9192  1.10616
-5.8996  1.09095
-5.88  1.07524
-5.8604  1.05904
-5.8408  1.0424
-5.8212  1.02533
-5.8016  1.00787
-5.782  0.99004
-5.7624  0.971876
-5.7428  0.953411
-5.7232  0.934683
-5.7036  0.915727
-5.684  0.896584
-5.6644  0.877295
-5.6448  0.857903
-5.6252  0.838454
-5.6056  0.818994
-5.586  0.799573
-5.5664  0.780241
-5.5468  0.761052
-5.5272  0.742061
-5.5076  0.723325
-5.488  0.704903
-5.4684  0.686856
-5.4488  0.669249
-5.4292  0.652146
-5.4096  0.635615
-5.39  0.619725
-5.3704  0.604549
-5.3508  0.590161
-5.3312  0.576636
-5.3116  0.564053
-5.292  0.552491
-5.2724  0.542035
-5.2528  0.532767
-5.2332  0.524775
-5.2136  0.518148
-5.194  0.512977
-5.1744  0.509355
-5.1548  0.507377
-5.1352  0.50714
-5.1156  0.508745
-5.096  0.512292
-5.0764  0.517885
-5.0568  0.52563
-5.0372  0.535635
-5.0176  0.548009
-4.998  0.562864
-4.9784  0.580313
-4.9588  0.600473
-4.9392  0.62346
-4.9196  0.649395
-4.9  0.678399
-4.8804  0.710594
-4.8608  0.746107
-4.8412  0.785063
-4.8216  0.827591
-4.802  0.873822
-4.7824  0.923887
-4.7628  0.97792
-4.7432  1.03606
-4.7236  1.09843
-4.704  1.16518
-4.6844  1.23646
-4.6648  1.31238
-4.6452  1.39311
-4.6256  1.47879
-4.606  1.56955
-4.5864  1.66555
-4.5668  1.76693
-4.5472  1.87384
-4.5276  1.98644
-4.508  2.10486
-4.4884  2.22926
-4.4688  2.3598
-4.4492  2.49662
-4.4296  2.63989
-4.41  2.78974
-4.3904  2.94635
-4.3708  3.10986
-4.3512  3.28042
-4.3316  3.4582
-4.312  3.64335
-4.2924  3.83603
-4.2728  4.03639
-4.2532  4.24459
-4.2336  4.46078
-4.214  4.68513
-4.1944  4.91778
-4.1748  5.1589
-4.1552  5.40863
-4.1356  5.66713
-4.116  5.93456
-4.0964  6.21107
-4.0768  6.49681
-4.0572  6.79193
-4.0376  7.09659
-4.018  7.41093
-3.9984  7.7351
-3.9788  8.06925
-3.9592  8.41353
-3.9396  8.76807
-3.92  9.13302
-3.9004  9.50853
-3.8808  9.89473
-3.8612  10.2918
-3.8416  10.6998
-3.822  11.1189
-3.8024  11.5492
-3.7828  11.9909
-3.7632  12.444
-3.7436  12.9088
-3.724  13.3853
-3.7044  13.8737
-3.6848  14.374
-3.6652  14.8865
-3.6456  15.4111
-3.626  15.948
-3.6064  16.4973
-3.5868  17.0591
-3.5672  17.6336
-3.5476  18.2207
-3.528  18.8206
-3.5084  19.4334
-3.4888  20.0592
-3.4692  20.698
-3.4496  21.3499
-3.43  22.0151
-3.4104  22.6934
-3.3908  23.3851
-3.3712  24.0902
-3.3516  24.8087
-3.332  25.5407
-3.3124  26.2863
-3.2928  27.0454
-3.2732  27.8181
-3.2536  28.6044
-3.234  29.4045
-3.2144  30.2182
-3.1948  31.0456
-3.1752  31.8868
-3.1556  32.7416
-3.136  33.6102
-3.1164  34.4926
-3.0968  35.3886
-3.0772  36.2984
-3.0576  37.2218
-3.038  38.1589
-3.0184  39.1096
-2.9988  40.0739
-2.9792  41.0517
-2.9596  42.043
-2.94  43.0478
-2.9204  44.0659
-2.9008  45.0974
-2.8812  46.1421
-2.8616  47.1999
-2.842  48.2709
-2.8224  49.3548
-2.8028  50.4516
-2.7832  51.5612
-2.7636  52.6835
-2.744  53.8184
-2.7244  54.9657
-2.7048  56.1253
-2.6852  57.2971
-2.6656  58.4809
-2.646  59.6766
-2.6264  60.8841
-2.6068  62.1031
-2.5872  63.3336
-2.5676  64.5753
-2.548  65.8281
-2.5284  67.0918
-2.5088  68.3662
-2.4892  69.6511
-2.4696  70.9463
-2.45  72.2516
-2.4304  73.5667
-2.4108  74.8916
-2.3912  76.2258
-2.3716  77.5693
-2.352  78.9217
-2.3324  80.2828
-2.3128  81.6524
-2.2932  83.0303
-2.2736  84.416
-2.254  85.8095
-2.2344  87.2104
-2.2148  88.6184
-2.1952  90.0333
-2.1756  91.4547
-2.156  92.8824
-2.1364  94.3161
-2.1168  95.7555
-2.0972  97.2002
-2.0776  98.65
-2.058  100.104
-2.0384  101.563
-2.0188  103.026
-1.9992  104.493
-1.9796  105.963
-1.96  107.436
-1.9404  108.912
-1.9208  110.391
-1.9012  111.871
-1.8816  113.353
-1.862  114.836
-1.8424  116.321
-1.8228  117.806
-1.8032  119.291
-1.7836  120.775
-1.764  122.26
-1.7444  123.743
-1.7248  125.225
-1.7052  126.706
-1.6856  128.184
-1.666  129.66
-1.6464  131.133
-1.6268  132.603
-1.6072  134.069
-1.5876  135.531
-1.568  136.989
-1.5484  138.442
-1.5288  139.889
-1.5092  141.331
-1.4896  142.767
-1.47  144.197
-1.4504  145.619
-1.4308  147.035
-1.4112  148.443
-1.3916  149.842
-1.372  151.234
-1.3524  152.616
-1.3328  153.989
-1.3132  155.353
-1.2936  156.706
-1.274  158.049
-1.2544  159.382
-1.2348  160.703
-1.2152  162.012
-1.1956  163.309
-1.176  164.594
-1.1564  165.866
-1.1368  167.125
-1.1172  168.37
-1.0976  169.602
-1.078  170.819
-1.0584  172.021
-1.0388  173.208
-1.0192  174.38
-0.9996  175.536
-0.98  176.676
-0.9604  177.799
-0.9408  178.905
-0.9212  179.995
-0.9016  181.066
-0.882  182.12
-0.8624  183.155
-0.8428  184.172
-0.8232  185.17
-0.8036  186.149
-0.784  187.109
-0.7644  188.048
-0.7448  188.967
-0.7252  189.866
-0.7056  190.745
-0.686  191.602
-0.6664  192.438
-0.6468  193.252
-0.6272  194.045
-0.6076  194.815
-0.588  195.564
-0.5684  196.289
-0.5488  196.992
-0.5292  197.672
-0.5096  198.329
-0.49  198.962
-0.4704  199.571
-0.4508  200.157
-0.4312  200.719
-0.4116  201.256
-0.392  201.769
-0.3724  202.257
-0.3528  202.72
-0.3332  203.159
-0.3136  203.573
-0.294  203.961
-0.2744  204.324
-0.2548  204.662
-0.2352  204.974
-0.2156  205.26
-0.196  205.521
-0.1764  205.756
-0.1568  205.965
-0.1372  206.148
-0.1176  206.304
-0.098  206.435
-0.0784  206.54
-0.0588  206.618
-0.0392  206.671
-0.0196  206.697
0  206.697
0.0196  206.671
0.0392  206.618
0.0588  206.539
0.0784  206.435
0.098  206.304
0.1176  206.147
0.1372  205.964
0.1568  205.755
0.1764  205.52
0.196  205.259
0.2156  204.973
0.2352  204.661
0.2548  204.323
0.2744  203.961
0.294  203.572
0.3136  203.159
0.3332  202.721
0.3528  202.258
0.3724  201.77
0.392  201.258
0.4116  200.721
0.4312  200.16
0.4508  199.575
0.4704  198.966
0.49  198.334
0.5096  197.678
0.5292  196.999
0.5488  196.298
0.5684  195.573
0.588  194.826
0.6076  194.057
0.6272  193.265
0.6468  192.452
0.6664  191.618
0.686  190.762
0.7056  189.886
0.7252  188.989
0.7448  188.071
0.7644  187.134
0.784  186.177
0.8036  185.2
0.8232  184.204
0.8428  183.19
0.8624  182.156
0.882  181.105
0.9016  180.036
0.9212  178.95
0.9408  177.846
0.9604  176.726
0.98  175.589
0.9996  174.436
1.0192  173.267
1.0388  172.083
1.0584  170.884
1.078  169.671
1.0976  168.443
1.1172  167.201
1.1368  165.946
1.1564  164.678
1.176  163.397
1.1956  162.103
1.2152  160.798
1.2348  159.481
1.2544  158.153
1.274  156.814
1.2936  155.464
1.3132  154.105
1.3328  152.736
1.3524  151.358
1.372  149.971
1.3916  148.575
1.4112  147.172
1.4308  145.761
1.4504  144.343
1.47  142.918
1.4896  141.486
1.5092  140.049
1.5288  138.606
1.5484  137.158
1.568  135.704
1.5876  134.247
1.6072  132.785
1.6268  131.32
1.6464  129.852
1.666  128.38
1.6856  126.907
1.7052  125.431
1.7248  123.953
1.7444  122.474
1.764  120.994
1.7836  119.514
1.8032  118.033
1.8228  116.553
1.8424  115.073
1.862  113.593
1.8816  112.116
1.9012  110.639
1.9208  109.165
1.9404  107.693
1.96  106.224
1.9796  104.758
1.9992  103.295
2.0188  101.835
2.0384  100.38
2.058  98.9289
2.0776  97.4826
2.0972  96.0412
2.1168  94.605
2.1364  93.1745
2.156  91.7497
2.1756  90.3312
2.1952  88.9191
2.2148  87.5138
2.2344  86.1154
2.254  84.7244
2.2736  83.3409
2.2932  81.9653
2.3128  80.5977
2.3324  79.2385
2.352  77.8878
2.3716  76.546
2.3912  75.2133
2.4108  73.8898
2.4304  72.5759
2.45  71.2717
2.4696  69.9775
2.4892  68.6934
2.5088  67.4196
2.5284  66.1565
2.548  64.904
2.5676  63.6625
2.5872  62.4321
2.6068  61.2129
2.6264  60.0052
2.646  58.809
2.6656  57.6246
2.6852  56.4521
2.7048  55.2917
2.7244  54.1434
2.744  53.0073
2.7636  51.8837
2.7832  50.7727
2.8028  49.6742
2.8224  48.5885
2.842  47.5157
2.8616  46.4557
2.8812  45.4088
2.9008  44.375
2.9204  43.3543
2.94  42.3469
2.9596  41.3528
2.9792  40.372
2.9988  39.4047
3.0184  38.4507
3.038  37.5103
3.0576  36.5834
3.0772  35.6701
3.0968  34.7703
3.1164  33.8841
3.136  33.0116
3.1556  32.1526
3.1752  31.3072
3.1948  30.4755
3.2144  29.6573
3.234  28.8528
3.2536  28.0618
3.2732  27.2843
3.2928  26.5204
3.3124  25.7699
3.332  25.0329
3.3516  24.3092
3.3712  23.599
3.3908  22.902
3.4104  22.2183
3.43  21.5477
3.4496  20.8903
3.4692  20.2459
3.4888  19.6145
3.5084  18.996
3.528  18.3904
3.5476  17.7975
3.5672  17.2172
3.5868  16.6495
3.6064  16.0943
3.626  15.5514
3.6456  15.0208
3.6652  14.5024
3.6848  13.996
3.7044  13.5016
3.724  13.019
3.7436  12.5481
3.7632  12.0889
3.7828  11.6411
3.8024  11.2047
3.822  10.7795
3.8416  10.3654
3.8612  9.96234
3.8808  9.57009
3.9004  9.18855
3.92  8.81758
3.9396  8.45705
3.9592  8.10682
3.9788  7.76674
3.9984  7.43668
4.018  7.11649
4.0376  6.80603
4.0572  6.50514
4.0768  6.21368
4.0964  5.93151
4.116  5.65847
4.1356  5.39442
4.1552  5.13919
4.1748  4.89264
4.1944  4.65463
4.214  4.42498
4.2336  4.20356
4.2532  3.99021
4.2728  3.78477
4.2924  3.58709
4.312  3.39701
4.3316  3.21438
4.3512  3.03906
4.3708  2.87087
4.3904  2.70968
4.41  2.55532
4.4296  2.40764
4.4492  2.2665
4.4688  2.13173
4.4884  2.0032
4.508  1.88073
4.5276  1.7642
4.5472  1.65343
4.5668  1.5483
4.5864  1.44865
4.606  1.35434
4.6256  1.26521
4.6452  1.18113
4.6648  1.10194
4.6844  1.02752
4.704  0.957715
4.7236  0.892389
4.7432  0.831403
4.7628  0.774622
4.7824  0.721909
4.802  0.673131
4.8216  0.628155
4.8412  0.586851
4.8608  0.549091
4.8804  0.514746
4.9  0.483691
4.9196  0.455801
4.9392  0.430956
4.9588  0.409034
4.9784  0.389918
4.998  0.373489
5.0176  0.359634
5.0372  0.34824
5.0568  0.339196
5.0764  0.332392
5.096  0.327722
5.1156  0.325081
5.1352  0.324366
5.1548  0.325476
5.1744  0.328312
5.194  0.332777
5.2136  0.338777
5.2332  0.346219
5.2528  0.355011
5.2724  0.365067
5.292  0.376299
5.3116  0.388623
5.3312  0.401957
5.3508  0.416221
5.3704  0.431337
5.39  0.447229
5.4096  0.463824
5.4292  0.481049
5.4488  0.498836
5.4684  0.517117
5.488  0.535826
5.5076  0.554901
5.5272  0.57428
5.5468  0.593904
5.5664  0.613716
5.586  0.633661
5.6056  0.653686
5.6252  0.673739
5.6448  0.693773
5.6644  0.713739
5.684  0.733593
5.7036  0.753291
5.7232  0.772793
5.7428  0.792058
5.7624  0.811049
5.782  0.829731
5.8016  0.848069
5.8212  0.866032
5.8408  0.883588
5.8604  0.90071
5.88  0.917371
5.8996  0.933546
5.9192  0.94921
5.9388  0.964342
5.9584  0.978923
5.978  0.992932
5.9976  1.00635
6.0172  1.01917
6.0368  1.03137
6.0564  1.04294
6.076  1.05387
6.0956  1.06414
6.1152  1.07375
6.1348  1.0827
6.1544  1.09097
6.174  1.09857
6.1936  1.10548
6.2132  1.11171
6.2328  1.11725
6.2524  1.12211
6.272  1.12628
6.2916  1.12977
6.3112  1.13258
6.3308  1.13471
6.3504  1.13618
6.37  1.13698
6.3896  1.13712
6.4092  1.13661
6.4288  1.13546
6.4484  1.13368
6.468  1.13128
6.4876  1.12826
6.5072  1.12465
6.5268  1.12044
6.5464  1.11566
6.566  1.11032
6.5856  1.10443
6.6052  1.098
6.6248  1.09105
6.6444  1.0836
6.664  1.07565
6.6836  1.06724
6.7032  1.05836
6.7228  1.04905
6.7424  1.03931
6.762  1.02916
6.7816  1.01862
6.8012  1.00771
6.8208  0.996447
6.8404  0.984845
6.86  0.972925
6.8796  0.960703
6.8992  0.948199
6.9188  0.93543
6.9384  0.922415
6.958  0.909171
6.9776  0.895717
6.9972  0.882071
7.0168  0.868251
7.0364  0.854274
7.056  0.840159
7.0756  0.825923
7.0952  0.811585
7.1148  0.79716
7.1344  0.782666
7.154  0.76812
7.1736  0.753539
7.1932  0.738939
7.2128  0.724336
7.2324  0.709747
7.252  0.695186
7.2716  0.680669
7.2912  0.666211
7.3108  0.651827
7.3304  0.63753
7.35  0.623336
7.3696  0.609256
7.3892  0.595305
7.4088  0.581495
7.4284  0.567839
7.448  0.554349
7.4676  0.541035
7.4872  0.527911
7.5068  0.514985
7.5264  0.502268
7.546  0.489771
7.5656  0.477503
7.5852  0.465472
7.6048  0.453687
7.6244  0.442157
7.644  0.430889
7.6636  0.41989
7.6832  0.409167
7.7028  0.398726
7.7224  0.388573
7.742  0.378714
7.7616  0.369153
7.7812  0.359895
7.8008  0.350944
7.8204  0.342304
7.84  0.333978
7.8596  0.325968
7.8792  0.318278
7.8988  0.310908
7.9184  0.30386
7.938  0.297136
7.9576  0.290736
7.9772  0.284661
7.9968  0.278909
8.0164  0.273482
8.036  0.268378
8.0556  0.263595
8.0752  0.259132
8.0948  0.254987
8.1144  0.251158
8.134  0.247642
8.1536  0.244437
8.1732  0.241538
8.1928  0.238942
8.2124  0.236646
8.232  0.234645
8.2516  0.232935
8.2712  0.231511
8.2908  0.230368
8.3104  0.229502
8.33  0.228905
8.3496  0.228573
8.3692  0.2285
8.3888  0.22868
8.4084  0.229107
8.428  0.229773
8.4476  0.230673
8.4672  0.2318
8.4868  0.233146
8.5064  0.234705
8.526  0.23647
8.5456  0.238433
8.5652  0.240587
8.5848  0.242924
8.6044  0.245437
8.624  0.248119
8.6436  0.250961
8.6632  0.253956
8.6828  0.257096
8.7024  0.260374
8.722  0.263782
8.7416  0.267311
8.7612  0.270954
8.7808  0.274704
8.8004  0.278552
8.82  0.282491
8.8396  0.286514
8.8592  0.290612
8.8788  0.294779
8.8984  0.299006
8.918  0.303286
8.9376  0.307613
8.9572  0.311978
8.9768  0.316376
8.9964  0.320798
9.016  0.325238
9.0356  0.329689
9.0552  0.334145
9.0748  0.338599
9.0944  0.343045
9.114  0.347477
9.1336  0.351889
9.1532  0.356274
9.1728  0.360628
9.1924  0.364944
9.212  0.369218
9.2316  0.373444
9.2512  0.377617
9.2708  0.381733
9.2904  0.385787
9.31  0.389773
9.3296  0.39369
9.3492  0.397531
9.3688  0.401294
9.3884  0.404975
9.408  0.40857
9.4276  0.412076
9.4472  0.415491
9.4668  0.418811
9.4864  0.422033
9.506  0.425156
9.5256  0.428177
9.5452  0.431095
9.5648  0.433907
9.5844  0.436611
9.604  0.439207
9.6236  0.441693
9.6432  0.444069
9.6628  0.446332
9.6824  0.448484
9.702  0.450523
9.7216  0.452449
9.7412  0.454262
9.7608  0.455962
9.7804  0.45755
9.8  0.459026
9.8196  0.46039
9.8392  0.461644
9.8588  0.462788
9.8784  0.463824
9.898  0.464752
9.9176  0.465575
9.9372  0.466293
9.9568  0.466909
9.9764  0.467424
9.996  0.46784
10.0156  0.46816
10.0352  0.468385
10.0548  0.468518
10.0744  0.468561
10.094  0.468517
10.1136  0.468389
10.1332  0.468178
10.1528  0.467889
10.1724  0.467523
10.192  0.467084
10.2116  0.466574
10.2312  0.465998
10.2508  0.465357
10.2704  0.464656
10.29  0.463896
10.3096  0.463083
10.3292  0.462218
10.3488  0.461305
10.3684  0.460348
10.388  0.45935
10.4076  0.458314
10.4272  0.457243
10.4468  0.456142
10.4664  0.455013
10.486  0.453859
10.5056  0.452685
10.5252  0.451493
10.5448  0.450286
10.5644  0.449068
10.584  0.447843
10.6036  0.446612
10.6232  0.44538
10.6428  0.44415
10.6624  0.442924
10.682  0.441705
10.7016  0.440497
10.7212  0.439301
10.7408  0.438122
10.7604  0.436961
10.78  0.435822
10.7996  0.434706
10.8192  0.433617
10.8388  0.432556
10.8584  0.431526
10.878  0.430528
10.8976  0.429566
10.9172  0.428641
10.9368  0.427755
10.9564  0.42691
10.976  0.426107
10.9956  0.425348
11.0152  0.424634
11.0348  0.423967
11.0544  0.423348
11.074  0.422778
11.0936  0.422259
11.1132  0.42179
11.1328  0.421374
11.1524  0.42101
11.172  0.420699
11.1916  0.420441
11.2112  0.420238
11.2308  0.420088
11.2504  0.419993
11.27  0.419952
11.2896  0.419965
11.3092  0.420032
11.3288  0.420153
11.3484  0.420327
11.368  0.420553
11.3876  0.420832
11.4072  0.421161
11.4268  0.421541
11.4464  0.42197
11.466  0.422447
11.4856  0.422972
11.5052  0.423543
11.5248  0.424158
11.5444  0.424816
11.564  0.425515
11.5836  0.426255
11.6032  0.427033
11.6228  0.427847
11.6424  0.428696
11.662  0.429578
11.6816  0.430491
11.7012  0.431432
11.7208  0.4324
11.7404  0.433392
11.76  0.434406
11.7796  0.435441
11.7992  0.436492
11.8188  0.437559
11.8384  0.438639
11.858  0.439729
11.8776  0.440826
11.8972  0.441929
11.9168  0.443034
11.9364  0.444139
11.956  0.445242
11.9756  0.446339
11.9952  0.447428
12.0148  0.448507
12.0344  0.449572
12.054  0.450622
12.0736  0.451652
12.0932  0.452662
12.1128  0.453647
12.1324  0.454605
12.152  0.455535
12.1716  0.456432
12.1912  0.457295
12.2108  0.45812
12.2304  0.458906
12.25  0.459649
12.2696  0.460348
12.2892  0.460999
12.3088  0.4616
12.3284  0.46215
12.348  0.462645
12.3676  0.463083
12.3872  0.463463
12.4068  0.463781
12.4264  0.464036
12.446  0.464226
12.4656  0.464348
12.4852  0.464401
12.5048  0.464383
12.5244  0.464292
12.544  0.464126
12.5636  0.463884
12.5832  0.463564
12.6028  0.463164
12.6224  0.462684
12.642  0.462121
12.6616  0.461475
12.6812  0.460744
12.7008  0.459927
12.7204  0.459024
12.74  0.458032
12.7596  0.456952
12.7792  0.455782
12.7988  0.454523
12.8184  0.453173
12.838  0.451732
12.8576  0.450199
12.8772  0.448574
12.8968  0.446857
12.9164  0.445048
12.936  0.443147
12.9556  0.441155
12.9752  0.439069
12.9948  0.436893
13.0144  0.434625
13.034  0.432266
13.0536  0.429816
13.0732  0.427277
13.0928  0.424648
13.1124  0.421932
13.132  0.419128
13.1516  0.416237
13.1712  0.413261
13.1908  0.410201
13.2104  0.407058
13.23  0.403833
13.2496  0.400528
13.2692  0.397144
13.2888  0.393682
13.3084  0.390145
13.328  0.386534
13.3476  0.38285
13.3672  0.379096
13.3868  0.375273
13.4064  0.371384
13.426  0.36743
13.4456  0.363414
13.4652  0.359337
13.4848  0.355203
13.5044  0.351012
13.524  0.346768
13.5436  0.342473
13.5632  0.338129
13.5828  0.333739
13.6024  0.329305
13.622  0.32483
13.6416  0.320316
13.6612  0.315767
13.6808  0.311184
13.7004  0.30657
13.72  0.301929
13.7396  0.297262
13.7592  0.292573
13.7788  0.287864
13.7984  0.283138
13.818  0.278399
13.8376  0.273648
13.8572  0.268889
13.8768  0.264125
13.8964  0.259358
13.916  0.254591
13.9356  0.249827
13.9552  0.245069
13.9748  0.24032
13.9944  0.235583
14.014  0.23086
14.0336  0.226154
14.0532  0.221468
14.0728  0.216805
14.0924  0.212168
14.112  0.207559
14.1316  0.202981
14.1512  0.198436
14.1708  0.193928
14.1904  0.189459
14.21  0.185031
14.2296  0.180647
14.2492  0.176309
14.2688  0.172021
14.2884  0.167783
14.308  0.1636
14.3276  0.159472
14.3472  0.155403
14.3668  0.151394
14.3864  0.147448
14.406  0.143566
14.4256  0.139751
14.4452  0.136005
14.4648  0.13233
14.4844  0.128726
14.504  0.125198
14.5236  0.121745
14.5432  0.118369
14.5628  0.115074
14.5824  0.111859
14.602  0.108726
14.6216  0.105677
14.6412  0.102712
14.6608  0.0998342
14.6804  0.0970436
14.7  0.0943415
14.7196  0.0917289
14.7392  0.0892067
14.7588  0.086776
14.7784  0.0844374
14.798  0.0821917
14.8176  0.0800396
14.8372  0.0779816
14.8568  0.0760183
14.8764  0.07415
14.896  0.0723771
14.9156  0.0707
14.9352  0.0691187
14.9548  0.0676336
14.9744  0.0662445
14.994  0.0649514
15.0136  0.0637543
15.0332  0.062653
15.0528  0.0616473
15.0724  0.0607368
15.092  0.0599214
15.1116  0.0592002
15.1312  0.0585729
15.1508  0.0580389
15.1704  0.0575976
15.19  0.0572482
15.2096  0.05699
15.2292  0.056822
15.2488  0.0567434
15.2684  0.0567532
15.288  0.0568502
15.3076  0.0570335
15.3272  0.0573019
15.3468  0.0576543
15.3664  0.0580891
15.386  0.0586053
15.4056  0.0592014
15.4252  0.0598759
15.4448  0.0606274
15.4644  0.0614545
15.484  0.0623554
15.5036  0.0633287
15.5232  0.0643726
15.5428  0.0654855
15.5624  0.0666657
15.582  0.0679113
15.6016  0.0692205
15.6212  0.0705916
15.6408  0.0720228
15.6604  0.073512
15.68  0.0750572
15.6996  0.0766568
15.7192  0.0783086
15.7388  0.0800106
15.7584  0.0817609
15.778  0.0835574
15.7976  0.085398
15.8172  0.0872807
15.8368  0.0892034
15.8564  0.0911641
15.876  0.0931607
15.8956  0.0951909
15.9152  0.0972528
15.9348  0.0993443
15.9544  0.101463
15.974  0.103607
15.9936  0.105775
16.0132  0.107963
16.0328  0.110171
16.0524  0.112395
16.072  0.114634
16.0916  0.116886
16.1112  0.119149
16.1308  0.12142
16.1504  0.123698
16.17  0.125981
16.1896  0.128266
16.2092  0.130551
16.2288  0.132836
16.2484  0.135117
16.268  0.137393
16.2876  0.139662
16.3072  0.141922
16.3268  0.144172
16.3464  0.146409
16.366  0.148631
16.3856  0.150838
16.4052  0.153026
16.4248  0.155196
16.4444  0.157344
16.464  0.15947
16.4836  0.161571
16.5032  0.163647
16.5228  0.165695
16.5424  0.167715
16.562  0.169704
16.5816  0.171662
16.6012  0.173587
16.6208  0.175478
16.6404  0.177334
16.66  0.179153
16.6796  0.180934
16.6992  0.182676
16.7188  0.184378
16.7384  0.186039
16.758  0.187657
16.7776  0.189233
16.7972  0.190765
16.8168  0.192252
16.8364  0.193693
16.856  0.195088
16.8756  0.196435
16.8952  0.197735
16.9148  0.198986
16.9344  0.200188
16.954  0.20134
16.9736  0.202442
16.9932  0.203493
17.0128  0.204493
17.0324  0.205441
17.052  0.206337
17.0716  0.207181
17.0912  0.207973
17.1108  0.208711
17.1304  0.209397
17.15  0.210029
17.1696  0.210609
17.1892  0.211134
17.2088  0.211607
17.2284  0.212026
17.248  0.212392
17.2676  0.212704
17.2872  0.212964
17.3068  0.21317
17.3264  0.213323
17.346  0.213424
17.3656  0.213473
17.3852  0.213469
17.4048  0.213413
17.4244  0.213306
17.444  0.213148
17.4636  0.212939
17.4832  0.21268
17.5028  0.212371
17.5224  0.212013
17.542  0.211606
17.5616  0.21115
17.5812  0.210647
17.6008  0.210096
17.6204  0.209499
17.64  0.208855
17.6596  0.208167
17.6792  0.207434
17.6988  0.206656
17.7184  0.205836
17.738  0.204972
17.7576  0.204067
17.7772  0.203121
17.7968  0.202134
17.8164  0.201108
17.836  0.200043
17.8556  0.198939
17.8752  0.197799
17.8948  0.196622
17.9144  0.19541
17.934  0.194163
17.9536  0.192882
17.9732  0.191569
17.9928  0.190223
18.0124  0.188846
18.032  0.187438
18.0516  0.186001
18.0712  0.184536
18.0908  0.183042
18.1104  0.181522
18.13  0.179976
18.1496  0.178406
18.1692  0.17681
18.1888  0.175192
18.2084  0.173552
18.228  0.17189
18.2476  0.170208
18.2672  0.168506
18.2868  0.166785
18.3064  0.165047
18.326  0.163292
18.3456  0.16152
18.3652  0.159734
18.3848  0.157933
18.4044  0.156119
18.424  0.154293
18.4436  0.152455
18.4632  0.150606
18.4828  0.148747
18.5024  0.146879
18.522  0.145003
18.5416  0.143119
18.5612  0.141229
18.5808  0.139333
18.6004  0.137433
18.62  0.135528
18.6396  0.133619
18.6592  0.131708
18.6788  0.129795
18.6984  0.127881
18.718  0.125967
18.7376  0.124052
18.7572  0.12214
18.7768  0.120229
18.7964  0.11832
18.816  0.116415
18.8356  0.114513
18.8552  0.112616
18.8748  0.110725
18.8944  0.108839
18.914  0.10696
18.9336  0.105087
18.9532  0.103223
18.9728  0.101367
18.9924  0.0995197
19.012  0.097682
19.0316  0.0958543
19.0512  0.0940374
19.0708  0.0922315
19.0904  0.0904372
19.11  0.0886552
19.1296  0.0868858
19.1492  0.0851296
19.1688  0.0833869
19.1884  0.0816585
19.208  0.0799445
19.2276  0.0782456
19.2472  0.076562
19.2668  0.0748941
19.2864  0.0732426
19.306  0.0716076
19.3256  0.0699897
19.3452  0.0683891
19.3648  0.0668061
19.3844  0.0652412
19.404  0.0636947
19.4236  0.0621668
19.4432  0.0606579
19.4628  0.0591682
19.4824  0.0576981
19.502  0.0562478
19.5216  0.0548176
19.5412  0.0534078
19.5608  0.0520184
19.5804  0.0506498
19.6  0.0493022
19.6196  0.0479757
19.6392  0.0466707
19.6588  0.0453873
19.6784  0.0441255
19.698  0.0428856
19.7176  0.0416679
19.7372  0.0404722
19.7568  0.0392989
19.7764  0.038148
19.796  0.0370196
19.8156  0.0359139
19.8352  0.0348309
19.8548  0.0337708
19.8744  0.0327336
19.894  0.0317193
19.9136  0.030728
19.9332  0.0297598
19.9528  0.0288148
19.9724  0.0278929
19.992  0.0269941
20.0116  0.0261185
20.0312  0.0252661
20.0508  0.024437
20.0704  0.0236311
20.09  0.0228483
20.1096  0.0220887
20.1292  0.0213523
20.1488  0.020639
20.1684  0.0199488
20.188  0.0192816
20.2076  0.0186375
20.2272  0.0180163
20.2468  0.017418
20.2664  0.0168425
20.286  0.0162897
20.3056  0.0157597
20.3252  0.0152522
20.3448  0.0147673
20.3644  0.0143048
20.384  0.0138646
20.4036  0.0134467
20.4232  0.0130509
20.4428  0.0126772
20.4624  0.0123253
20.482  0.0119953
20.5016  0.0116869
20.5212  0.0114001
20.5408  0.0111348
20.5604  0.0108908
20.58  0.0106679
20.5996  0.0104662
20.6192  0.0102853
20.6388  0.0101252
20.6584  0.0099857
20.678  0.00986672
20.6976  0.00976806
20.7172  0.00968955
20.7368  0.00963109
20.7564  0.00959251
20.776  0.00957363
20.7956  0.00957427
20.8152  0.00959429
20.8348  0.00963352
20.8544  0.00969176
20.874  0.00976888
20.8936  0.00986468
20.9132  0.00997897
20.9328  0.0101116
20.9524  0.0102623
20.972  0.010431
20.9916  0.0106174
21.0112  0.0108214
21.0308  0.0110427
21.0504  0.0112812
21.07  0.0115367
21.0896  0.0118088
21.1092  0.0120976
21.1288  0.0124026
21.1484  0.0127238
21.168  0.0130608
21.1876  0.0134135
21.2072  0.0137816
21.2268  0.014165
21.2464  0.0145632
21.266  0.0149762
21.2856  0.0154037
21.3052  0.0158454
21.3248  0.0163011
21.3444  0.0167705
21.364  0.0172534
21.3836  0.0177494
21.4032  0.0182584
21.4228  0.0187801
21.4424  0.019314
21.462  0.0198602
21.4816  0.020418
21.5012  0.0209874
21.5208  0.0215679
21.5404  0.0221594
21.56  0.0227614
21.5796  0.0233737
21.5992  0.0239958
21.6188  0.0246276
21.6384  0.0252687
21.658  0.0259187
21.6776  0.0265772
21.6972  0.0272441
21.7168  0.0279187
21.7364  0.0286009
21.756  0.0292902
21.7756  0.0299862
21.7952  0.0306886
21.8148  0.031397
21.8344  0.032111
21.854  0.0328302
21.8736  0.0335541
21.8932  0.0342825
21.9128  0.0350148
21.9324  0.0357505
21.952  0.0364895
21.9716  0.037231
21.9912  0.0379748
22.0108  0.0387204
22.0304  0.0394673
22.05  0.0402151
22.0696  0.0409633
22.0892  0.0417114
22.1088  0.042459
22.1284  0.0432057
22.148  0.0439508
22.1676  0.044694
22.1872  0.0454348
22.2068  0.0461727
22.2264  0.0469071
22.246  0.0476377
22.2656  0.0483638
22.2852  0.0490852
22.3048  0.049801
22.3244  0.0505111
22.344  0.0512147
22.3636  0.0519114
22.3832  0.0526008
22.4028  0.0532823
22.4224  0.0539555
22.442  0.0546197
22.4616  0.0552746
22.4812  0.0559197
22.5008  0.0565543
22.5204  0.0571781
22.54  0.0577906
22.5596  0.0583913
22.5792  0.0589797
22.5988  0.0595554
22.6184  0.0601178
22.638  0.0606665
22.6576  0.0612012
22.6772  0.0617212
22.6968  0.0622262
22.7164  0.0627158
22.736  0.0631894
22.7556  0.0636468
22.7752  0.0640874
22.7948  0.064511
22.8144  0.0649171
22.834  0.0653053
22.8536  0.0656753
22.8732  0.0660267
22.8928  0.0663591
22.9124  0.0666724
22.932  0.066966
22.9516  0.0672398
22.9712  0.0674935
22.9908  0.0677268
23.0104  0.0679392
23.03  0.0681309
23.0496  0.0683014
23.0692  0.0684504
23.0888  0.0685779
23.1084  0.0686837
23.128  0.0687676
23.1476  0.0688295
23.1672  0.0688691
23.1868  0.0688865
23.2064  0.0688814
23.226  0.068854
23.2456  0.0688041
23.2652  0.0687315
23.2848  0.0686365
23.3044  0.0685189
23.324  0.0683788
23.3436  0.0682162
23.3632  0.0680312
23.3828  0.0678238
23.4024  0.0675941
23.422  0.0673424
23.4416  0.0670686
23.4612  0.0667731
23.4808  0.0664558
23.5004  0.0661171
23.52  0.0657572
23.5396  0.0653763
23.5592  0.0649746
23.5788  0.0645524
23.5984  0.0641102
23.618  0.063648
23.6376  0.0631663
23.6572  0.0626653
23.6768  0.0621456
23.6964  0.0616074
23.716  0.0610511
23.7356  0.0604772
23.7552  0.0598861
23.7748  0.0592783
23.7944  0.0586541
23.814  0.0580141
23.8336  0.0573589
23.8532  0.0566887
23.8728  0.0560042
23.8924  0.055306
23.912  0.0545946
23.9316  0.0538704
23.9512  0.0531342
23.9708  0.0523864
23.9904  0.0516276
24.01  0.0508585
24.0296  0.0500796
24.0492  0.0492916
24.0688  0.048495
24.0884  0.0476905
24.108  0.0468788
24.1276  0.0460604
24.1472  0.045236
24.1668  0.0444062
24.1864  0.0435717
24.206  0.0427331
24.2256  0.0418911
24.2452  0.0410464
24.2648  0.0401995
24.2844  0.0393511
24.304  0.0385019
24.3236  0.0376525
24.3432  0.0368036
24.3628  0.0359558
24.3824  0.0351096
24.402  0.0342659
24.4216  0.0334251
24.4412  0.0325879
24.4608  0.0317549
24.4804  0.0309268
24.5  0.030104
24.5196  0.0292872
24.5392  0.028477
24.5588  0.0276738
24.5784  0.0268783
24.598  0.0260911
24.6176  0.0253126
24.6372  0.0245433
24.6568  0.0237839
24.6764  0.0230346
24.696  0.0222961
24.7156  0.0215688
24.7352  0.0208531
24.7548  0.0201494
24.7744  0.0194583
24.794  0.01878
24.8136  0.018115
24.8332  0.0174636
24.8528  0.0168262
24.8724  0.0162031
24.892  0.0155946
24.9116  0.015001
24.9312  0.0144226
24.9508  0.0138596
24.9704  0.0133124
24.99  0.012781
25.0096  0.0122658
25.0292  0.0117668
25.0488  0.0112844
25.0684  0.0108185
25.088  0.0103694
25.1076  0.00993713
25.1272  0.00952179
25.1468  0.00912351
25.1664  0.00874231
25.186  0.00837821
25.2056  0.00803121
25.2252  0.00770141
25.2448  0.0073887
25.2644  0.00709309
25.284  0.00681451
25.3036  0.00655291
25.3232  0.00630819
25.3428  0.00608027
25.3624  0.00586906
25.382  0.00567436
25.4016  0.00549606
25.4212  0.005334
25.4408  0.00518806
25.4604  0.00505795
25.48  0.00494355
25.4996  0.00484463
25.5192  0.00476096
25.5388  0.00469227
25.5584  0.00463835
25.578  0.00459894
25.5976  0.00457375
25.6172  0.0045625
25.6368  0.00456494
25.6564  0.00458072
25.676  0.00460957
25.6956  0.00465116
25.7152  0.00470517
25.7348  0.00477128
25.7544  0.00484915
25.774  0.00493844
25.7936  0.00503881
25.8132  0.0051499
25.8328  0.00527139
25.8524  0.0054029
25.872  0.00554403
25.8916  0.0056945
25.9112  0.0058539
25.9308  0.00602189
25.9504  0.00619808
25.97  0.00638211
25.9896  0.00657362
26.0092  0.00677226
26.0288  0.00697764
26.0484  0.00718944
26.068  0.00740723
26.0876  0.00763073
26.1072  0.00785952
26.1268  0.00809332
26.1464  0.00833174
26.166  0.00857443
26.1856  0.00882105
26.2052  0.00907128
26.2248  0.00932479
26.2444  0.00958127
26.264  0.00984036
26.2836  0.0101018
26.3032  0.0103653
26.3228  0.0106304
26.3424  0.010897
26.362  0.0111648
26.3816  0.0114334
26.4012  0.0117025
26.4208  0.0119721
26.4404  0.0122416
26.46  0.012511
26.4796  0.01278
26.4992  0.0130482
26.5188  0.0133157
26.5384  0.013582
26.558  0.013847
26.5776  0.0141104
26.5972  0.0143722
26.6168  0.014632
26.6364  0.0148897
26.656  0.0151452
26.6756  0.0153983
26.6952  0.0156487
26.7148  0.0158965
26.7344  0.0161413
26.754  0.0163832
26.7736  0.0166219
26.7932  0.0168574
26.8128  0.0170894
26.8324  0.017318
26.852  0.0175431
26.8716  0.0177644
26.8912  0.017982
26.9108  0.0181958
26.9304  0.0184056
26.95  0.0186114
26.9696  0.0188132
26.9892  0.0190109
27.0088  0.0192043
27.0284  0.0193936
27.048  0.0195786
27.0676  0.0197592
27.0872  0.0199356
27.1068  0.0201076
27.1264  0.0202751
27.146  0.0204383
27.1656  0.020597
27.1852  0.0207512
27.2048  0.0209009
27.2244  0.0210461
27.244  0.0211869
27.2636  0.0213231
27.2832  0.0214548
27.3028  0.0215819
27.3224  0.0217045
27.342  0.0218226
27.3616  0.0219362
27.3812  0.0220453
27.4008  0.0221498
27.4204  0.0222498
27.44  0.0223453
27.4596  0.0224363
27.4792  0.0225228
27.4988  0.0226048
27.5184  0.0226823
27.538  0.0227553
27.5576  0.0228239
27.5772  0.0228881
27.5968  0.0229477
27.6164  0.023003
27.636  0.0230538
27.6556  0.0231002
27.6752  0.0231422
27.6948  0.0231797
27.7144  0.023213
27.734  0.0232417
27.7536  0.0232662
27.7732  0.0232863
27.7928  0.023302
27.8124  0.0233133
27.832  0.0233204
27.8516  0.0233231
27.8712  0.0233215
27.8908  0.0233156
27.9104  0.0233054
27.93  0.0232909
27.9496  0.0232722
27.9692  0.0232492
27.9888  0.0232219
28.0084  0.0231904
28.028  0.0231547
28.0476  0.0231148
28.0672  0.0230707
28.0868  0.0230224
28.1064  0.02297
28.126  0.0229134
28.1456  0.0228528
28.1652  0.0227881
28.1848  0.0227193
28.2044  0.0226464
28.224  0.0225696
28.2436  0.0224887
28.2632  0.0224039
28.2828  0.0223153
28.3024  0.0222228
28.322  0.0221264
28.3416  0.0220262
28.3612  0.0219223
28.3808  0.0218147
28.4004  0.0217035
28.42  0.0215887
28.4396  0.0214703
28.4592  0.0213485
28.4788  0.0212232
28.4984  0.0210945
28.518  0.0209626
28.5376  0.0208275
28.5572  0.0206893
28.5768  0.020548
28.5964  0.0204036
28.616  0.0202564
28.6356  0.0201064
28.6552  0.0199536
28.6748  0.0197983
28.6944  0.0196403
28.714  0.01948
28.7336  0.0193173
28.7532  0.0191524
28.7728  0.0189853
28.7924  0.0188162
28.812  0.0186452
28.8316  0.0184725
28.8512  0.018298
28.8708  0.018122
28.8904  0.0179445
28.91  0.0177658
28.9296  0.0175858
28.9492  0.0174048
28.9688  0.0172228
28.9884  0.01704
29.008  0.0168566
29.0276  0.0166726
29.0472  0.0164882
29.0668  0.0163034
29.0864  0.0161186
29.106  0.0159337
29.1256  0.015749
29.1452  0.0155645
29.1648  0.0153803
29.1844  0.0151967
29.204  0.0150138
29.2236  0.0148316
29.2432  0.0146503
29.2628  0.01447
29.2824  0.0142909
29.302  0.0141131
29.3216  0.0139367
29.3412  0.0137618
29.3608  0.0135886
29.3804  0.0134171
29.4  0.0132475
