-29.4  0.0360645
-29.3804  0.0353032
-29.3608  0.0345356
-29.3412  0.0337623
-29.3216  0.0329837
-29.302  0.0322006
-29.2824  0.0314136
-29.2628  0.0306232
-29.2432  0.0298301
-29.2236  0.0290349
-29.204  0.0282383
-29.1844  0.0274409
-29.1648  0.0266434
-29.1452  0.0258463
-29.1256  0.0250503
-29.106  0.0242561
-29.0864  0.0234644
-29.0668  0.0226757
-29.0472  0.0218907
-29.0276  0.02111
-29.008  0.0203345
-28.9884  0.0195645
-28.9688  0.0188009
-28.9492  0.0180441
-28.9296  0.017295
-28.91  0.016554
-28.8904  0.0158219
-28.8708  0.0150993
-28.8512  0.0143868
-28.8316  0.0136849
-28.812  0.0129944
-28.7924  0.0123159
-28.7728  0.0116498
-28.7532  0.0109969
-28.7336  0.0103576
-28.714  0.00973267
-28.6944  0.00912259
-28.6748  0.00852789
-28.6552  0.00794917
-28.6356  0.00738692
-28.616  0.00684174
-28.5964  0.00631407
-28.5768  0.00580448
-28.5572  0.00531347
-28.5376  0.0048415
-28.518  0.00438906
-28.4984  0.0039566
-28.4788  0.00354457
-28.4592  0.0031534
-28.4396  0.00278355
-28.42  0.00243539
-28.4004  0.00210933
-28.3808  0.00180576
-28.3612  0.00152501
-28.3416  0.00126747
-28.322  0.00103346
-28.3024  0.000823291
-28.2828  0.00063727
-28.2632  0.000475695
-28.2436  0.000338814
-28.224  0.000226891
-28.2044  0.000140169
-28.1848  7.88549e-05
-28.1652  4.31563e-05
-28.1456  3.32521e-05
-28.126  4.93082e-05
-28.1064  9.1473e-05
-28.0868  0.000159871
-28.0672  0.000254619
-28.0476  0.000375795
-28.028  0.000523495
-28.0084  0.000697744
-27.9888  0.000898607
-27.9692  0.00112608
-27.9496  0.00138015
-27.93  0.00166082
-27.9104  0.00196803
-27.8908  0.00230174
-27.8712  0.00266184
-27.8516  0.00304825
-27.832  0.00346086
-27.8124  0.00389949
-27.7928  0.00436403
-27.7732  0.0048543
-27.7536  0.00537006
-27.734  0.00591113
-27.7144  0.00647729
-27.6948  0.00706825
-27.6752  0.00768376
-27.6556  0.00832353
-27.636  0.00898724
-27.6164  0.00967458
-27.5968  0.0103852
-27.5772  0.0111187
-27.5576  0.0118748
-27.538  0.0126529
-27.5184  0.0134529
-27.4988  0.0142741
-27.4792  0.0151161
-27.4596  0.0159785
-27.44  0.0168608
-27.4204  0.0177625
-27.4008  0.018683
-27.3812  0.0196219
-27.3616  0.0205786
-27.342  0.0215526
-27.3224  0.0225432
-27.3028  0.0235499
-27.2832  0.0245721
-27.2636  0.0256091
-27.244  0.0266604
-27.2244  0.0277253
-27.2048  0.0288031
-27.1852  0.0298932
-27.1656  0.030995
-27.146  0.0321076
-27.1264  0.0332304
-27.1068  0.0343628
-27.0872  0.0355041
-27.0676  0.0366534
-27.048  0.03781
-27.0284  0.0389732
-27.0088  0.0401423
-26.9892  0.0413166
-26.9696  0.0424952
-26.95  0.0436773
-26.9304  0.0448623
-26.9108  0.0460493
-26.8912  0.0472376
-26.8716  0.0484264
-26.852  0.0496148
-26.8324  0.0508021
-26.8128  0.0519875
-26.7932  0.0531702
-26.7736  0.0543495
-26.754  0.0555245
-26.7344  0.0566943
-26.7148  0.0578583
-26.6952  0.0590157
-26.6756  0.0601656
-26.656  0.0613072
-26.6364  0.0624399
-26.6168  0.0635628
-26.5972  0.064675
-26.5776  0.0657759
-26.558  0.0668646
-26.5384  0.0679404
-26.5188  0.0690027
-26.4992  0.0700506
-26.4796  0.0710832
-26.46  0.0721001
-26.4404  0.0731004
-26.4208  0.0740833
-26.4012  0.0750484
-26.3816  0.0759946
-26.362  0.0769215
-26.3424  0.0778283
-26.3228  0.0787145
-26.3032  0.0795792
-26.2836  0.080422
-26.264  0.0812423
-26.2444  0.0820393
-26.2248  0.0828124
-26.2052  0.0835612
-26.1856  0.084285
-26.166  0.0849833
-26.1464  0.0856556
-26.1268  0.0863014
-26.1072  0.0869201
-26.0876  0.0875112
-26.068  0.0880745
-26.0484  0.0886093
-26.0288  0.0891152
-26.0092  0.089592
-25.9896  0.090039
-25.97  0.0904561
-25.9504  0.0908428
-25.9308  0.0911988
-25.9112  0.0915239
-25.8916  0.0918177
-25.872  0.09208
-25.8524  0.0923104
-25.8328  0.0925089
-25.8132  0.0926753
-25.7936  0.0928093
-25.774  0.0929107
-25.7544  0.0929796
-25.7348  0.0930157
-25.7152  0.0930189
-25.6956  0.0929893
-25.676  0.0929267
-25.6564  0.0928312
-25.6368  0.0927028
-25.6172  0.0925414
-25.5976  0.0923472
-25.578  0.0921202
-25.5584  0.0918606
-25.5388  0.0915684
-25.5192  0.0912439
-25.4996  0.0908871
-25.48  0.0904983
-25.4604  0.0900778
-25.4408  0.0896256
-25.4212  0.0891423
-25.4016  0.0886278
-25.382  0.0880827
-25.3624  0.0875073
-25.3428  0.086902
-25.3232  0.086267
-25.3036  0.0856028
-25.284  0.0849099
-25.2644  0.0841887
-25.2448  0.0834397
-25.2252  0.0826632
-25.2056  0.08186
-25.186  0.0810305
-25.1664  0.0801751
-25.1468  0.0792947
-25.1272  0.0783898
-25.1076  0.0774608
-25.088  0.0765085
-25.0684  0.0755336
-25.0488  0.0745366
-25.0292  0.0735185
-25.0096  0.0724798
-24.99  0.0714211
-24.9704  0.0703433
-24.9508  0.0692472
-24.9312  0.0681335
-24.9116  0.0670031
-24.892  0.0658566
-24.8724  0.064695
-24.8528  0.0635189
-24.8332  0.0623295
-24.8136  0.0611275
-24.794  0.0599137
-24.7744  0.058689
-24.7548  0.0574543
-24.7352  0.0562106
-24.7156  0.0549587
-24.696  0.0536996
-24.6764  0.0524342
-24.6568  0.0511635
-24.6372  0.0498882
-24.6176  0.0486096
-24.598  0.0473284
-24.5784  0.0460458
-24.5588  0.0447626
-24.5392  0.0434798
-24.5196  0.0421984
-24.5  0.0409194
-24.4804  0.0396437
-24.4608  0.0383724
-24.4412  0.0371065
-24.4216  0.0358468
-24.402  0.0345944
-24.3824  0.0333503
-24.3628  0.0321155
-24.3432  0.0308908
-24.3236  0.0296774
-24.304  0.0284763
-24.2844  0.0272882
-24.2648  0.0261143
-24.2452  0.0249554
-24.2256  0.0238124
-24.206  0.0226864
-24.1864  0.0215784
-24.1668  0.0204891
-24.1472  0.0194194
-24.1276  0.0183704
-24.108  0.0173429
-24.0884  0.0163377
-24.0688  0.0153557
-24.0492  0.0143979
-24.0296  0.013465
-24.01  0.0125577
-23.9904  0.011677
-23.9708  0.0108237
-23.9512  0.00999849
-23.9316  0.00920211
-23.912  0.00843538
-23.8924  0.00769893
-23.8728  0.00699356
-23.8532  0.00631991
-23.8336  0.00567863
-23.814  0.00507039
-23.7944  0.0044958
-23.7748  0.00395547
-23.7552  0.00344996
-23.7356  0.00297987
-23.716  0.00254569
-23.6964  0.00214796
-23.6768  0.00178715
-23.6572  0.00146374
-23.6376  0.00117816
-23.618  0.000930817
-23.5984  0.00072211
-23.5788  0.000552394
-23.5592  0.000422022
-23.5396  0.000331281
-23.52  0.000280467
-23.5004  0.000269836
-23.4808  0.000299617
-23.4612  0.000369999
-23.4416  0.000481173
-23.422  0.000633271
-23.4024  0.000826418
-23.3828  0.00106068
-23.3632  0.00133615
-23.3436  0.00165285
-23.324  0.00201076
-23.3044  0.00240987
-23.2848  0.00285011
-23.2652  0.00333143
-23.2456  0.00385366
-23.226  0.00441671
-23.2064  0.00502038
-23.1868  0.00566445
-23.1672  0.0063487
-23.1476  0.0070729
-23.128  0.00783674
-23.1084  0.00863986
-23.0888  0.009482
-23.0692  0.0103627
-23.0496  0.0112816
-23.03  0.0122382
-23.0104  0.0132321
-22.9908  0.0142628
-22.9712  0.0153298
-22.9516  0.0164326
-22.932  0.0175705
-22.9124  0.0187429
-22.8928  0.0199493
-22.8732  0.021189
-22.8536  0.0224613
-22.834  0.0237654
-22.8144  0.0251008
-22.7948  0.0264666
-22.7752  0.027862
-22.7556  0.0292863
-22.736  0.0307386
-22.7164  0.032218
-22.6968  0.0337237
-22.6772  0.0352549
-22.6576  0.0368106
-22.638  0.0383898
-22.6184  0.0399917
-22.5988  0.0416152
-22.5792  0.0432593
-22.5596  0.044923
-22.54  0.0466054
-22.5204  0.0483053
-22.5008  0.0500217
-22.4812  0.0517535
-22.4616  0.0534998
-22.442  0.0552592
-22.4224  0.0570308
-22.4028  0.0588134
-22.3832  0.0606058
-22.3636  0.0624069
-22.344  0.0642155
-22.3244  0.0660305
-22.3048  0.0678506
-22.2852  0.0696748
-22.2656  0.0715017
-22.246  0.0733303
-22.2264  0.0751591
-22.2068  0.0769872
-22.1872  0.0788132
-22.1676  0.080636
-22.148  0.0824541
-22.1284  0.0842666
-22.1088  0.0860723
-22.0892  0.0878697
-22.0696  0.0896576
-22.05  0.0914351
-22.0304  0.0932007
-22.0108  0.0949532
-21.9912  0.0966915
-21.9716  0.0984144
-21.952  0.100121
-21.9324  0.101809
-21.9128  0.103478
-21.8932  0.105128
-21.8736  0.106755
-21.854  0.108361
-21.8344  0.109943
-21.8148  0.1115
-21.7952  0.113031
-21.7756  0.114535
-21.756  0.116011
-21.7364  0.117458
-21.7168  0.118875
-21.6972  0.120261
-21.6776  0.121614
-21.658  0.122935
-21.6384  0.124221
-21.6188  0.125472
-21.5992  0.126687
-21.5796  0.127865
-21.56  0.129005
-21.5404  0.130106
-21.5208  0.131168
-21.5012  0.13219
-21.4816  0.13317
-21.462  0.134109
-21.4424  0.135005
-21.4228  0.135857
-21.4032  0.136666
-21.3836  0.13743
-21.364  0.138148
-21.3444  0.138821
-21.3248  0.139447
-21.3052  0.140026
-21.2856  0.140558
-21.266  0.141042
-21.2464  0.141477
-21.2268  0.141864
-21.2072  0.142202
-21.1876  0.14249
-21.168  0.142728
-21.1484  0.142916
-21.1288  0.143055
-21.1092  0.143142
-21.0896  0.143179
-21.07  0.143166
-21.0504  0.143101
-21.0308  0.142986
-21.0112  0.14282
-20.9916  0.142603
-20.972  0.142335
-20.9524  0.142016
-20.9328  0.141647
-20.9132  0.141228
-20.8936  0.140758
-20.874  0.140239
-20.8544  0.139669
-20.8348  0.139051
-20.8152  0.138383
-20.7956  0.137667
-20.776  0.136903
-20.7564  0.13609
-20.7368  0.135231
-20.7172  0.134325
-20.6976  0.133373
-20.678  0.132375
-20.6584  0.131333
-20.6388  0.130246
-20.6192  0.129116
-20.5996  0.127943
-20.58  0.126728
-20.5604  0.125471
-20.5408  0.124175
-20.5212  0.122839
-20.5016  0.121464
-20.482  0.120052
-20.4624  0.118603
-20.4428  0.117119
-20.4232  0.1156
-20.4036  0.114047
-20.384  0.112462
-20.3644  0.110846
-20.3448  0.109199
-20.3252  0.107524
-20.3056  0.10582
-20.286  0.10409
-20.2664  0.102334
-20.2468  0.100554
-20.2272  0.0987517
-20.2076  0.0969276
-20.188  0.0950831
-20.1684  0.0932198
-20.1488  0.0913392
-20.1292  0.0894423
-20.1096  0.0875307
-20.09  0.0856059
-20.0704  0.0836692
-20.0508  0.0817221
-20.0312  0.079766
-20.0116  0.0778026
-19.992  0.0758331
-19.9724  0.0738593
-19.9528  0.0718824
-19.9332  0.069904
-19.9136  0.0679258
-19.894  0.0659492
-19.8744  0.0639757
-19.8548  0.062007
-19.8352  0.0600445
-19.8156  0.0580897
-19.796  0.0561443
-19.7764  0.0542098
-19.7568  0.0522877
-19.7372  0.0503795
-19.7176  0.0484869
-19.698  0.0466113
-19.6784  0.0447543
-19.6588  0.0429173
-19.6392  0.041102
-19.6196  0.0393098
-19.6  0.0375422
-19.5804  0.0358008
-19.5608  0.0340869
-19.5412  0.032402
-19.5216  0.0307476
-19.502  0.0291251
-19.4824  0.027536
-19.4628  0.0259816
-19.4432  0.0244633
-19.4236  0.0229824
-19.404  0.0215403
-19.3844  0.0201384
-19.3648  0.0187778
-19.3452  0.0174599
-19.3256  0.0161859
-19.306  0.0149571
-19.2864  0.0137746
-19.2668  0.0126395
-19.2472  0.011553
-19.2276  0.0105163
-19.208  0.0095304
-19.1884  0.00859628
-19.1688  0.00771504
-19.1492  0.00688761
-19.1296  0.00611492
-19.11  0.0053979
-19.0904  0.00473743
-19.0708  0.00413432
-19.0512  0.0035894
-19.0316  0.00310342
-19.012  0.00267707
-18.9924  0.00231105
-18.9728  0.00200602
-18.9532  0.00176255
-18.9336  0.00158123
-18.914  0.00146255
-18.8944  0.00140701
-18.8748  0.00141502
-18.8552  0.001487
-18.8356  0.00162326
-18.816  0.00182411
-18.7964  0.00208983
-18.7768  0.00242061
-18.7572  0.00281662
-18.7376  0.00327797
-18.718  0.00380477
-18.6984  0.00439702
-18.6788  0.00505467
-18.6592  0.00577774
-18.6396  0.00656605
-18.62  0.00741946
-18.6004  0.00833776
-18.5808  0.00932071
-18.5612  0.010368
-18.5416  0.0114793
-18.522  0.0126541
-18.5024  0.0138922
-18.4828  0.0151929
-18.4632  0.0165557
-18.4436  0.0179801
-18.424  0.0194655
-18.4044  0.021011
-18.3848  0.0226161
-18.3652  0.02428
-18.3456  0.0260018
-18.326  0.0277807
-18.3064  0.0296159
-18.2868  0.0315062
-18.2672  0.0334509
-18.2476  0.0354488
-18.228  0.0374989
-18.2084  0.0396
-18.1888  0.0417509
-18.1692  0.0439506
-18.1496  0.0461978
-18.13  0.0484911
-18.1104  0.0508294
-18.0908  0.0532112
-18.0712  0.055635
-18.0516  0.0580996
-18.032  0.0606034
-18.0124  0.063145
-17.9928  0.0657228
-17.9732  0.0683354
-17.9536  0.0709809
-17.934  0.0736579
-17.9144  0.0763647
-17.8948  0.0790996
-17.8752  0.0818609
-17.8556  0.0846469
-17.836  0.0874558
-17.8164  0.0902858
-17.7968  0.0931352
-17.7772  0.0960022
-17.7576  0.0988846
-17.738  0.101781
-17.7184  0.104689
-17.6988  0.107607
-17.6792  0.110534
-17.6596  0.113466
-17.64  0.116403
-17.6204  0.119342
-17.6008  0.122281
-17.5812  0.125218
-17.5616  0.128152
-17.542  0.13108
-17.5224  0.134001
-17.5028  0.136911
-17.4832  0.13981
-17.4636  0.142696
-17.444  0.145566
-17.4244  0.148418
-17.4048  0.151251
-17.3852  0.154061
-17.3656  0.156849
-17.346  0.159611
-17.3264  0.162345
-17.3068  0.165049
-17.2872  0.167723
-17.2676  0.170363
-17.248  0.172967
-17.2284  0.175535
-17.2088  0.178064
-17.1892  0.180551
-17.1696  0.182996
-17.15  0.185397
-17.1304  0.187751
-17.1108  0.190058
-17.0912  0.192314
-17.0716  0.194519
-17.052  0.196671
-17.0324  0.198768
-17.0128  0.200808
-16.9932  0.202791
-16.9736  0.204714
-16.954  0.206576
-16.9344  0.208376
-16.9148  0.210111
-16.8952  0.211782
-16.8756  0.213386
-16.856  0.214921
-16.8364  0.216388
-16.8168  0.217784
-16.7972  0.219108
-16.7776  0.22036
-16.758  0.221538
-16.7384  0.222641
-16.7188  0.223668
-16.6992  0.224619
-16.6796  0.225492
-16.66  0.226286
-16.6404  0.227001
-16.6208  0.227637
-16.6012  0.228191
-16.5816  0.228665
-16.562  0.229057
-16.5424  0.229366
-16.5228  0.229593
-16.5032  0.229737
-16.4836  0.229797
-16.464  0.229774
-16.4444  0.229667
-16.4248  0.229475
-16.4052  0.2292
-16.3856  0.228841
-16.366  0.228398
-16.3464  0.227871
-16.3268  0.22726
-16.3072  0.226566
-16.2876  0.225789
-16.268  0.224929
-16.2484  0.223986
-16.2288  0.222961
-16.2092  0.221855
-16.1896  0.220669
-16.17  0.219402
-16.1504  0.218055
-16.1308  0.216631
-16.1112  0.215128
-16.0916  0.213549
-16.072  0.211894
-16.0524  0.210163
-16.0328  0.20836
-16.0132  0.206484
-15.9936  0.204536
-15.974  0.202519
-15.9544  0.200433
-15.9348  0.198279
-15.9152  0.19606
-15.8956  0.193776
-15.876  0.19143
-15.8564  0.189022
-15.8368  0.186555
-15.8172  0.184031
-15.7976  0.18145
-15.778  0.178815
-15.7584  0.176128
-15.7388  0.17339
-15.7192  0.170604
-15.6996  0.167772
-15.68  0.164895
-15.6604  0.161976
-15.6408  0.159018
-15.6212  0.156021
-15.6016  0.152989
-15.582  0.149923
-15.5624  0.146826
-15.5428  0.143701
-15.5232  0.140549
-15.5036  0.137373
-15.484  0.134176
-15.4644  0.13096
-15.4448  0.127727
-15.4252  0.124481
-15.4056  0.121222
-15.386  0.117955
-15.3664  0.114682
-15.3468  0.111405
-15.3272  0.108127
-15.3076  0.10485
-15.288  0.101578
-15.2684  0.098313
-15.2488  0.0950573
-15.2292  0.0918139
-15.2096  0.0885855
-15.19  0.0853749
-15.1704  0.0821845
-15.1508  0.0790174
-15.1312  0.0758759
-15.1116  0.0727629
-15.092  0.0696811
-15.0724  0.0666333
-15.0528  0.063622
-15.0332  0.0606498
-15.0136  0.0577196
-14.994  0.0548338
-14.9744  0.0519952
-14.9548  0.0492063
-14.9352  0.0464697
-14.9156  0.043788
-14.896  0.0411636
-14.8764  0.0385992
-14.8568  0.0360971
-14.8372  0.0336599
-14.8176  0.0312899
-14.798  0.0289895
-14.7784  0.0267611
-14.7588  0.0246069
-14.7392  0.0225293
-14.7196  0.0205304
-14.7  0.0186124
-14.6804  0.0167775
-14.6608  0.0150277
-14.6412  0.0133651
-14.6216  0.0117915
-14.602  0.0103091
-14.5824  0.00891967
-14.5628  0.00762495
-14.5432  0.00642677
-14.5236  0.0053268
-14.504  0.00432669
-14.4844  0.00342801
-14.4648  0.00263228
-14.4452  0.00194095
-14.4256  0.00135539
-14.406  0.00087689
-14.3864  0.000506719
-14.3668  0.000246031
-14.3472  9.59257e-05
-14.3276  5.74245e-05
-14.308  0.000131472
-14.2884  0.000318943
-14.2688  0.00062063
-14.2492  0.00103725
-14.2296  0.00156943
-14.21  0.00221775
-14.1904  0.00298265
-14.1708  0.00386455
-14.1512  0.00486377
-14.1316  0.00598052
-14.112  0.00721495
-14.0924  0.00856714
-14.0728  0.010037
-14.0532  0.0116245
-14.0336  0.0133294
-14.014  0.0151514
-13.9944  0.0170902
-13.9748  0.0191453
-13.9552  0.0213161
-13.9356  0.0236021
-13.916  0.0260024
-13.8964  0.0285164
-13.8768  0.0311431
-13.8572  0.0338815
-13.8376  0.0367306
-13.818  0.0396892
-13.7984  0.0427561
-13.7788  0.0459299
-13.7592  0.0492092
-13.7396  0.0525925
-13.72  0.0560784
-13.7004  0.0596651
-13.6808  0.0633508
-13.6612  0.0671337
-13.6416  0.0710118
-13.622  0.0749834
-13.6024  0.0790462
-13.5828  0.0831981
-13.5632  0.0874368
-13.5436  0.0917602
-13.524  0.0961657
-13.5044  0.100651
-13.4848  0.105213
-13.4652  0.10985
-13.4456  0.114559
-13.426  0.119338
-13.4064  0.124182
-13.3868  0.12909
-13.3672  0.134059
-13.3476  0.139085
-13.328  0.144166
-13.3084  0.149299
-13.2888  0.154479
-13.2692  0.159705
-13.2496  0.164973
-13.23  0.170279
-13.2104  0.17562
-13.1908  0.180993
-13.1712  0.186394
-13.1516  0.19182
-13.132  0.197267
-13.1124  0.202731
-13.0928  0.20821
-13.0732  0.213699
-13.0536  0.219194
-13.034  0.224693
-13.0144  0.230191
-12.9948  0.235685
-12.9752  0.24117
-12.9556  0.246643
-12.936  0.252101
-12.9164  0.257538
-12.8968  0.262953
-12.8772  0.26834
-12.8576  0.273696
-12.838  0.279017
-12.8184  0.2843
-12.7988  0.28954
-12.7792  0.294734
-12.7596  0.299878
-12.74  0.304968
-12.7204  0.31
-12.7008  0.314971
-12.6812  0.319876
-12.6616  0.324713
-12.642  0.329478
-12.6224  0.334166
-12.6028  0.338775
-12.5832  0.343301
-12.5636  0.347739
-12.544  0.352088
-12.5244  0.356343
-12.5048  0.360501
-12.4852  0.364559
-12.4656  0.368513
-12.446  0.37236
-12.4264  0.376097
-12.4068  0.379721
-12.3872  0.383229
-12.3676  0.386618
-12.348  0.389885
-12.3284  0.393027
-12.3088  0.396042
-12.2892  0.398926
-12.2696  0.401678
-12.25  0.404295
-12.2304  0.406774
-12.2108  0.409113
-12.1912  0.41131
-12.1716  0.413362
-12.152  0.415269
-12.1324  0.417027
-12.1128  0.418635
-12.0932  0.420091
-12.0736  0.421394
-12.054  0.422542
-12.0344  0.423533
-12.0148  0.424367
-11.9952  0.425042
-11.9756  0.425556
-11.956  0.42591
-11.9364  0.426103
-11.9168  0.426133
-11.8972  0.425999
-11.8776  0.425702
-11.858  0.425241
-11.8384  0.424617
-11.8188  0.423827
-11.7992  0.422874
-11.7796  0.421756
-11.76  0.420474
-11.7404  0.419029
-11.7208  0.417421
-11.7012  0.415651
-11.6816  0.413719
-11.662  0.411627
-11.6424  0.409375
-11.6228  0.406965
-11.6032  0.404398
-11.5836  0.401675
-11.564  0.398798
-11.5444  0.395769
-11.5248  0.392589
-11.5052  0.38926
-11.4856  0.385786
-11.466  0.382167
-11.4464  0.378406
-11.4268  0.374506
-11.4072  0.370468
-11.3876  0.366297
-11.368  0.361995
-11.3484  0.357565
-11.3288  0.353009
-11.3092  0.348332
-11.2896  0.343536
-11.27  0.338625
-11.2504  0.333603
-11.2308  0.328472
-11.2112  0.323238
-11.1916  0.317904
-11.172  0.312474
-11.1524  0.306952
-11.1328  0.301342
-11.1132  0.29565
-11.0936  0.289878
-11.074  0.284032
-11.0544  0.278117
-11.0348  0.272136
-11.0152  0.266096
-10.9956  0.26
-10.976  0.253855
-10.9564  0.247664
-10.9368  0.241433
-10.9172  0.235168
-10.8976  0.228873
-10.878  0.222554
-10.8584  0.216216
-10.8388  0.209866
-10.8192  0.203507
-10.7996  0.197147
-10.78  0.19079
-10.7604  0.184443
-10.7408  0.17811
-10.7212  0.171799
-10.7016  0.165514
-10.682  0.159261
-10.6624  0.153047
-10.6428  0.146877
-10.6232  0.140757
-10.6036  0.134692
-10.584  0.12869
-10.5644  0.122756
-10.5448  0.116895
-10.5252  0.111113
-10.5056  0.105417
-10.486  0.0998123
-10.4664  0.0943048
-10.4468  0.0889001
-10.4272  0.0836042
-10.4076  0.0784229
-10.388  0.0733617
-10.3684  0.0684265
-10.3488  0.0636229
-10.3292  0.0589563
-10.3096  0.0544323
-10.29  0.0500565
-10.2704  0.045834
-10.2508  0.0417704
-10.2312  0.0378708
-10.2116  0.0341402
-10.192  0.0305839
-10.1724  0.0272068
-10.1528  0.0240137
-10.1332  0.0210093
-10.1136  0.0181985
-10.094  0.0155856
-10.0744  0.0131752
-10.0548  0.0109716
-10.0352  0.00897887
-10.0156  0.00720113
-9.996  0.00564236
-9.9764  0.00430626
-9.9568  0.00319651
-9.9372  0.00231659
-9.9176  0.00166986
-9.898  0.00125949
-9.8784  0.00108852
-9.8588  0.00115981
-9.8392  0.00147605
-9.8196  0.00203976
-9.8  0.0028533
-9.7804  0.00391882
-9.7608  0.00523834
-9.7412  0.00681364
-9.7216  0.00864632
-9.702  0.0107378
-9.6824  0.0130893
-9.6628  0.0157019
-9.6432  0.0185764
-9.6236  0.0217133
-9.604  0.0251132
-9.5844  0.0287761
-9.5648  0.0327022
-9.5452  0.0368911
-9.5256  0.0413425
-9.506  0.0460556
-9.4864  0.0510296
-9.4668  0.0562633
-9.4472  0.0617556
-9.4276  0.0675047
-9.408  0.0735089
-9.3884  0.0797661
-9.3688  0.0862744
-9.3492  0.0930309
-9.3296  0.100033
-9.31  0.107278
-9.2904  0.114763
-9.2708  0.122484
-9.2512  0.130438
-9.2316  0.13862
-9.212  0.147027
-9.1924  0.155654
-9.1728  0.164497
-9.1532  0.173552
-9.1336  0.182812
-9.114  0.192273
-9.0944  0.20193
-9.0748  0.211777
-9.0552  0.221807
-9.0356  0.232015
-9.016  0.242395
-8.9964  0.252939
-8.9768  0.263642
-8.9572  0.274496
-8.9376  0.285494
-8.918  0.29663
-8.8984  0.307894
-8.8788  0.31928
-8.8592  0.330779
-8.8396  0.342384
-8.82  0.354086
-8.8004  0.365877
-8.7808  0.377748
-8.7612  0.38969
-8.7416  0.401694
-8.722  0.413752
-8.7024  0.425854
-8.6828  0.43799
-8.6632  0.450152
-8.6436  0.462329
-8.624  0.474511
-8.6044  0.486689
-8.5848  0.498852
-8.5652  0.510991
-8.5456  0.523095
-8.526  0.535154
-8.5064  0.547157
-8.4868  0.559094
-8.4672  0.570955
-8.4476  0.582729
-8.428  0.594405
-8.4084  0.605973
-8.3888  0.617421
-8.3692  0.628739
-8.3496  0.639917
-8.33  0.650943
-8.3104  0.661807
-8.2908  0.672498
-8.2712  0.683005
-8.2516  0.693318
-8.232  0.703426
-8.2124  0.713318
-8.1928  0.722984
-8.1732  0.732414
-8.1536  0.741596
-8.134  0.750521
-8.1144  0.759179
-8.0948  0.767559
-8.0752  0.775652
-8.0556  0.783448
-8.036  0.790937
-8.0164  0.79811
-7.9968  0.804957
-7.9772  0.81147
-7.9576  0.817639
-7.938  0.823456
-7.9184  0.828912
-7.8988  0.833999
-7.8792  0.83871
-7.8596  0.843036
-7.84  0.84697
-7.8204  0.850505
-7.8008  0.853633
-7.7812  0.856349
-7.7616  0.858646
-7.742  0.860518
-7.7224  0.86196
-7.7028  0.862966
-7.6832  0.863532
-7.6636  0.863652
-7.644  0.863324
-7.6244  0.862543
-7.6048  0.861306
-7.5852  0.85961
-7.5656  0.857454
-7.546  0.854834
-7.5264  0.85175
-7.5068  0.8482
-7.4872  0.844185
-7.4676  0.839704
-7.448  0.834757
-7.4284  0.829347
-7.4088  0.823474
-7.3892  0.81714
-7.3696  0.810349
-7.35  0.803103
-7.3304  0.795407
-7.3108  0.787265
-7.2912  0.778682
-7.2716  0.769665
-7.252  0.760218
-7.2324  0.750349
-7.2128  0.740067
-7.1932  0.729379
-7.1736  0.718294
-7.154  0.706821
-7.1344  0.694973
-7.1148  0.682758
-7.0952  0.67019
-7.0756  0.65728
-7.056  0.644041
-7.0364  0.630489
-7.0168  0.616637
-6.9972  0.602502
-6.9776  0.588098
-6.958  0.573444
-6.9384  0.558556
-6.9188  0.543454
-6.8992  0.528157
-6.8796  0.512685
-6.86  0.497059
-6.8404  0.481301
-6.8208  0.465433
-6.8012  0.449479
-6.7816  0.433463
-6.762  0.41741
-6.7424  0.401346
-6.7228  0.385297
-6.7032  0.369292
-6.6836  0.353359
-6.664  0.337526
-6.6444  0.321825
-6.6248  0.306286
-6.6052  0.290941
-6.5856  0.275823
-6.566  0.260965
-6.5464  0.246402
-6.5268  0.232169
-6.5072  0.218303
-6.4876  0.204839
-6.468  0.191817
-6.4484  0.179275
-6.4288  0.167252
-6.4092  0.155789
-6.3896  0.144928
-6.37  0.13471
-6.3504  0.125179
-6.3308  0.116378
-6.3112  0.108352
-6.2916  0.101147
-6.272  0.0948086
-6.2524  0.0893847
-6.2328  0.0849232
-6.2132  0.0814728
-6.1936  0.0790831
-6.174  0.0778047
-6.1544  0.0776888
-6.1348  0.0787874
-6.1152  0.0811534
-6.0956  0.0848403
-6.076  0.0899024
-6.0564  0.0963948
-6.0368  0.104373
-6.0172  0.113895
-5.9976  0.125016
-5.978  0.137796
-5.9584  0.152292
-5.9388  0.168564
-5.9192  0.186672
-5.8996  0.206676
-5.88  0.228639
-5.8604  0.252622
-5.8408  0.278687
-5.8212  0.306898
-5.8016  0.337319
-5.782  0.370013
-5.7624  0.405045
-5.7428  0.442482
-5.7232  0.482389
-5.7036  0.524831
-5.684  0.569877
-5.6644  0.617594
-5.6448  0.668049
-5.6252  0.72131
-5.6056  0.777446
-5.586  0.836526
-5.5664  0.89862
-5.5468  0.963797
-5.5272  1.03213
-5.5076  1.10368
-5.488  1.17853
-5.4684  1.25674
-5.4488  1.33839
-5.4292  1.42354
-5.4096  1.51228
-5.39  1.60466
-5.3704  1.70077
-5.3508  1.80067
-5.3312  1.90443
-5.3116  2.01214
-5.292  2.12385
-5.2724  2.23965
-5.2528  2.3596
-5.2332  2.48377
-5.2136  2.61225
-5.194  2.74509
-5.1744  2.88238
-5.1548  3.02418
-5.1352  3.17056
-5.1156  3.3216
-5.096  3.47736
-5.0764  3.63793
-5.0568  3.80336
-5.0372  3.97373
-5.0176  4.1491
-4.998  4.32955
-4.9784  4.51515
-4.9588  4.70597
-4.9392  4.90206
-4.9196  5.10351
-4.9  5.31037
-4.8804  5.52272
-4.8608  5.74062
-4.8412  5.96413
-4.8216  6.19332
-4.802  6.42825
-4.7824  6.669
-4.7628  6.91561
-4.7432  7.16815
-4.7236  7.42668
-4.704  7.69127
-4.6844  7.96197
-4.6648  8.23884
-4.6452  8.52193
-4.6256  8.81131
-4.606  9.10703
-4.5864  9.40915
-4.5668  9.71771
-4.5472  10.0328
-4.5276  10.3544
-4.508  10.6826
-4.4884  11.0175
-4.4688  11.359
-4.4492  11.7074
-4.4296  12.0625
-4.41  12.4244
-4.3904  12.7932
-4.3708  13.169
-4.3512  13.5517
-4.3316  13.9414
-4.312  14.3381
-4.2924  14.7419
-4.2728  15.1529
-4.2532  15.5709
-4.2336  15.9962
-4.214  16.4286
-4.1944  16.8683
-4.1748  17.3152
-4.1552  17.7694
-4.1356  18.231
-4.116  18.6998
-4.0964  19.176
-4.0768  19.6596
-4.0572  20.1506
-4.0376  20.6489
-4.018  21.1547
-3.9984  21.6679
-3.9788  22.1885
-3.9592  22.7166
-3.9396  23.2522
-3.92  23.7951
-3.9004  24.3456
-3.8808  24.9035
-3.8612  25.4688
-3.8416  26.0416
-3.822  26.6219
-3.8024  27.2096
-3.7828  27.8047
-3.7632  28.4072
-3.7436  29.0172
-3.724  29.6345
-3.7044  30.2592
-3.6848  30.8913
-3.6652  31.5307
-3.6456  32.1774
-3.626  32.8313
-3.6064  33.4925
-3.5868  34.161
-3.5672  34.8366
-3.5476  35.5194
-3.528  36.2093
-3.5084  36.9063
-3.4888  37.6103
-3.4692  38.3213
-3.4496  39.0393
-3.43  39.7642
-3.4104  40.4959
-3.3908  41.2344
-3.3712  41.9797
-3.3516  42.7316
-3.332  43.4902
-3.3124  44.2554
-3.2928  45.0271
-3.2732  45.8052
-3.2536  46.5897
-3.234  47.3804
-3.2144  48.1775
-3.1948  48.9807
-3.1752  49.7899
-3.1556  50.6052
-3.136  51.4264
-3.1164  52.2534
-3.0968  53.0863
-3.0772  53.9247
-3.0576  54.7688
-3.038  55.6183
-3.0184  56.4733
-2.9988  57.3335
-2.9792  58.199
-2.9596  59.0696
-2.94  59.9451
-2.9204  60.8256
-2.9008  61.7109
-2.8812  62.6009
-2.8616  63.4954
-2.842  64.3944
-2.8224  65.2978
-2.8028  66.2054
-2.7832  67.1171
-2.7636  68.0328
-2.744  68.9524
-2.7244  69.8758
-2.7048  70.8028
-2.6852  71.7333
-2.6656  72.6672
-2.646  73.6044
-2.6264  74.5446
-2.6068  75.4879
-2.5872  76.434
-2.5676  77.3828
-2.548  78.3342
-2.5284  79.288
-2.5088  80.2441
-2.4892  81.2024
-2.4696  82.1627
-2.45  83.1248
-2.4304  84.0886
-2.4108  85.0541
-2.3912  86.0209
-2.3716  86.989
-2.352  87.9582
-2.3324  88.9284
-2.3128  89.8993
-2.2932  90.8709
-2.2736  91.8431
-2.254  92.8155
-2.2344  93.7881
-2.2148  94.7607
-2.1952  95.7332
-2.1756  96.7053
-2.156  97.677
-2.1364  98.648
-2.1168  99.6183
-2.0972  100.588
-2.0776  101.556
-2.058  102.522
-2.0384  103.488
-2.0188  104.452
-1.9992  105.413
-1.9796  106.373
-1.96  107.331
-1.9404  108.287
-1.9208  109.24
-1.9012  110.19
-1.8816  111.137
-1.862  112.082
-1.8424  113.023
-1.8228  113.961
-1.8032  114.895
-1.7836  115.826
-1.764  116.753
-1.7444  117.676
-1.7248  118.594
-1.7052  119.509
-1.6856  120.418
-1.666  121.323
-1.6464  122.223
-1.6268  123.118
-1.6072  124.008
-1.5876  124.893
-1.568  125.771
-1.5484  126.644
-1.5288  127.512
-1.5092  128.373
-1.4896  129.227
-1.47  130.076
-1.4504  130.918
-1.4308  131.753
-1.4112  132.581
-1.3916  133.402
-1.372  134.216
-1.3524  135.022
-1.3328  135.821
-1.3132  136.612
-1.2936  137.396
-1.274  138.171
-1.2544  138.938
-1.2348  139.697
-1.2152  140.447
-1.1956  141.189
-1.176  141.922
-1.1564  142.646
-1.1368  143.361
-1.1172  144.066
-1.0976  144.762
-1.078  145.449
-1.0584  146.126
-1.0388  146.793
-1.0192  147.451
-0.9996  148.098
-0.98  148.735
-0.9604  149.362
-0.9408  149.978
-0.9212  150.583
-0.9016  151.178
-0.882  151.762
-0.8624  152.336
-0.8428  152.898
-0.8232  153.448
-0.8036  153.988
-0.784  154.516
-0.7644  155.032
-0.7448  155.537
-0.7252  156.03
-0.7056  156.512
-0.686  156.981
-0.6664  157.438
-0.6468  157.883
-0.6272  158.316
-0.6076  158.736
-0.588  159.144
-0.5684  159.54
-0.5488  159.923
-0.5292  160.293
-0.5096  160.65
-0.49  160.995
-0.4704  161.327
-0.4508  161.645
-0.4312  161.951
-0.4116  162.243
-0.392  162.523
-0.3724  162.789
-0.3528  163.042
-0.3332  163.281
-0.3136  163.507
-0.294  163.72
-0.2744  163.919
-0.2548  164.104
-0.2352  164.276
-0.2156  164.435
-0.196  164.579
-0.1764  164.71
-0.1568  164.827
-0.1372  164.931
-0.1176  165.021
-0.098  165.097
-0.0784  165.159
-0.0588  165.207
-0.0392  165.242
-0.0196  165.263
0  165.27
0.0196  165.263
0.0392  165.242
0.0588  165.207
0.0784  165.159
0.098  165.097
0.1176  165.021
0.1372  164.931
0.1568  164.827
0.1764  164.71
0.196  164.579
0.2156  164.434
0.2352  164.276
0.2548  164.104
0.2744  163.918
0.294  163.719
0.3136  163.507
0.3332  163.281
0.3528  163.041
0.3724  162.788
0.392  162.522
0.4116  162.243
0.4312  161.95
0.4508  161.645
0.4704  161.326
0.49  160.994
0.5096  160.65
0.5292  160.292
0.5488  159.922
0.5684  159.539
0.588  159.143
0.6076  158.735
0.6272  158.315
0.6468  157.882
0.6664  157.437
0.686  156.98
0.7056  156.51
0.7252  156.029
0.7448  155.536
0.7644  155.031
0.784  154.515
0.8036  153.986
0.8232  153.447
0.8428  152.896
0.8624  152.334
0.882  151.761
0.9016  151.177
0.9212  150.582
0.9408  149.976
0.9604  149.36
0.98  148.733
0.9996  148.096
1.0192  147.449
1.0388  146.792
1.0584  146.124
1.078  145.447
1.0976  144.76
1.1172  144.064
1.1368  143.359
1.1564  142.644
1.176  141.92
1.1956  141.187
1.2152  140.445
1.2348  139.695
1.2544  138.936
1.274  138.169
1.2936  137.393
1.3132  136.61
1.3328  135.819
1.3524  135.02
1.372  134.213
1.3916  133.4
1.4112  132.578
1.4308  131.75
1.4504  130.915
1.47  130.073
1.4896  129.225
1.5092  128.37
1.5288  127.509
1.5484  126.642
1.568  125.769
1.5876  124.89
1.6072  124.005
1.6268  123.116
1.6464  122.221
1.666  121.32
1.6856  120.415
1.7052  119.506
1.7248  118.591
1.7444  117.673
1.764  116.75
1.7836  115.823
1.8032  114.892
1.8228  113.958
1.8424  113.02
1.862  112.079
1.8816  111.134
1.9012  110.187
1.9208  109.236
1.9404  108.283
1.96  107.328
1.9796  106.37
1.9992  105.41
2.0188  104.448
2.0384  103.484
2.058  102.519
2.0776  101.552
2.0972  100.584
2.1168  99.6147
2.1364  98.6444
2.156  97.6733
2.1756  96.7016
2.1952  95.7294
2.2148  94.7569
2.2344  93.7843
2.254  92.8117
2.2736  91.8392
2.2932  90.8671
2.3128  89.8954
2.3324  88.9244
2.352  87.9542
2.3716  86.985
2.3912  86.0169
2.4108  85.05
2.4304  84.0846
2.45  83.1207
2.4696  82.1585
2.4892  81.1982
2.5088  80.2399
2.5284  79.2838
2.548  78.3299
2.5676  77.3785
2.5872  76.4297
2.6068  75.4835
2.6264  74.5403
2.646  73.6
2.6656  72.6628
2.6852  71.7289
2.7048  70.7984
2.7244  69.8713
2.744  68.9479
2.7636  68.0283
2.7832  67.1125
2.8028  66.2008
2.8224  65.2932
2.842  64.3898
2.8616  63.4908
2.8812  62.5962
2.9008  61.7062
2.9204  60.8209
2.94  59.9404
2.9596  59.0648
2.9792  58.1943
2.9988  57.3288
3.0184  56.4685
3.038  55.6135
3.0576  54.764
3.0772  53.9199
3.0968  53.0814
3.1164  52.2486
3.136  51.4215
3.1556  50.6003
3.1752  49.785
3.1948  48.9757
3.2144  48.1725
3.234  47.3755
3.2536  46.5847
3.2732  45.8002
3.2928  45.022
3.3124  44.2504
3.332  43.4852
3.3516  42.7266
3.3712  41.9746
3.3908  41.2293
3.4104  40.4908
3.43  39.7591
3.4496  39.0342
3.4692  38.3162
3.4888  37.6052
3.5084  36.9011
3.528  36.2042
3.5476  35.5142
3.5672  34.8314
3.5868  34.1558
3.6064  33.4874
3.626  32.8261
3.6456  32.1721
3.6652  31.5254
3.6848  30.8861
3.7044  30.254
3.724  29.6293
3.7436  29.012
3.7632  28.402
3.7828  27.7995
3.8024  27.2043
3.822  26.6166
3.8416  26.0364
3.8612  25.4636
3.8808  24.8982
3.9004  24.3403
3.92  23.7899
3.9396  23.2469
3.9592  22.7114
3.9788  22.1833
3.9984  21.6626
4.018  21.1494
4.0376  20.6437
4.0572  20.1453
4.0768  19.6544
4.0964  19.1708
4.116  18.6946
4.1356  18.2257
4.1552  17.7642
4.1748  17.31
4.1944  16.8631
4.214  16.4234
4.2336  15.991
4.2532  15.5657
4.2728  15.1477
4.2924  14.7368
4.312  14.3329
4.3316  13.9362
4.3512  13.5465
4.3708  13.1638
4.3904  12.7881
4.41  12.4193
4.4296  12.0573
4.4492  11.7022
4.4688  11.3539
4.4884  11.0124
4.508  10.6775
4.5276  10.3493
4.5472  10.0277
4.5668  9.71266
4.5864  9.40411
4.606  9.10201
4.6256  8.8063
4.6452  8.51694
4.6648  8.23386
4.6844  7.957
4.704  7.68632
4.7236  7.42175
4.7432  7.16323
4.7628  6.91071
4.7824  6.66411
4.802  6.42339
4.8216  6.18847
4.8412  5.9593
4.8608  5.73581
4.8804  5.51793
4.9  5.3056
4.9196  5.09876
4.9392  4.89733
4.9588  4.70125
4.9784  4.51046
4.998  4.32488
5.0176  4.14445
5.0372  3.9691
5.0568  3.79875
5.0764  3.63334
5.096  3.4728
5.1156  3.31706
5.1352  3.16604
5.1548  3.01968
5.1744  2.87791
5.194  2.74065
5.2136  2.60783
5.2332  2.47938
5.2528  2.35522
5.2724  2.2353
5.292  2.11953
5.3116  2.00784
5.3312  1.90016
5.3508  1.79642
5.3704  1.69655
5.39  1.60047
5.4096  1.50811
5.4292  1.4194
5.4488  1.33427
5.4684  1.25265
5.488  1.17447
5.5076  1.09965
5.5272  1.02812
5.5468  0.959819
5.5664  0.89467
5.586  0.832605
5.6056  0.773553
5.6252  0.717445
5.6448  0.664213
5.6644  0.613787
5.684  0.566099
5.7036  0.521082
5.7232  0.478669
5.7428  0.438792
5.7624  0.401385
5.782  0.366382
5.8016  0.333717
5.8212  0.303327
5.8408  0.275146
5.8604  0.249111
5.88  0.225158
5.8996  0.203225
5.9192  0.183251
5.9388  0.165174
5.9584  0.148932
5.978  0.134467
5.9976  0.121718
6.0172  0.110627
6.0368  0.101137
6.0564  0.093189
6.076  0.0867274
6.0956  0.0816962
6.1152  0.0780403
6.1348  0.0757053
6.1544  0.0746378
6.174  0.0747848
6.1936  0.0760942
6.2132  0.078515
6.2328  0.0819965
6.2524  0.0864891
6.272  0.0919441
6.2916  0.0983133
6.3112  0.10555
6.3308  0.113606
6.3504  0.122438
6.37  0.132001
6.3896  0.14225
6.4092  0.153142
6.4288  0.164636
6.4484  0.176689
6.468  0.189262
6.4876  0.202316
6.5072  0.21581
6.5268  0.229707
6.5464  0.243971
6.566  0.258564
6.5856  0.273452
6.6052  0.288601
6.6248  0.303976
6.6444  0.319545
6.664  0.335277
6.6836  0.351139
6.7032  0.367102
6.7228  0.383137
6.7424  0.399216
6.762  0.415309
6.7816  0.431392
6.8012  0.447437
6.8208  0.463421
6.8404  0.479318
6.86  0.495105
6.8796  0.51076
6.8992  0.526261
6.9188  0.541587
6.9384  0.556718
6.958  0.571633
6.9776  0.586316
6.9972  0.600748
7.0168  0.614912
7.0364  0.628791
7.056  0.642371
7.0756  0.655637
7.0952  0.668574
7.1148  0.68117
7.1344  0.693411
7.154  0.705287
7.1736  0.716786
7.1932  0.727897
7.2128  0.738612
7.2324  0.74892
7.252  0.758815
7.2716  0.768287
7.2912  0.777331
7.3108  0.785939
7.3304  0.794106
7.35  0.801827
7.3696  0.809098
7.3892  0.815914
7.4088  0.822272
7.4284  0.828169
7.448  0.833604
7.4676  0.838574
7.4872  0.843079
7.5068  0.847117
7.5264  0.85069
7.546  0.853797
7.5656  0.85644
7.5852  0.858619
7.6048  0.860337
7.6244  0.861596
7.644  0.862399
7.6636  0.862749
7.6832  0.862649
7.7028  0.862105
7.7224  0.86112
7.742  0.859699
7.7616  0.857847
7.7812  0.855571
7.8008  0.852875
7.8204  0.849766
7.84  0.846251
7.8596  0.842336
7.8792  0.838029
7.8988  0.833337
7.9184  0.828269
7.938  0.822831
7.9576  0.817032
7.9772  0.810881
7.9968  0.804385
8.0164  0.797555
8.036  0.7904
8.0556  0.782928
8.0752  0.775148
8.0948  0.767072
8.1144  0.758707
8.134  0.750066
8.1536  0.741156
8.1732  0.731989
8.1928  0.722574
8.2124  0.712923
8.232  0.703046
8.2516  0.692952
8.2712  0.682653
8.2908  0.67216
8.3104  0.661482
8.33  0.650631
8.3496  0.639618
8.3692  0.628453
8.3888  0.617147
8.4084  0.605711
8.428  0.594155
8.4476  0.582491
8.4672  0.570729
8.4868  0.558879
8.5064  0.546952
8.526  0.534959
8.5456  0.522911
8.5652  0.510817
8.5848  0.498687
8.6044  0.486534
8.624  0.474365
8.6436  0.462192
8.6632  0.450024
8.6828  0.437871
8.7024  0.425742
8.722  0.413648
8.7416  0.401598
8.7612  0.389601
8.7808  0.377666
8.8004  0.365801
8.82  0.354017
8.8396  0.342321
8.8592  0.330722
8.8788  0.319228
8.8984  0.307848
8.918  0.296589
8.9376  0.285458
8.9572  0.274464
8.9768  0.263615
8.9964  0.252916
9.016  0.242375
9.0356  0.231999
9.0552  0.221794
9.0748  0.211766
9.0944  0.201922
9.114  0.192268
9.1336  0.182809
9.1532  0.17355
9.1728  0.164497
9.1924  0.155655
9.212  0.147028
9.2316  0.138622
9.2512  0.13044
9.2708  0.122487
9.2904  0.114766
9.31  0.10728
9.3296  0.100035
9.3492  0.0930313
9.3688  0.0862735
9.3884  0.0797637
9.408  0.0735046
9.4276  0.0674983
9.4472  0.0617469
9.4668  0.056252
9.4864  0.0510153
9.506  0.0460382
9.5256  0.0413217
9.5452  0.0368666
9.5648  0.0326737
9.5844  0.0287434
9.604  0.025076
9.6236  0.0216714
9.6432  0.0185294
9.6628  0.0156497
9.6824  0.0130316
9.702  0.0106743
9.7216  0.0085768
9.7412  0.00673783
9.7608  0.00515599
9.7804  0.00382967
9.8  0.0027571
9.8196  0.00193627
9.8392  0.00136501
9.8588  0.00104098
9.8784  0.000961659
9.898  0.00112435
9.9176  0.0015262
9.9372  0.00216417
9.9568  0.0030351
9.9764  0.00413562
9.996  0.00546226
10.0156  0.00701134
10.0352  0.00877914
10.0548  0.0107617
10.0744  0.012955
10.094  0.0153548
10.1136  0.0179568
10.1332  0.0207566
10.1528  0.0237498
10.1724  0.0269314
10.192  0.0302969
10.2116  0.0338413
10.2312  0.0375597
10.2508  0.0414471
10.2704  0.0454982
10.29  0.049708
10.3096  0.0540709
10.3292  0.0585819
10.3488  0.0632352
10.3684  0.0680253
10.388  0.072947
10.4076  0.0779943
10.4272  0.0831617
10.4468  0.0884434
10.4664  0.0938338
10.486  0.0993269
10.5056  0.104917
10.5252  0.110598
10.5448  0.116365
10.5644  0.122211
10.584  0.12813
10.6036  0.134117
10.6232  0.140166
10.6428  0.14627
10.6624  0.152425
10.682  0.158623
10.7016  0.16486
10.7212  0.171128
10.7408  0.177424
10.7604  0.18374
10.78  0.190071
10.7996  0.196411
10.8192  0.202755
10.8388  0.209096
10.8584  0.21543
10.878  0.221751
10.8976  0.228053
10.9172  0.234331
10.9368  0.24058
10.9564  0.246793
10.976  0.252967
10.9956  0.259095
11.0152  0.265174
11.0348  0.271197
11.0544  0.27716
11.074  0.283058
11.0936  0.288887
11.1132  0.294641
11.1328  0.300316
11.1524  0.305909
11.172  0.311413
11.1916  0.316826
11.2112  0.322143
11.2308  0.32736
11.2504  0.332473
11.27  0.337478
11.2896  0.342372
11.3092  0.347151
11.3288  0.351811
11.3484  0.35635
11.368  0.360764
11.3876  0.365049
11.4072  0.369203
11.4268  0.373224
11.4464  0.377108
11.466  0.380852
11.4856  0.384455
11.5052  0.387914
11.5248  0.391226
11.5444  0.39439
11.564  0.397404
11.5836  0.400265
11.6032  0.402972
11.6228  0.405525
11.6424  0.40792
11.662  0.410157
11.6816  0.412234
11.7012  0.414151
11.7208  0.415907
11.7404  0.417501
11.76  0.418932
11.7796  0.4202
11.7992  0.421305
11.8188  0.422245
11.8384  0.423021
11.858  0.423634
11.8776  0.424082
11.8972  0.424367
11.9168  0.424488
11.9364  0.424447
11.956  0.424243
11.9756  0.423878
11.9952  0.423353
12.0148  0.422667
12.0344  0.421823
12.054  0.420822
12.0736  0.419665
12.0932  0.418353
12.1128  0.416888
12.1324  0.415272
12.152  0.413506
12.1716  0.411591
12.1912  0.409532
12.2108  0.407328
12.2304  0.404982
12.25  0.402497
12.2696  0.399875
12.2892  0.397118
12.3088  0.394228
12.3284  0.391209
12.348  0.388062
12.3676  0.384792
12.3872  0.3814
12.4068  0.377889
12.4264  0.374263
12.446  0.370523
12.4656  0.366675
12.4852  0.36272
12.5048  0.358662
12.5244  0.354504
12.544  0.350249
12.5636  0.345902
12.5832  0.341464
12.6028  0.336941
12.6224  0.332335
12.642  0.327649
12.6616  0.322888
12.6812  0.318055
12.7008  0.313154
12.7204  0.308188
12.74  0.303162
12.7596  0.298078
12.7792  0.292941
12.7988  0.287755
12.8184  0.282522
12.838  0.277248
12.8576  0.271936
12.8772  0.266589
12.8968  0.261212
12.9164  0.255808
12.936  0.250382
12.9556  0.244936
12.9752  0.239475
12.9948  0.234003
13.0144  0.228523
13.034  0.223039
13.0536  0.217555
13.0732  0.212074
13.0928  0.206601
13.1124  0.201139
13.132  0.195692
13.1516  0.190262
13.1712  0.184855
13.1908  0.179472
13.2104  0.174119
13.23  0.168798
13.2496  0.163513
13.2692  0.158266
13.2888  0.153062
13.3084  0.147904
13.328  0.142795
13.3476  0.137737
13.3672  0.132735
13.3868  0.127791
13.4064  0.122909
13.426  0.11809
13.4456  0.113338
13.4652  0.108657
13.4848  0.104047
13.5044  0.0995132
13.524  0.0950569
13.5436  0.0906809
13.5632  0.0863876
13.5828  0.0821796
13.6024  0.0780589
13.622  0.0740279
13.6416  0.0700887
13.6612  0.0662434
13.6808  0.062494
13.7004  0.0588423
13.72  0.0552903
13.7396  0.0518395
13.7592  0.0484918
13.7788  0.0452486
13.7984  0.0421116
13.818  0.0390819
13.8376  0.0361611
13.8572  0.0333503
13.8768  0.0306507
13.8964  0.0280632
13.916  0.025589
13.9356  0.0232289
13.9552  0.0209837
13.9748  0.0188541
13.9944  0.0168406
14.014  0.014944
14.0336  0.0131645
14.0532  0.0115026
14.0728  0.0099586
14.0924  0.00853259
14.112  0.00722469
14.1316  0.00603496
14.1512  0.0049633
14.1708  0.00400958
14.1904  0.00317354
14.21  0.00245488
14.2296  0.00185317
14.2492  0.00136795
14.2688  0.000998631
14.2884  0.000744583
14.308  0.000605067
14.3276  0.00057929
14.3472  0.000666366
14.3668  0.000865336
14.3864  0.00117517
14.406  0.00159476
14.4256  0.00212293
14.4452  0.00275841
14.4648  0.0034999
14.4844  0.00434601
14.504  0.0052953
14.5236  0.0063462
14.5432  0.00749716
14.5628  0.00874649
14.5824  0.0100925
14.602  0.0115335
14.6216  0.0130675
14.6412  0.0146928
14.6608  0.0164073
14.6804  0.018209
14.7  0.020096
14.7196  0.0220661
14.7392  0.0241172
14.7588  0.026247
14.7784  0.0284535
14.798  0.0307342
14.8176  0.0330868
14.8372  0.0355092
14.8568  0.0379986
14.8764  0.0405529
14.896  0.0431695
14.9156  0.045846
14.9352  0.0485798
14.9548  0.0513683
14.9744  0.0542091
14.994  0.0570995
15.0136  0.0600368
15.0332  0.0630186
15.0528  0.066042
15.0724  0.0691045
15.092  0.0722033
15.1116  0.0753358
15.1312  0.0784993
15.1508  0.081691
15.1704  0.0849082
15.19  0.0881483
15.2096  0.0914085
15.2292  0.0946861
15.2488  0.0979784
15.2684  0.101283
15.288  0.104596
15.3076  0.107916
15.3272  0.11124
15.3468  0.114565
15.3664  0.117889
15.386  0.121209
15.4056  0.124522
15.4252  0.127826
15.4448  0.131117
15.4644  0.134395
15.484  0.137655
15.5036  0.140896
15.5232  0.144115
15.5428  0.147309
15.5624  0.150477
15.582  0.153615
15.6016  0.156722
15.6212  0.159794
15.6408  0.162831
15.6604  0.165829
15.68  0.168786
15.6996  0.171701
15.7192  0.174571
15.7388  0.177393
15.7584  0.180167
15.778  0.18289
15.7976  0.185559
15.8172  0.188174
15.8368  0.190732
15.8564  0.193232
15.876  0.195671
15.8956  0.198049
15.9152  0.200362
15.9348  0.202611
15.9544  0.204794
15.974  0.206908
15.9936  0.208952
16.0132  0.210926
16.0328  0.212828
16.0524  0.214656
16.072  0.21641
16.0916  0.218089
16.1112  0.21969
16.1308  0.221214
16.1504  0.222659
16.17  0.224025
16.1896  0.225311
16.2092  0.226515
16.2288  0.227638
16.2484  0.228679
16.268  0.229636
16.2876  0.23051
16.3072  0.231301
16.3268  0.232008
16.3464  0.23263
16.366  0.233167
16.3856  0.233619
16.4052  0.233987
16.4248  0.234269
16.4444  0.234467
16.464  0.234579
16.4836  0.234607
16.5032  0.23455
16.5228  0.234408
16.5424  0.234183
16.562  0.233874
16.5816  0.233481
16.6012  0.233007
16.6208  0.232449
16.6404  0.23181
16.66  0.23109
16.6796  0.23029
16.6992  0.22941
16.7188  0.228452
16.7384  0.227416
16.758  0.226303
16.7776  0.225114
16.7972  0.22385
16.8168  0.222513
16.8364  0.221103
16.856  0.219621
16.8756  0.218069
16.8952  0.216449
16.9148  0.21476
16.9344  0.213005
16.954  0.211185
16.9736  0.209302
16.9932  0.207357
17.0128  0.205351
17.0324  0.203286
17.052  0.201164
17.0716  0.198985
17.0912  0.196753
17.1108  0.194469
17.1304  0.192133
17.15  0.189748
17.1696  0.187317
17.1892  0.184839
17.2088  0.182318
17.2284  0.179755
17.248  0.177153
17.2676  0.174512
17.2872  0.171835
17.3068  0.169123
17.3264  0.16638
17.346  0.163605
17.3656  0.160803
17.3852  0.157974
17.4048  0.15512
17.4244  0.152244
17.444  0.149348
17.4636  0.146432
17.4832  0.143501
17.5028  0.140554
17.5224  0.137596
17.542  0.134627
17.5616  0.131649
17.5812  0.128665
17.6008  0.125676
17.6204  0.122685
17.64  0.119693
17.6596  0.116703
17.6792  0.113717
17.6988  0.110735
17.7184  0.107761
17.738  0.104797
17.7576  0.101843
17.7772  0.0989025
17.7968  0.095977
17.8164  0.0930683
17.836  0.0901784
17.8556  0.0873089
17.8752  0.0844616
17.8948  0.0816384
17.9144  0.0788411
17.934  0.0760713
17.9536  0.0733307
17.9732  0.070621
17.9928  0.0679437
18.0124  0.0653006
18.032  0.0626933
18.0516  0.0601232
18.0712  0.0575919
18.0908  0.0551008
18.1104  0.0526514
18.13  0.050245
18.1496  0.0478832
18.1692  0.045567
18.1888  0.0432981
18.2084  0.0410774
18.228  0.0389062
18.2476  0.0367857
18.2672  0.0347172
18.2868  0.0327015
18.3064  0.0307398
18.326  0.0288331
18.3456  0.0269823
18.3652  0.0251884
18.3848  0.0234522
18.4044  0.0217746
18.424  0.0201564
18.4436  0.0185982
18.4632  0.0171008
18.4828  0.0156648
18.5024  0.0142908
18.522  0.0129794
18.5416  0.011731
18.5612  0.0105463
18.5808  0.00942539
18.6004  0.00836885
18.62  0.00737693
18.6396  0.00644992
18.6592  0.00558802
18.6788  0.0047914
18.6984  0.00406024
18.718  0.00339458
18.7376  0.00279446
18.7572  0.00225988
18.7768  0.00179078
18.7964  0.00138704
18.816  0.00104853
18.8356  0.000775051
18.8552  0.000566364
18.8748  0.000422187
18.8944  0.000342186
18.914  0.000325996
18.9336  0.000373188
18.9532  0.000483317
18.9728  0.000655875
18.9924  0.000890315
19.012  0.00118607
19.0316  0.00154249
19.0512  0.00195892
19.0708  0.00243465
19.0904  0.00296897
19.11  0.00356105
19.1296  0.00421009
19.1492  0.00491526
19.1688  0.00567563
19.1884  0.00649027
19.208  0.00735827
19.2276  0.00827857
19.2472  0.00925019
19.2668  0.0102721
19.2864  0.0113431
19.306  0.0124622
19.3256  0.0136281
19.3452  0.0148398
19.3648  0.016096
19.3844  0.0173955
19.404  0.0187369
19.4236  0.0201192
19.4432  0.0215409
19.4628  0.0230007
19.4824  0.0244973
19.502  0.0260293
19.5216  0.0275953
19.5412  0.029194
19.5608  0.0308239
19.5804  0.0324835
19.6  0.0341715
19.6196  0.0358863
19.6392  0.0376265
19.6588  0.0393907
19.6784  0.0411772
19.698  0.0429847
19.7176  0.0448115
19.7372  0.0466562
19.7568  0.0485172
19.7764  0.0503931
19.796  0.0522822
19.8156  0.0541831
19.8352  0.0560941
19.8548  0.0580138
19.8744  0.0599407
19.894  0.0618731
19.9136  0.0638096
19.9332  0.0657486
19.9528  0.0676887
19.9724  0.0696282
19.992  0.0715656
20.0116  0.0734995
20.0312  0.0754284
20.0508  0.0773508
20.0704  0.0792653
20.09  0.0811702
20.1096  0.0830642
20.1292  0.0849461
20.1488  0.0868141
20.1684  0.0886669
20.188  0.0905033
20.2076  0.0923219
20.2272  0.0941211
20.2468  0.0958999
20.2664  0.0976567
20.286  0.0993905
20.3056  0.1011
20.3252  0.102783
20.3448  0.10444
20.3644  0.106069
20.384  0.107668
20.4036  0.109238
20.4232  0.110775
20.4428  0.11228
20.4624  0.113752
20.482  0.115189
20.5016  0.11659
20.5212  0.117955
20.5408  0.119282
20.5604  0.12057
20.58  0.12182
20.5996  0.123029
20.6192  0.124197
20.6388  0.125323
20.6584  0.126407
20.678  0.127448
20.6976  0.128444
20.7172  0.129397
20.7368  0.130304
20.7564  0.131165
20.776  0.13198
20.7956  0.132748
20.8152  0.133469
20.8348  0.134143
20.8544  0.134768
20.874  0.135345
20.8936  0.135873
20.9132  0.136353
20.9328  0.136783
20.9524  0.137163
20.972  0.137494
20.9916  0.137775
21.0112  0.138006
21.0308  0.138187
21.0504  0.138319
21.07  0.1384
21.0896  0.138431
21.1092  0.138413
21.1288  0.138345
21.1484  0.138227
21.168  0.138059
21.1876  0.137843
21.2072  0.137578
21.2268  0.137264
21.2464  0.136901
21.266  0.136491
21.2856  0.136033
21.3052  0.135528
21.3248  0.134976
21.3444  0.134378
21.364  0.133734
21.3836  0.133046
21.4032  0.132312
21.4228  0.131535
21.4424  0.130714
21.462  0.129851
21.4816  0.128946
21.5012  0.127999
21.5208  0.127012
21.5404  0.125985
21.56  0.12492
21.5796  0.123816
21.5992  0.122675
21.6188  0.121498
21.6384  0.120285
21.658  0.119038
21.6776  0.117757
21.6972  0.116443
21.7168  0.115098
21.7364  0.113722
21.756  0.112316
21.7756  0.110882
21.7952  0.10942
21.8148  0.107932
21.8344  0.106419
21.854  0.104881
21.8736  0.10332
21.8932  0.101736
21.9128  0.100132
21.9324  0.0985086
21.952  0.096866
21.9716  0.0952061
21.9912  0.0935298
22.0108  0.0918384
22.0304  0.0901332
22.05  0.0884152
22.0696  0.0866857
22.0892  0.0849459
22.1088  0.083197
22.1284  0.0814401
22.148  0.0796766
22.1676  0.0779076
22.1872  0.0761342
22.2068  0.0743579
22.2264  0.0725797
22.246  0.0708008
22.2656  0.0690225
22.2852  0.0672459
22.3048  0.0654722
22.3244  0.0637027
22.344  0.0619384
22.3636  0.0601807
22.3832  0.0584305
22.4028  0.0566891
22.4224  0.0549576
22.442  0.0532371
22.4616  0.0515288
22.4812  0.0498337
22.5008  0.0481531
22.5204  0.0464878
22.54  0.044839
22.5596  0.0432078
22.5792  0.0415951
22.5988  0.0400021
22.6184  0.0384296
22.638  0.0368787
22.6576  0.0353502
22.6772  0.0338453
22.6968  0.0323647
22.7164  0.0309094
22.736  0.0294804
22.7556  0.0280783
22.7752  0.0267041
22.7948  0.0253585
22.8144  0.0240424
22.834  0.0227565
22.8536  0.0215016
22.8732  0.0202784
22.8928  0.0190876
22.9124  0.0179298
22.932  0.0168057
22.9516  0.0157159
22.9712  0.014661
22.9908  0.0136416
23.0104  0.0126582
23.03  0.0117112
23.0496  0.0108012
23.0692  0.00992873
23.0888  0.00909408
23.1084  0.00829764
23.128  0.00753987
23.1476  0.00682101
23.1672  0.00614147
23.1868  0.00550148
23.2064  0.00490129
23.226  0.00434112
23.2456  0.00382118
23.2652  0.00334164
23.2848  0.00290261
23.3044  0.00250424
23.324  0.00214657
23.3436  0.00182967
23.3632  0.00155354
23.3828  0.0013182
23.4024  0.00112358
23.422  0.000969645
23.4416  0.000856283
23.4612  0.000783376
23.4808  0.00075077
23.5004  0.000758296
23.52  0.000805735
23.5396  0.000892853
23.5592  0.00101939
23.5788  0.00118507
23.5984  0.00138956
23.618  0.00163253
23.6376  0.00191361
23.6572  0.00223242
23.6768  0.00258852
23.6964  0.00298148
23.716  0.00341082
23.7356  0.00387607
23.7552  0.00437669
23.7748  0.00491217
23.7944  0.00548193
23.814  0.00608538
23.8336  0.00672193
23.8532  0.00739096
23.8728  0.0080918
23.8924  0.00882378
23.912  0.00958628
23.9316  0.0103785
23.9512  0.0111998
23.9708  0.0120493
23.9904  0.0129264
24.01  0.0138303
24.0296  0.0147602
24.0492  0.0157151
24.0688  0.0166944
24.0884  0.0176973
24.108  0.0187228
24.1276  0.01977
24.1472  0.0208382
24.1668  0.0219264
24.1864  0.0230337
24.206  0.0241592
24.2256  0.025302
24.2452  0.0264612
24.2648  0.0276358
24.2844  0.0288248
24.304  0.0300275
24.3236  0.0312426
24.3432  0.0324694
24.3628  0.0337068
24.3824  0.034954
24.402  0.0362098
24.4216  0.0374733
24.4412  0.0387436
24.4608  0.0400196
24.4804  0.0413004
24.5  0.042585
24.5196  0.0438725
24.5392  0.0451617
24.5588  0.0464518
24.5784  0.0477418
24.598  0.0490307
24.6176  0.0503177
24.6372  0.0516015
24.6568  0.0528814
24.6764  0.0541563
24.696  0.0554253
24.7156  0.0566877
24.7352  0.0579422
24.7548  0.0591881
24.7744  0.0604245
24.794  0.0616504
24.8136  0.0628649
24.8332  0.0640672
24.8528  0.0652563
24.8724  0.0664317
24.892  0.0675921
24.9116  0.068737
24.9312  0.0698655
24.9508  0.0709767
24.9704  0.0720698
24.99  0.0731442
25.0096  0.0741991
25.0292  0.0752337
25.0488  0.0762472
25.0684  0.0772392
25.088  0.0782086
25.1076  0.0791552
25.1272  0.080078
25.1468  0.0809764
25.1664  0.0818499
25.186  0.0826979
25.2056  0.0835198
25.2252  0.084315
25.2448  0.0850831
25.2644  0.0858235
25.284  0.0865357
25.3036  0.0872193
25.3232  0.0878739
25.3428  0.0884989
25.3624  0.089094
25.382  0.0896589
25.4016  0.0901932
25.4212  0.0906966
25.4408  0.0911686
25.4604  0.0916092
25.48  0.0920178
25.4996  0.0923945
25.5192  0.0927389
25.5388  0.0930509
25.5584  0.0933303
25.578  0.0935769
25.5976  0.0937907
25.6172  0.0939715
25.6368  0.0941192
25.6564  0.0942339
25.676  0.0943155
25.6956  0.0943639
25.7152  0.0943792
25.7348  0.0943616
25.7544  0.0943109
25.774  0.0942273
25.7936  0.094111
25.8132  0.0939621
25.8328  0.0937806
25.8524  0.0935669
25.872  0.0933212
25.8916  0.0930435
25.9112  0.0927343
25.9308  0.0923937
25.9504  0.092022
25.97  0.0916197
25.9896  0.0911869
26.0092  0.0907241
26.0288  0.0902316
26.0484  0.0897098
26.068  0.0891592
26.0876  0.08858
26.1072  0.087973
26.1268  0.0873384
26.1464  0.0866767
26.166  0.0859885
26.1856  0.0852744
26.2052  0.0845348
26.2248  0.0837702
26.2444  0.0829813
26.264  0.0821686
26.2836  0.0813327
26.3032  0.0804743
26.3228  0.079594
26.3424  0.0786924
26.362  0.0777702
26.3816  0.076828
26.4012  0.0758665
26.4208  0.0748863
26.4404  0.0738883
26.46  0.0728731
26.4796  0.0718415
26.4992  0.0707941
26.5188  0.0697316
26.5384  0.0686549
26.558  0.0675647
26.5776  0.0664619
26.5972  0.0653469
26.6168  0.0642209
26.6364  0.0630843
26.656  0.061938
26.6756  0.060783
26.6952  0.0596198
26.7148  0.0584494
26.7344  0.0572725
26.754  0.0560899
26.7736  0.0549024
26.7932  0.0537107
26.8128  0.0525158
26.8324  0.0513185
26.852  0.0501193
26.8716  0.0489194
26.8912  0.0477192
26.9108  0.0465198
26.9304  0.0453218
26.95  0.0441261
26.9696  0.0429334
26.9892  0.0417445
27.0088  0.0405601
27.0284  0.0393812
27.048  0.0382083
27.0676  0.0370423
27.0872  0.0358838
27.1068  0.0347336
27.1264  0.0335924
27.146  0.0324611
27.1656  0.0313402
27.1852  0.0302304
27.2048  0.0291326
27.2244  0.0280472
27.244  0.026975
27.2636  0.0259166
27.2832  0.0248728
27.3028  0.023844
27.3224  0.0228309
27.342  0.0218343
27.3616  0.0208545
27.3812  0.0198922
27.4008  0.0189479
27.4204  0.0180222
27.44  0.0171156
27.4596  0.0162287
27.4792  0.0153619
27.4988  0.0145157
27.5184  0.0136906
27.538  0.012887
27.5576  0.0121054
27.5772  0.0113461
27.5968  0.0106096
27.6164  0.00989622
27.636  0.00920637
27.6556  0.00854036
27.6752  0.00789854
27.6948  0.00728119
27.7144  0.00668862
27.734  0.00612107
27.7536  0.00557884
27.7732  0.00506212
27.7928  0.0045711
27.8124  0.00410604
27.832  0.00366709
27.8516  0.00325437
27.8712  0.00286805
27.8908  0.00250823
27.9104  0.00217501
27.93  0.00186848
27.9496  0.00158868
27.9692  0.00133566
27.9888  0.00110943
28.0084  0.000909986
28.028  0.000737333
28.0476  0.000591404
28.0672  0.000472164
28.0868  0.000379515
28.1064  0.000313375
28.126  0.000273627
28.1456  0.000260142
28.1652  0.000272762
28.1848  0.000311325
28.2044  0.000375639
28.224  0.000465499
28.2436  0.000580687
28.2632  0.000720959
28.2828  0.000886047
28.3024  0.0010757
28.322  0.00128961
28.3416  0.00152747
28.3612  0.00178897
28.3808  0.00207377
28.4004  0.00238148
28.42  0.00271177
28.4396  0.00306424
28.4592  0.00343849
28.4788  0.00383412
28.4984  0.00425068
28.518  0.00468774
28.5376  0.00514482
28.5572  0.00562151
28.5768  0.00611727
28.5964  0.00663166
28.616  0.00716416
28.6356  0.0077142
28.6552  0.00828133
28.6748  0.00886497
28.6944  0.0094646
28.714  0.0100796
28.7336  0.0107095
28.7532  0.0113537
28.7728  0.0120116
28.7924  0.0126826
28.812  0.0133661
28.8316  0.0140615
28.8512  0.0147682
28.8708  0.0154856
28.8904  0.016213
28.91  0.0169499
28.9296  0.0176955
28.9492  0.0184493
28.9688  0.0192107
28.9884  0.0199789
29.008  0.0207534
29.0276  0.0215334
29.0472  0.0223184
29.0668  0.0231077
29.0864  0.0239006
29.106  0.0246964
29.1256  0.0254946
29.1452  0.0262945
29.1648  0.0270954
29.1844  0.0278967
29.204  0.0286977
29.2236  0.0294978
29.2432  0.0302964
29.2628  0.0310927
29.2824  0.0318863
29.302  0.0326763
29.3216  0.0334623
29.3412  0.0342436
29.3608  0.0350196
29.3804  0.0357896
29.4  0.0365532
