-29.4  0.00264081
-29.3804  0.00263921
-29.3608  0.0026373
-29.3412  0.00263508
-29.3216  0.00263258
-29.302  0.00262978
-29.2824  0.00262669
-29.2628  0.00262335
-29.2432  0.00261973
-29.2236  0.00261585
-29.204  0.00261173
-29.1844  0.00260736
-29.1648  0.00260275
-29.1452  0.00259791
-29.1256  0.00259284
-29.106  0.00258757
-29.0864  0.00258208
-29.0668  0.00257638
-29.0472  0.0025705
-29.0276  0.00256442
-29.008  0.00255814
-28.9884  0.0025517
-28.9688  0.00254508
-28.9492  0.00253828
-28.9296  0.00253133
-28.91  0.00252422
-28.8904  0.00251696
-28.8708  0.00250953
-28.8512  0.00250197
-28.8316  0.00249429
-28.812  0.00248644
-28.7924  0.00247848
-28.7728  0.00247036
-28.7532  0.00246213
-28.7336  0.00245377
-28.714  0.0024453
-28.6944  0.00243668
-28.6748  0.00242796
-28.6552  0.00241912
-28.6356  0.00241018
-28.616  0.0024011
-28.5964  0.00239192
-28.5768  0.00238263
-28.5572  0.0023732
-28.5376  0.00236367
-28.518  0.00235403
-28.4984  0.00234426
-28.4788  0.00233439
-28.4592  0.00232442
-28.4396  0.0023143
-28.42  0.00230407
-28.4004  0.00229373
-28.3808  0.00228327
-28.3612  0.00227269
-28.3416  0.00226198
-28.322  0.00225115
-28.3024  0.00224017
-28.2828  0.00222908
-28.2632  0.00221785
-28.2436  0.00220649
-28.224  0.00219501
-28.2044  0.00218337
-28.1848  0.0021716
-28.1652  0.00215967
-28.1456  0.00214761
-28.126  0.00213539
-28.1064  0.00212303
-28.0868  0.00211052
-28.0672  0.00209786
-28.0476  0.00208503
-28.028  0.00207204
-28.0084  0.00205889
-27.9888  0.0020456
-27.9692  0.00203213
-27.9496  0.0020185
-27.93  0.0020047
-27.9104  0.00199074
-27.8908  0.0019766
-27.8712  0.00196232
-27.8516  0.00194785
-27.832  0.00193322
-27.8124  0.00191841
-27.7928  0.00190344
-27.7732  0.00188832
-27.7536  0.00187302
-27.734  0.00185755
-27.7144  0.00184192
-27.6948  0.00182614
-27.6752  0.0018102
-27.6556  0.0017941
-27.636  0.00177784
-27.6164  0.00176143
-27.5968  0.00174487
-27.5772  0.00172818
-27.5576  0.00171134
-27.538  0.00169436
-27.5184  0.00167725
-27.4988  0.00166001
-27.4792  0.00164266
-27.4596  0.00162518
-27.44  0.0016076
-27.4204  0.00158991
-27.4008  0.00157213
-27.3812  0.00155424
-27.3616  0.00153628
-27.342  0.00151824
-27.3224  0.00150011
-27.3028  0.00148193
-27.2832  0.0014637
-27.2636  0.00144542
-27.244  0.00142709
-27.2244  0.00140874
-27.2048  0.00139036
-27.1852  0.00137196
-27.1656  0.00135356
-27.146  0.00133517
-27.1264  0.00131678
-27.1068  0.00129841
-27.0872  0.00128008
-27.0676  0.00126179
-27.048  0.00124353
-27.0284  0.00122535
-27.0088  0.00120722
-26.9892  0.00118917
-26.9696  0.00117122
-26.95  0.00115335
-26.9304  0.00113559
-26.9108  0.00111793
-26.8912  0.00110041
-26.8716  0.00108302
-26.852  0.00106576
-26.8324  0.00104867
-26.8128  0.00103171
-26.7932  0.00101493
-26.7736  0.000998323
-26.754  0.000981905
-26.7344  0.000965662
-26.7148  0.00094962
-26.6952  0.000933791
-26.6756  0.000918171
-26.656  0.000902763
-26.6364  0.000887597
-26.6168  0.000872651
-26.5972  0.000857934
-26.5776  0.000843469
-26.558  0.000829247
-26.5384  0.00081528
-26.5188  0.000801569
-26.4992  0.000788135
-26.4796  0.000774947
-26.46  0.000762035
-26.4404  0.000749394
-26.4208  0.000737028
-26.4012  0.000724943
-26.3816  0.000713134
-26.362  0.000701606
-26.3424  0.000690354
-26.3228  0.000679395
-26.3032  0.000668711
-26.2836  0.000658318
-26.264  0.000648209
-26.2444  0.000638374
-26.2248  0.000628826
-26.2052  0.000619552
-26.1856  0.00061056
-26.166  0.000601842
-26.1464  0.000593397
-26.1268  0.000585229
-26.1072  0.000577326
-26.0876  0.000569681
-26.068  0.000562294
-26.0484  0.000555162
-26.0288  0.000548288
-26.0092  0.000541653
-25.9896  0.000535267
-25.97  0.000529112
-25.9504  0.000523185
-25.9308  0.00051748
-25.9112  0.000512009
-25.8916  0.000506734
-25.872  0.00050167
-25.8524  0.000496803
-25.8328  0.000492127
-25.8132  0.000487643
-25.7936  0.000483336
-25.774  0.000479196
-25.7544  0.000475214
-25.7348  0.000471405
-25.7152  0.000467735
-25.6956  0.000464211
-25.676  0.000460817
-25.6564  0.000457554
-25.6368  0.000454406
-25.6172  0.000451373
-25.5976  0.000448452
-25.578  0.000445619
-25.5584  0.000442876
-25.5388  0.000440214
-25.5192  0.000437638
-25.4996  0.000435118
-25.48  0.000432666
-25.4604  0.00043027
-25.4408  0.000427928
-25.4212  0.000425616
-25.4016  0.000423349
-25.382  0.000421111
-25.3624  0.000418895
-25.3428  0.00041669
-25.3232  0.000414505
-25.3036  0.000412329
-25.284  0.000410152
-25.2644  0.000407976
-25.2448  0.00040579
-25.2252  0.000403597
-25.2056  0.00040138
-25.186  0.000399158
-25.1664  0.000396909
-25.1468  0.00039463
-25.1272  0.000392325
-25.1076  0.000389995
-25.088  0.000387627
-25.0684  0.000385226
-25.0488  0.000382791
-25.0292  0.000380308
-25.0096  0.000377796
-24.99  0.000375243
-24.9704  0.000372648
-24.9508  0.000370008
-24.9312  0.000367337
-24.9116  0.000364617
-24.892  0.000361863
-24.8724  0.000359071
-24.8528  0.000356237
-24.8332  0.000353365
-24.8136  0.000350457
-24.794  0.000347521
-24.7744  0.000344552
-24.7548  0.000341551
-24.7352  0.000338531
-24.7156  0.000335479
-24.696  0.000332411
-24.6764  0.000329324
-24.6568  0.000326221
-24.6372  0.00032311
-24.6176  0.000319985
-24.598  0.000316864
-24.5784  0.000313739
-24.5588  0.000310617
-24.5392  0.000307507
-24.5196  0.000304406
-24.5  0.000301323
-24.4804  0.00029826
-24.4608  0.000295225
-24.4412  0.000292213
-24.4216  0.000289244
-24.402  0.000286311
-24.3824  0.000283424
-24.3628  0.000280587
-24.3432  0.000277803
-24.3236  0.000275078
-24.304  0.000272413
-24.2844  0.000269819
-24.2648  0.000267301
-24.2452  0.000264856
-24.2256  0.000262502
-24.206  0.000260232
-24.1864  0.000258052
-24.1668  0.000255972
-24.1472  0.000253995
-24.1276  0.000252127
-24.108  0.000250362
-24.0884  0.000248718
-24.0688  0.000247199
-24.0492  0.000245797
-24.0296  0.00024453
-24.01  0.000243397
-23.9904  0.000242403
-23.9708  0.000241546
-23.9512  0.000240841
-23.9316  0.000240287
-23.912  0.000239885
-23.8924  0.000239649
-23.8728  0.000239567
-23.8532  0.000239655
-23.8336  0.000239918
-23.814  0.000240352
-23.7944  0.000240964
-23.7748  0.000241762
-23.7552  0.000242746
-23.7356  0.000243916
-23.716  0.000245283
-23.6964  0.000246845
-23.6768  0.000248611
-23.6572  0.00025058
-23.6376  0.000252759
-23.618  0.000255148
-23.5984  0.000257754
-23.5788  0.00026058
-23.5592  0.000263627
-23.5396  0.000266899
-23.52  0.000270402
-23.5004  0.000274141
-23.4808  0.000278119
-23.4612  0.000282333
-23.4416  0.000286801
-23.422  0.000291514
-23.4024  0.000296482
-23.3828  0.000301702
-23.3632  0.000307186
-23.3436  0.000312939
-23.324  0.000318956
-23.3044  0.000325249
-23.2848  0.000331819
-23.2652  0.000338675
-23.2456  0.000345812
-23.226  0.000353245
-23.2064  0.000360974
-23.1868  0.000368999
-23.1672  0.000377328
-23.1476  0.000385968
-23.128  0.000394928
-23.1084  0.000404199
-23.0888  0.000413802
-23.0692  0.000423725
-23.0496  0.000433981
-23.03  0.000444581
-23.0104  0.000455524
-22.9908  0.000466807
-22.9712  0.000478447
-22.9516  0.000490451
-22.932  0.000502811
-22.9124  0.000515536
-22.8928  0.000528641
-22.8732  0.000542114
-22.8536  0.000555973
-22.834  0.000570213
-22.8144  0.000584846
-22.7948  0.000599875
-22.7752  0.000615302
-22.7556  0.000631127
-22.736  0.000647362
-22.7164  0.000664001
-22.6968  0.000681056
-22.6772  0.000698532
-22.6576  0.000716423
-22.638  0.000734741
-22.6184  0.000753478
-22.5988  0.000772646
-22.5792  0.000792238
-22.5596  0.000812261
-22.54  0.000832715
-22.5204  0.0008536
-22.5008  0.000874919
-22.4812  0.000896664
-22.4616  0.000918854
-22.442  0.000941466
-22.4224  0.000964513
-22.4028  0.000987988
-22.3832  0.00101189
-22.3636  0.00103621
-22.344  0.00106094
-22.3244  0.0010861
-22.3048  0.00111167
-22.2852  0.00113764
-22.2656  0.00116403
-22.246  0.0011908
-22.2264  0.00121796
-22.2068  0.0012455
-22.1872  0.00127341
-22.1676  0.0013017
-22.148  0.00133033
-22.1284  0.0013593
-22.1088  0.00138864
-22.0892  0.00141827
-22.0696  0.00144821
-22.05  0.00147847
-22.0304  0.00150902
-22.0108  0.00153982
-21.9912  0.00157089
-21.9716  0.00160221
-21.952  0.00163374
-21.9324  0.0016655
-21.9128  0.00169744
-21.8932  0.00172955
-21.8736  0.00176183
-21.854  0.00179424
-21.8344  0.00182678
-21.8148  0.00185941
-21.7952  0.00189212
-21.7756  0.00192489
-21.756  0.00195769
-21.7364  0.0019905
-21.7168  0.00202331
-21.6972  0.00205608
-21.6776  0.0020888
-21.658  0.00212143
-21.6384  0.00215396
-21.6188  0.00218636
-21.5992  0.00221859
-21.5796  0.00225064
-21.56  0.00228249
-21.5404  0.0023141
-21.5208  0.00234546
-21.5012  0.00237652
-21.4816  0.00240727
-21.462  0.00243768
-21.4424  0.00246773
-21.4228  0.00249738
-21.4032  0.0025266
-21.3836  0.00255538
-21.364  0.00258368
-21.3444  0.00261148
-21.3248  0.00263875
-21.3052  0.00266548
-21.2856  0.00269161
-21.266  0.00271714
-21.2464  0.00274204
-21.2268  0.00276627
-21.2072  0.00278982
-21.1876  0.00281267
-21.168  0.00283479
-21.1484  0.00285615
-21.1288  0.00287675
-21.1092  0.00289653
-21.0896  0.00291549
-21.07  0.00293362
-21.0504  0.00295089
-21.0308  0.00296724
-21.0112  0.00298273
-20.9916  0.00299732
-20.972  0.00301093
-20.9524  0.0030236
-20.9328  0.00303533
-20.9132  0.00304604
-20.8936  0.00305579
-20.874  0.0030645
-20.8544  0.00307222
-20.8348  0.00307889
-20.8152  0.00308454
-20.7956  0.00308913
-20.776  0.00309268
-20.7564  0.00309515
-20.7368  0.00309656
-20.7172  0.00309692
-20.6976  0.0030962
-20.678  0.00309441
-20.6584  0.00309154
-20.6388  0.00308761
-20.6192  0.00308259
-20.5996  0.00307652
-20.58  0.00306937
-20.5604  0.00306118
-20.5408  0.00305192
-20.5212  0.00304162
-20.5016  0.00303031
-20.482  0.00301795
-20.4624  0.00300459
-20.4428  0.00299023
-20.4232  0.00297488
-20.4036  0.00295855
-20.384  0.00294126
-20.3644  0.00292304
-20.3448  0.00290389
-20.3252  0.00288383
-20.3056  0.00286289
-20.286  0.00284108
-20.2664  0.00281842
-20.2468  0.00279495
-20.2272  0.00277067
-20.2076  0.00274562
-20.188  0.00271981
-20.1684  0.00269327
-20.1488  0.00266605
-20.1292  0.00263814
-20.1096  0.00260957
-20.09  0.0025804
-20.0704  0.00255063
-20.0508  0.00252028
-20.0312  0.00248941
-20.0116  0.00245803
-19.992  0.00242617
-19.9724  0.00239388
-19.9528  0.00236115
-19.9332  0.00232802
-19.9136  0.00229456
-19.894  0.00226077
-19.8744  0.00222668
-19.8548  0.00219232
-19.8352  0.00215773
-19.8156  0.00212294
-19.796  0.00208797
-19.7764  0.00205286
-19.7568  0.00201763
-19.7372  0.00198231
-19.7176  0.00194695
-19.698  0.00191155
-19.6784  0.00187616
-19.6588  0.0018408
-19.6392  0.00180549
-19.6196  0.00177027
-19.6  0.00173516
-19.5804  0.00170019
-19.5608  0.00166539
-19.5412  0.00163076
-19.5216  0.00159635
-19.502  0.00156218
-19.4824  0.00152826
-19.4628  0.00149463
-19.4432  0.0014613
-19.4236  0.00142829
-19.404  0.00139562
-19.3844  0.00136332
-19.3648  0.00133139
-19.3452  0.00129987
-19.3256  0.00126875
-19.306  0.00123806
-19.2864  0.00120783
-19.2668  0.00117804
-19.2472  0.00114873
-19.2276  0.0011199
-19.208  0.00109157
-19.1884  0.00106373
-19.1688  0.00103642
-19.1492  0.00100963
-19.1296  0.000983366
-19.11  0.000957642
-19.0904  0.000932469
-19.0708  0.000907829
-19.0512  0.000883765
-19.0316  0.000860259
-19.012  0.000837304
-18.9924  0.00081491
-18.9728  0.000793095
-18.9532  0.000771833
-18.9336  0.000751151
-18.914  0.000731017
-18.8944  0.000711464
-18.8748  0.000692466
-18.8552  0.000674032
-18.8356  0.000656157
-18.816  0.000638841
-18.7964  0.000622067
-18.7768  0.000605842
-18.7572  0.000590163
-18.7376  0.000575027
-18.718  0.000560415
-18.6984  0.000546329
-18.6788  0.000532768
-18.6592  0.000519711
-18.6396  0.000507164
-18.62  0.00049512
-18.6004  0.000483566
-18.5808  0.000472497
-18.5612  0.000461901
-18.5416  0.000451789
-18.522  0.00044213
-18.5024  0.000432925
-18.4828  0.000424177
-18.4632  0.000415861
-18.4436  0.00040798
-18.424  0.00040052
-18.4044  0.000393485
-18.3848  0.000386858
-18.3652  0.00038063
-18.3456  0.000374798
-18.326  0.000369359
-18.3064  0.000364299
-18.2868  0.000359619
-18.2672  0.000355306
-18.2476  0.000351361
-18.228  0.000347764
-18.2084  0.000344526
-18.1888  0.000341637
-18.1692  0.000339092
-18.1496  0.000336872
-18.13  0.000334996
-18.1104  0.000333443
-18.0908  0.000332211
-18.0712  0.000331304
-18.0516  0.000330716
-18.032  0.000330437
-18.0124  0.000330476
-17.9928  0.000330817
-17.9732  0.000331459
-17.9536  0.000332413
-17.934  0.000333667
-17.9144  0.00033522
-17.8948  0.000337073
-17.8752  0.000339221
-17.8556  0.000341666
-17.836  0.000344404
-17.8164  0.00034744
-17.7968  0.000350765
-17.7772  0.000354379
-17.7576  0.00035829
-17.738  0.000362489
-17.7184  0.00036698
-17.6988  0.000371759
-17.6792  0.000376823
-17.6596  0.000382181
-17.64  0.000387825
-17.6204  0.000393752
-17.6008  0.000399971
-17.5812  0.000406467
-17.5616  0.000413246
-17.542  0.000420309
-17.5224  0.00042765
-17.5028  0.000435273
-17.4832  0.000443163
-17.4636  0.00045133
-17.444  0.000459765
-17.4244  0.000468467
-17.4048  0.000477431
-17.3852  0.000486655
-17.3656  0.000496134
-17.346  0.000505859
-17.3264  0.00051583
-17.3068  0.00052604
-17.2872  0.000536475
-17.2676  0.000547141
-17.248  0.000558028
-17.2284  0.000569117
-17.2088  0.000580416
-17.1892  0.000591908
-17.1696  0.000603576
-17.15  0.000615421
-17.1304  0.000627434
-17.1108  0.00063959
-17.0912  0.000651902
-17.0716  0.000664337
-17.052  0.00067689
-17.0324  0.000689536
-17.0128  0.000702285
-16.9932  0.000715104
-16.9736  0.00072799
-16.954  0.00074091
-16.9344  0.000753873
-16.9148  0.000766841
-16.8952  0.000779808
-16.8756  0.000792759
-16.856  0.000805677
-16.8364  0.000818534
-16.8168  0.000831322
-16.7972  0.000844019
-16.7776  0.000856615
-16.758  0.000869073
-16.7384  0.000881388
-16.7188  0.000893543
-16.6992  0.000905499
-16.6796  0.000917259
-16.66  0.000928795
-16.6404  0.000940084
-16.6208  0.00095111
-16.6012  0.000961846
-16.5816  0.000972295
-16.562  0.000982412
-16.5424  0.00099218
-16.5228  0.0010016
-16.5032  0.00101063
-16.4836  0.00101927
-16.464  0.00102749
-16.4444  0.00103528
-16.4248  0.00104262
-16.4052  0.00104948
-16.3856  0.00105586
-16.366  0.00106174
-16.3464  0.0010671
-16.3268  0.00107194
-16.3072  0.00107623
-16.2876  0.00107996
-16.268  0.00108311
-16.2484  0.00108569
-16.2288  0.00108767
-16.2092  0.00108906
-16.1896  0.00108982
-16.17  0.00108997
-16.1504  0.00108949
-16.1308  0.00108837
-16.1112  0.00108661
-16.0916  0.00108421
-16.072  0.00108116
-16.0524  0.00107746
-16.0328  0.00107311
-16.0132  0.0010681
-15.9936  0.00106245
-15.974  0.00105614
-15.9544  0.00104919
-15.9348  0.00104161
-15.9152  0.00103338
-15.8956  0.00102452
-15.876  0.00101505
-15.8564  0.00100496
-15.8368  0.000994275
-15.8172  0.000982985
-15.7976  0.000971125
-15.778  0.000958699
-15.7584  0.000945726
-15.7388  0.000932211
-15.7192  0.000918174
-15.6996  0.000903637
-15.68  0.000888623
-15.6604  0.000873135
-15.6408  0.000857208
-15.6212  0.000840855
-15.6016  0.000824093
-15.582  0.000806965
-15.5624  0.000789475
-15.5428  0.000771659
-15.5232  0.000753527
-15.5036  0.00073512
-15.484  0.000716457
-15.4644  0.000697561
-15.4448  0.000678464
-15.4252  0.000659193
-15.4056  0.00063978
-15.386  0.000620242
-15.3664  0.000600613
-15.3468  0.000580926
-15.3272  0.000561196
-15.3076  0.000541467
-15.288  0.000521761
-15.2684  0.000502099
-15.2488  0.000482523
-15.2292  0.000463053
-15.2096  0.000443714
-15.19  0.00042454
-15.1704  0.000405556
-15.1508  0.000386789
-15.1312  0.000368267
-15.1116  0.000350011
-15.092  0.000332054
-15.0724  0.000314407
-15.0528  0.000297108
-15.0332  0.000280175
-15.0136  0.000263628
-14.994  0.000247489
-14.9744  0.00023178
-14.9548  0.00021652
-14.9352  0.000201724
-14.9156  0.000187415
-14.896  0.000173607
-14.8764  0.000160316
-14.8568  0.000147556
-14.8372  0.000135338
-14.8176  0.000123679
-14.798  0.000112583
-14.7784  0.000102062
-14.7588  9.21258e-05
-14.7392  8.27782e-05
-14.7196  7.40277e-05
-14.7  6.58768e-05
-14.6804  5.83273e-05
-14.6608  5.13829e-05
-14.6412  4.50427e-05
-14.6216  3.93071e-05
-14.602  3.41708e-05
-14.5824  2.96313e-05
-14.5628  2.56835e-05
-14.5432  2.23224e-05
-14.5236  1.954e-05
-14.504  1.73262e-05
-14.4844  1.56731e-05
-14.4648  1.45672e-05
-14.4452  1.39985e-05
-14.4256  1.39507e-05
-14.406  1.44119e-05
-14.3864  1.53649e-05
-14.3668  1.67943e-05
-14.3472  1.86814e-05
-14.3276  2.10089e-05
-14.308  2.37587e-05
-14.2884  2.69069e-05
-14.2688  3.0435e-05
-14.2492  3.43208e-05
-14.2296  3.85442e-05
-14.21  4.30798e-05
-14.1904  4.7906e-05
-14.1708  5.29982e-05
-14.1512  5.83312e-05
-14.1316  6.38816e-05
-14.112  6.96246e-05
-14.0924  7.55331e-05
-14.0728  8.15859e-05
-14.0532  8.77584e-05
-14.0336  9.40184e-05
-14.014  0.000100347
-13.9944  0.000106719
-13.9748  0.000113105
-13.9552  0.000119485
-13.9356  0.000125834
-13.916  0.000132126
-13.8964  0.000138337
-13.8768  0.000144446
-13.8572  0.000150434
-13.8376  0.000156274
-13.818  0.000161944
-13.7984  0.000167426
-13.7788  0.000172705
-13.7592  0.000177757
-13.7396  0.000182566
-13.72  0.00018711
-13.7004  0.000191381
-13.6808  0.000195362
-13.6612  0.000199038
-13.6416  0.000202399
-13.622  0.000205424
-13.6024  0.000208112
-13.5828  0.000210453
-13.5632  0.00021244
-13.5436  0.000214061
-13.524  0.000215312
-13.5044  0.000216194
-13.4848  0.000216701
-13.4652  0.00021683
-13.4456  0.000216578
-13.426  0.000215952
-13.4064  0.000214953
-13.3868  0.000213578
-13.3672  0.000211843
-13.3476  0.000209744
-13.328  0.000207289
-13.3084  0.000204495
-13.2888  0.000201363
-13.2692  0.000197906
-13.2496  0.000194138
-13.23  0.000190071
-13.2104  0.000185716
-13.1908  0.000181092
-13.1712  0.000176211
-13.1516  0.00017109
-13.132  0.000165748
-13.1124  0.000160208
-13.0928  0.000154482
-13.0732  0.000148591
-13.0536  0.000142558
-13.034  0.0001364
-13.0144  0.000130145
-12.9948  0.000123809
-12.9752  0.00011742
-12.9556  0.000110995
-12.936  0.000104559
-12.9164  9.81338e-05
-12.8968  9.17451e-05
-12.8772  8.54164e-05
-12.8576  7.91655e-05
-12.838  7.30211e-05
-12.8184  6.70047e-05
-12.7988  6.11356e-05
-12.7792  5.544e-05
-12.7596  4.99366e-05
-12.74  4.46497e-05
-12.7204  3.95988e-05
-12.7008  3.48036e-05
-12.6812  3.02835e-05
-12.6616  2.60574e-05
-12.642  2.2145e-05
-12.6224  1.85625e-05
-12.6028  1.53261e-05
-12.5832  1.24511e-05
-12.5636  9.95167e-06
-12.544  7.84174e-06
-12.5244  6.13249e-06
-12.5048  4.83647e-06
-12.4852  3.96205e-06
-12.4656  3.52001e-06
-12.446  3.51552e-06
-12.4264  3.95673e-06
-12.4068  4.84702e-06
-12.3872  6.19082e-06
-12.3676  7.98954e-06
-12.348  1.02441e-05
-12.3284  1.2955e-05
-12.3088  1.61206e-05
-12.2892  1.97363e-05
-12.2696  2.37966e-05
-12.25  2.8298e-05
-12.2304  3.32312e-05
-12.2108  3.85891e-05
-12.1912  4.43614e-05
-12.1716  5.05352e-05
-12.152  5.71002e-05
-12.1324  6.40428e-05
-12.1128  7.13439e-05
-12.0932  7.89889e-05
-12.0736  8.69638e-05
-12.054  9.52456e-05
-12.0344  0.000103817
-12.0148  0.000112659
-11.9952  0.000121746
-11.9756  0.000131057
-11.956  0.000140573
-11.9364  0.000150266
-11.9168  0.000160113
-11.8972  0.000170084
-11.8776  0.000180157
-11.858  0.000190312
-11.8384  0.000200514
-11.8188  0.000210734
-11.7992  0.00022095
-11.7796  0.00023113
-11.76  0.000241256
-11.7404  0.000251292
-11.7208  0.000261208
-11.7012  0.000270982
-11.6816  0.000280585
-11.662  0.000289995
-11.6424  0.000299183
-11.6228  0.000308114
-11.6032  0.000316771
-11.5836  0.00032513
-11.564  0.000333165
-11.5444  0.000340849
-11.5248  0.000348161
-11.5052  0.000355082
-11.4856  0.000361591
-11.466  0.000367669
-11.4464  0.00037329
-11.4268  0.000378448
-11.4072  0.000383117
-11.3876  0.000387289
-11.368  0.000390951
-11.3484  0.000394084
-11.3288  0.000396681
-11.3092  0.000398735
-11.2896  0.000400235
-11.27  0.000401174
-11.2504  0.000401552
-11.2308  0.000401359
-11.2112  0.000400604
-11.1916  0.000399283
-11.172  0.000397395
-11.1524  0.000394944
-11.1328  0.000391935
-11.1132  0.000388379
-11.0936  0.000384281
-11.074  0.000379657
-11.0544  0.000374507
-11.0348  0.000368858
-11.0152  0.00036271
-10.9956  0.000356094
-10.976  0.00034902
-10.9564  0.000341511
-10.9368  0.000333582
-10.9172  0.000325256
-10.8976  0.000316566
-10.878  0.000307525
-10.8584  0.000298162
-10.8388  0.000288511
-10.8192  0.000278592
-10.7996  0.000268436
-10.78  0.000258072
-10.7604  0.000247532
-10.7408  0.000236845
-10.7212  0.000226047
-10.7016  0.00021517
-10.682  0.000204241
-10.6624  0.000193297
-10.6428  0.000182373
-10.6232  0.0001715
-10.6036  0.000160714
-10.584  0.000150049
-10.5644  0.000139538
-10.5448  0.000129213
-10.5252  0.000119107
-10.5056  0.000109254
-10.486  9.96865e-05
-10.4664  9.04352e-05
-10.4468  8.15297e-05
-10.4272  7.30025e-05
-10.4076  6.48807e-05
-10.388  5.71936e-05
-10.3684  4.99678e-05
-10.3488  4.32306e-05
-10.3292  3.70047e-05
-10.3096  3.13121e-05
-10.29  2.61789e-05
-10.2704  2.16219e-05
-10.2508  1.76624e-05
-10.2312  1.4317e-05
-10.2116  1.15998e-05
-10.192  9.52658e-06
-10.1724  8.1086e-06
-10.1528  7.35616e-06
-10.1332  7.27698e-06
-10.1136  7.87822e-06
-10.094  9.16401e-06
-10.0744  1.11375e-05
-10.0548  1.37983e-05
-10.0352  1.71466e-05
-10.0156  2.11777e-05
-9.996  2.58836e-05
-9.9764  3.12616e-05
-9.9568  3.72998e-05
-9.9372  4.39873e-05
-9.9176  5.13102e-05
-9.898  5.92511e-05
-9.8784  6.77958e-05
-9.8588  7.69238e-05
-9.8392  8.66134e-05
-9.8196  9.6846e-05
-9.8  0.000107589
-9.7804  0.000118824
-9.7608  0.00013052
-9.7412  0.000142651
-9.7216  0.00015518
-9.702  0.000168079
-9.6824  0.000181312
-9.6628  0.000194853
-9.6432  0.000208657
-9.6236  0.000222693
-9.604  0.000236922
-9.5844  0.000251312
-9.5648  0.000265816
-9.5452  0.000280398
-9.5256  0.000295024
-9.506  0.000309648
-9.4864  0.000324239
-9.4668  0.00033875
-9.4472  0.000353147
-9.4276  0.000367386
-9.408  0.000381434
-9.3884  0.000395254
-9.3688  0.000408811
-9.3492  0.000422063
-9.3296  0.000434981
-9.31  0.000447535
-9.2904  0.000459688
-9.2708  0.000471413
-9.2512  0.000482677
-9.2316  0.000493463
-9.212  0.000503736
-9.1924  0.000513481
-9.1728  0.000522683
-9.1532  0.000531318
-9.1336  0.000539371
-9.114  0.00054683
-9.0944  0.0005537
-9.0748  0.000559953
-9.0552  0.000565611
-9.0356  0.000570658
-9.016  0.000575106
-8.9964  0.000578961
-8.9768  0.000582239
-8.9572  0.000584956
-8.9376  0.00058713
-8.918  0.000588784
-8.8984  0.000589956
-8.8788  0.000590667
-8.8592  0.000590961
-8.8396  0.000590876
-8.82  0.000590467
-8.8004  0.00058978
-8.7808  0.000588884
-8.7612  0.000587823
-8.7416  0.000586669
-8.722  0.0005855
-8.7024  0.000584399
-8.6828  0.000583436
-8.6632  0.000582705
-8.6436  0.000582303
-8.624  0.000582329
-8.6044  0.000582888
-8.5848  0.000584088
-8.5652  0.00058605
-8.5456  0.000588908
-8.526  0.000592767
-8.5064  0.000597789
-8.4868  0.000604102
-8.4672  0.000611853
-8.4476  0.000621203
-8.428  0.000632316
-8.4084  0.000645358
-8.3888  0.000660497
-8.3692  0.000677928
-8.3496  0.000697834
-8.33  0.000720403
-8.3104  0.000745852
-8.2908  0.000774389
-8.2712  0.000806231
-8.2516  0.000841602
-8.232  0.000880741
-8.2124  0.000923892
-8.1928  0.000971304
-8.1732  0.00102323
-8.1536  0.00107995
-8.134  0.00114173
-8.1144  0.00120887
-8.0948  0.00128164
-8.0752  0.00136039
-8.0556  0.00144541
-8.036  0.00153701
-8.0164  0.00163556
-7.9968  0.00174139
-7.9772  0.00185486
-7.9576  0.00197635
-7.938  0.00210625
-7.9184  0.00224495
-7.8988  0.00239286
-7.8792  0.00255039
-7.8596  0.00271801
-7.84  0.00289615
-7.8204  0.00308532
-7.8008  0.00328595
-7.7812  0.00349859
-7.7616  0.00372375
-7.742  0.00396195
-7.7224  0.00421378
-7.7028  0.0044798
-7.6832  0.0047606
-7.6636  0.00505684
-7.644  0.00536913
-7.6244  0.00569818
-7.6048  0.00604464
-7.5852  0.00640925
-7.5656  0.00679276
-7.546  0.00719597
-7.5264  0.00761964
-7.5068  0.00806465
-7.4872  0.00853181
-7.4676  0.0090221
-7.448  0.00953643
-7.4284  0.0100758
-7.4088  0.0106411
-7.3892  0.0112336
-7.3696  0.0118542
-7.35  0.0125041
-7.3304  0.0131845
-7.3108  0.0138967
-7.2912  0.0146419
-7.2716  0.0154214
-7.252  0.0162367
-7.2324  0.0170892
-7.2128  0.0179805
-7.1932  0.0189119
-7.1736  0.0198852
-7.154  0.0209022
-7.1344  0.0219645
-7.1148  0.0230739
-7.0952  0.0242325
-7.0756  0.0254422
-7.056  0.0267049
-7.0364  0.028023
-7.0168  0.0293987
-6.9972  0.0308343
-6.9776  0.0323321
-6.958  0.0338948
-6.9384  0.0355249
-6.9188  0.0372253
-6.8992  0.0389987
-6.8796  0.0408481
-6.86  0.0427766
-6.8404  0.0447873
-6.8208  0.0468837
-6.8012  0.0490692
-6.7816  0.0513473
-6.762  0.0537218
-6.7424  0.0561966
-6.7228  0.0587758
-6.7032  0.0614636
-6.6836  0.0642644
-6.664  0.0671825
-6.6444  0.070223
-6.6248  0.0733906
-6.6052  0.0766903
-6.5856  0.0801276
-6.566  0.0837079
-6.5464  0.087437
-6.5268  0.0913208
-6.5072  0.0953652
-6.4876  0.0995771
-6.468  0.103963
-6.4484  0.108529
-6.4288  0.113283
-6.4092  0.118233
-6.3896  0.123386
-6.37  0.12875
-6.3504  0.134333
-6.3308  0.140144
-6.3112  0.146192
-6.2916  0.152485
-6.272  0.159035
-6.2524  0.16585
-6.2328  0.172941
-6.2132  0.180318
-6.1936  0.187993
-6.174  0.195977
-6.1544  0.204282
-6.1348  0.21292
-6.1152  0.221904
-6.0956  0.231246
-6.076  0.240962
-6.0564  0.251064
-6.0368  0.261567
-6.0172  0.272486
-5.9976  0.283837
-5.978  0.295636
-5.9584  0.3079
-5.9388  0.320646
-5.9192  0.333892
-5.8996  0.347655
-5.88  0.361956
-5.8604  0.376813
-5.8408  0.392248
-5.8212  0.40828
-5.8016  0.424932
-5.782  0.442227
-5.7624  0.460186
-5.7428  0.478834
-5.7232  0.498195
-5.7036  0.518295
-5.684  0.539159
-5.6644  0.560815
-5.6448  0.583291
-5.6252  0.606614
-5.6056  0.630814
-5.586  0.655923
-5.5664  0.68197
-5.5468  0.708988
-5.5272  0.73701
-5.5076  0.766071
-5.488  0.796205
-5.4684  0.827448
-5.4488  0.859838
-5.4292  0.893412
-5.4096  0.928211
-5.39  0.964273
-5.3704  1.00164
-5.3508  1.04036
-5.3312  1.08047
-5.3116  1.12201
-5.292  1.16504
-5.2724  1.2096
-5.2528  1.25574
-5.2332  1.3035
-5.2136  1.35295
-5.194  1.40413
-5.1744  1.45709
-5.1548  1.51189
-5.1352  1.5686
-5.1156  1.62725
-5.096  1.68792
-5.0764  1.75067
-5.0568  1.81555
-5.0372  1.88264
-5.0176  1.95198
-4.998  2.02366
-4.9784  2.09774
-4.9588  2.17429
-4.9392  2.25338
-4.9196  2.33507
-4.9  2.41946
-4.8804  2.5066
-4.8608  2.59659
-4.8412  2.68949
-4.8216  2.78539
-4.802  2.88436
-4.7824  2.9865
-4.7628  3.09189
-4.7432  3.20061
-4.7236  3.31275
-4.704  3.4284
-4.6844  3.54766
-4.6648  3.67062
-4.6452  3.79736
-4.6256  3.92799
-4.606  4.06261
-4.5864  4.20131
-4.5668  4.3442
-4.5472  4.49138
-4.5276  4.64294
-4.508  4.79901
-4.4884  4.95969
-4.4688  5.12507
-4.4492  5.29529
-4.4296  5.47043
-4.41  5.65063
-4.3904  5.836
-4.3708  6.02665
-4.3512  6.22269
-4.3316  6.42426
-4.312  6.63146
-4.2924  6.84442
-4.2728  7.06327
-4.2532  7.28812
-4.2336  7.51911
-4.214  7.75636
-4.1944  8
-4.1748  8.25015
-4.1552  8.50695
-4.1356  8.77053
-4.116  9.04102
-4.0964  9.31855
-4.0768  9.60326
-4.0572  9.89527
-4.0376  10.1947
-4.018  10.5018
-3.9984  10.8166
-3.9788  11.1392
-3.9592  11.4698
-3.9396  11.8085
-3.92  12.1556
-3.9004  12.511
-3.8808  12.875
-3.8612  13.2476
-3.8416  13.6291
-3.822  14.0195
-3.8024  14.4191
-3.7828  14.8279
-3.7632  15.2461
-3.7436  15.6737
-3.724  16.1111
-3.7044  16.5582
-3.6848  17.0153
-3.6652  17.4824
-3.6456  17.9597
-3.626  18.4474
-3.6064  18.9455
-3.5868  19.4542
-3.5672  19.9736
-3.5476  20.5038
-3.528  21.0451
-3.5084  21.5974
-3.4888  22.161
-3.4692  22.7359
-3.4496  23.3223
-3.43  23.9203
-3.4104  24.53
-3.3908  25.1514
-3.3712  25.7848
-3.3516  26.4302
-3.332  27.0878
-3.3124  27.7576
-3.2928  28.4397
-3.2732  29.1343
-3.2536  29.8413
-3.234  30.561
-3.2144  31.2934
-3.1948  32.0385
-3.1752  32.7965
-3.1556  33.5675
-3.136  34.3514
-3.1164  35.1484
-3.0968  35.9586
-3.0772  36.7819
-3.0576  37.6185
-3.038  38.4683
-3.0184  39.3315
-2.9988  40.2081
-2.9792  41.098
-2.9596  42.0014
-2.94  42.9183
-2.9204  43.8486
-2.9008  44.7924
-2.8812  45.7497
-2.8616  46.7205
-2.842  47.7048
-2.8224  48.7026
-2.8028  49.7138
-2.7832  50.7385
-2.7636  51.7766
-2.744  52.828
-2.7244  53.8928
-2.7048  54.9709
-2.6852  56.0622
-2.6656  57.1667
-2.646  58.2843
-2.6264  59.4149
-2.6068  60.5584
-2.5872  61.7148
-2.5676  62.884
-2.548  64.0658
-2.5284  65.2601
-2.5088  66.4669
-2.4892  67.6859
-2.4696  68.9172
-2.45  70.1604
-2.4304  71.4155
-2.4108  72.6824
-2.3912  73.9607
-2.3716  75.2505
-2.352  76.5515
-2.3324  77.8635
-2.3128  79.1863
-2.2932  80.5197
-2.2736  81.8635
-2.254  83.2176
-2.2344  84.5816
-2.2148  85.9553
-2.1952  87.3386
-2.1756  88.731
-2.156  90.1325
-2.1364  91.5427
-2.1168  92.9614
-2.0972  94.3883
-2.0776  95.823
-2.058  97.2653
-2.0384  98.715
-2.0188  100.172
-1.9992  101.635
-1.9796  103.105
-1.96  104.58
-1.9404  106.062
-1.9208  107.549
-1.9012  109.04
-1.8816  110.537
-1.862  112.037
-1.8424  113.542
-1.8228  115.05
-1.8032  116.561
-1.7836  118.075
-1.764  119.592
-1.7444  121.11
-1.7248  122.63
-1.7052  124.152
-1.6856  125.673
-1.666  127.196
-1.6464  128.718
-1.6268  130.239
-1.6072  131.76
-1.5876  133.279
-1.568  134.797
-1.5484  136.312
-1.5288  137.825
-1.5092  139.334
-1.4896  140.839
-1.47  142.341
-1.4504  143.838
-1.4308  145.33
-1.4112  146.816
-1.3916  148.297
-1.372  149.771
-1.3524  151.238
-1.3328  152.697
-1.3132  154.149
-1.2936  155.593
-1.274  157.028
-1.2544  158.453
-1.2348  159.869
-1.2152  161.274
-1.1956  162.669
-1.176  164.052
-1.1564  165.424
-1.1368  166.783
-1.1172  168.13
-1.0976  169.464
-1.078  170.785
-1.0584  172.091
-1.0388  173.383
-1.0192  174.66
-0.9996  175.921
-0.98  177.166
-0.9604  178.396
-0.9408  179.608
-0.9212  180.803
-0.9016  181.981
-0.882  183.14
-0.8624  184.281
-0.8428  185.403
-0.8232  186.505
-0.8036  187.588
-0.784  188.651
-0.7644  189.692
-0.7448  190.713
-0.7252  191.713
-0.7056  192.691
-0.686  193.646
-0.6664  194.579
-0.6468  195.489
-0.6272  196.376
-0.6076  197.239
-0.588  198.079
-0.5684  198.894
-0.5488  199.685
-0.5292  200.45
-0.5096  201.191
-0.49  201.906
-0.4704  202.595
-0.4508  203.259
-0.4312  203.895
-0.4116  204.506
-0.392  205.09
-0.3724  205.646
-0.3528  206.176
-0.3332  206.677
-0.3136  207.152
-0.294  207.598
-0.2744  208.016
-0.2548  208.407
-0.2352  208.768
-0.2156  209.102
-0.196  209.406
-0.1764  209.682
-0.1568  209.929
-0.1372  210.147
-0.1176  210.336
-0.098  210.496
-0.0784  210.627
-0.0588  210.728
-0.0392  210.8
-0.0196  210.843
0  210.857
0.0196  210.841
0.0392  210.795
0.0588  210.721
0.0784  210.617
0.098  210.484
0.1176  210.321
0.1372  210.13
0.1568  209.909
0.1764  209.66
0.196  209.382
0.2156  209.075
0.2352  208.739
0.2548  208.375
0.2744  207.982
0.294  207.561
0.3136  207.113
0.3332  206.636
0.3528  206.132
0.3724  205.6
0.392  205.042
0.4116  204.456
0.4312  203.843
0.4508  203.204
0.4704  202.539
0.49  201.847
0.5096  201.13
0.5292  200.388
0.5488  199.62
0.5684  198.828
0.588  198.011
0.6076  197.169
0.6272  196.304
0.6468  195.416
0.6664  194.504
0.686  193.569
0.7056  192.612
0.7252  191.633
0.7448  190.632
0.7644  189.609
0.784  188.566
0.8036  187.502
0.8232  186.418
0.8428  185.314
0.8624  184.191
0.882  183.049
0.9016  181.889
0.9212  180.71
0.9408  179.514
0.9604  178.301
0.98  177.071
0.9996  175.824
1.0192  174.562
1.0388  173.284
1.0584  171.992
1.078  170.685
1.0976  169.364
1.1172  168.03
1.1368  166.682
1.1564  165.322
1.176  163.95
1.1956  162.566
1.2152  161.171
1.2348  159.766
1.2544  158.35
1.274  156.924
1.2936  155.49
1.3132  154.046
1.3328  152.594
1.3524  151.135
1.372  149.668
1.3916  148.194
1.4112  146.714
1.4308  145.228
1.4504  143.736
1.47  142.24
1.4896  140.738
1.5092  139.233
1.5288  137.725
1.5484  136.213
1.568  134.698
1.5876  133.181
1.6072  131.663
1.6268  130.143
1.6464  128.622
1.666  127.101
1.6856  125.579
1.7052  124.058
1.7248  122.538
1.7444  121.019
1.764  119.501
1.7836  117.986
1.8032  116.473
1.8228  114.963
1.8424  113.456
1.862  111.952
1.8816  110.453
1.9012  108.958
1.9208  107.467
1.9404  105.982
1.96  104.501
1.9796  103.027
1.9992  101.559
2.0188  100.097
2.0384  98.6414
2.058  97.1931
2.0776  95.7522
2.0972  94.3188
2.1168  92.8934
2.1364  91.4761
2.156  90.0674
2.1756  88.6673
2.1952  87.2763
2.2148  85.8945
2.2344  84.5222
2.254  83.1597
2.2736  81.8071
2.2932  80.4648
2.3128  79.1328
2.3324  77.8115
2.352  76.501
2.3716  75.2015
2.3912  73.9132
2.4108  72.6363
2.4304  71.371
2.45  70.1173
2.4696  68.8755
2.4892  67.6458
2.5088  66.4281
2.5284  65.2228
2.548  64.0299
2.5676  62.8495
2.5872  61.6818
2.6068  60.5268
2.6264  59.3846
2.646  58.2554
2.6656  57.1391
2.6852  56.036
2.7048  54.946
2.7244  53.8692
2.744  52.8057
2.7636  51.7555
2.7832  50.7187
2.8028  49.6953
2.8224  48.6852
2.842  47.6887
2.8616  46.7055
2.8812  45.7359
2.9008  44.7797
2.9204  43.837
2.94  42.9077
2.9596  41.992
2.9792  41.0896
2.9988  40.2006
3.0184  39.3251
3.038  38.4629
3.0576  37.6139
3.0772  36.7783
3.0968  35.9559
3.1164  35.1466
3.136  34.3504
3.1556  33.5673
3.1752  32.7971
3.1948  32.0399
3.2144  31.2955
3.234  30.5638
3.2536  29.8448
3.2732  29.1384
3.2928  28.4445
3.3124  27.763
3.332  27.0938
3.3516  26.4368
3.3712  25.7919
3.3908  25.159
3.4104  24.538
3.43  23.9288
3.4496  23.3313
3.4692  22.7453
3.4888  22.1708
3.5084  21.6076
3.528  21.0556
3.5476  20.5147
3.5672  19.9847
3.5868  19.4656
3.6064  18.9571
3.626  18.4593
3.6456  17.9718
3.6652  17.4947
3.6848  17.0277
3.7044  16.5708
3.724  16.1238
3.7436  15.6866
3.7632  15.259
3.7828  14.8409
3.8024  14.4322
3.822  14.0327
3.8416  13.6422
3.8612  13.2608
3.8808  12.8881
3.9004  12.5241
3.92  12.1686
3.9396  11.8215
3.9592  11.4827
3.9788  11.152
3.9984  10.8293
4.018  10.5144
4.0376  10.2072
4.0572  9.90763
4.0768  9.61546
4.0964  9.33059
4.116  9.05289
4.1356  8.78222
4.1552  8.51846
4.1748  8.26146
4.1944  8.0111
4.214  7.76724
4.2336  7.52977
4.2532  7.29855
4.2728  7.07346
4.2924  6.85437
4.312  6.64116
4.3316  6.4337
4.3512  6.23188
4.3708  6.03557
4.3904  5.84465
4.41  5.65902
4.4296  5.47854
4.4492  5.30312
4.4688  5.13262
4.4884  4.96696
4.508  4.806
4.5276  4.64965
4.5472  4.49779
4.5668  4.35033
4.5864  4.20716
4.606  4.06817
4.6256  3.93327
4.6452  3.80235
4.6648  3.67532
4.6844  3.55208
4.704  3.43255
4.7236  3.31661
4.7432  3.2042
4.7628  3.0952
4.7824  2.98954
4.802  2.88714
4.8216  2.7879
4.8412  2.69174
4.8608  2.59858
4.8804  2.50834
4.9  2.42095
4.9196  2.33632
4.9392  2.25438
4.9588  2.17505
4.9784  2.09827
4.998  2.02397
5.0176  1.95207
5.0372  1.8825
5.0568  1.8152
5.0764  1.75011
5.096  1.68717
5.1156  1.6263
5.1352  1.56745
5.1548  1.51056
5.1744  1.45558
5.194  1.40244
5.2136  1.3511
5.2332  1.30149
5.2528  1.25356
5.2724  1.20728
5.292  1.16257
5.3116  1.1194
5.3312  1.07772
5.3508  1.03749
5.3704  0.998649
5.39  0.961163
5.4096  0.92499
5.4292  0.890086
5.4488  0.856412
5.4684  0.823927
5.488  0.792595
5.5076  0.762378
5.5272  0.733239
5.5468  0.705144
5.5664  0.678058
5.586  0.651949
5.6056  0.626783
5.6252  0.60253
5.6448  0.579159
5.6644  0.556641
5.684  0.534947
5.7036  0.514049
5.7232  0.49392
5.7428  0.474534
5.7624  0.455866
5.782  0.437891
5.8016  0.420584
5.8212  0.403924
5.8408  0.387887
5.8604  0.372453
5.88  0.357598
5.8996  0.343304
5.9192  0.329551
5.9388  0.316319
5.9584  0.303589
5.978  0.291345
5.9976  0.279568
6.0172  0.268242
6.0368  0.257351
6.0564  0.246878
6.076  0.236809
6.0956  0.22713
6.1152  0.217825
6.1348  0.208881
6.1544  0.200285
6.174  0.192023
6.1936  0.184085
6.2132  0.176457
6.2328  0.169128
6.2524  0.162088
6.272  0.155324
6.2916  0.148828
6.3112  0.142588
6.3308  0.136595
6.3504  0.13084
6.37  0.125314
6.3896  0.120008
6.4092  0.114914
6.4288  0.110024
6.4484  0.105329
6.468  0.100823
6.4876  0.0964978
6.5072  0.0923468
6.5268  0.0883634
6.5464  0.0845409
6.566  0.0808732
6.5856  0.0773542
6.6052  0.0739782
6.6248  0.0707396
6.6444  0.067633
6.664  0.0646533
6.6836  0.0617956
6.7032  0.059055
6.7228  0.0564269
6.7424  0.053907
6.762  0.0514909
6.7816  0.0491747
6.8012  0.0469542
6.8208  0.0448258
6.8404  0.0427858
6.86  0.0408308
6.8796  0.0389573
6.8992  0.0371622
6.9188  0.0354422
6.9384  0.0337944
6.958  0.0322161
6.9776  0.0307044
6.9972  0.0292566
7.0168  0.0278702
7.0364  0.0265427
7.056  0.0252719
7.0756  0.0240555
7.0952  0.0228912
7.1148  0.0217771
7.1344  0.0207112
7.154  0.0196913
7.1736  0.0187159
7.1932  0.0177831
7.2128  0.0168912
7.2324  0.0160385
7.252  0.0152235
7.2716  0.0144447
7.2912  0.0137007
7.3108  0.0129901
7.3304  0.0123115
7.35  0.0116636
7.3696  0.0110453
7.3892  0.0104554
7.4088  0.00989264
7.4284  0.00935606
7.448  0.00884454
7.4676  0.00835711
7.4872  0.00789281
7.5068  0.00745074
7.5264  0.00702994
7.546  0.0066296
7.5656  0.00624886
7.5852  0.00588698
7.6048  0.00554316
7.6244  0.00521669
7.644  0.00490683
7.6636  0.00461295
7.6832  0.00433436
7.7028  0.00407044
7.7224  0.00382059
7.742  0.00358421
7.7616  0.00336076
7.7812  0.00314968
7.8008  0.00295046
7.8204  0.0027626
7.84  0.00258558
7.8596  0.00241897
7.8792  0.0022623
7.8988  0.00211515
7.9184  0.00197706
7.938  0.00184765
7.9576  0.00172651
7.9772  0.00161329
7.9968  0.0015076
8.0164  0.00140908
8.036  0.0013174
8.0556  0.00123223
8.0752  0.00115324
8.0948  0.00108011
8.1144  0.00101256
8.134  0.000950292
8.1536  0.00089303
8.1732  0.000840494
8.1928  0.000792431
8.2124  0.000748578
8.232  0.000708695
8.2516  0.000672549
8.2712  0.00063991
8.2908  0.000610555
8.3104  0.000584271
8.33  0.000560856
8.3496  0.000540114
8.3692  0.000521844
8.3888  0.000505867
8.4084  0.000492013
8.428  0.000480101
8.4476  0.000469973
8.4672  0.000461474
8.4868  0.000454451
8.5064  0.000448756
8.526  0.000444251
8.5456  0.000440817
8.5652  0.000438305
8.5848  0.000436616
8.6044  0.000435626
8.624  0.000435225
8.6436  0.000435312
8.6632  0.00043579
8.6828  0.000436569
8.7024  0.000437559
8.722  0.000438675
8.7416  0.000439852
8.7612  0.000441014
8.7808  0.000442091
8.8004  0.000443018
8.82  0.000443754
8.8396  0.000444237
8.8592  0.000444428
8.8788  0.000444276
8.8984  0.000443747
8.918  0.000442804
8.9376  0.000441428
8.9572  0.000439588
8.9768  0.000437261
8.9964  0.000434436
9.016  0.000431098
9.0356  0.000427236
9.0552  0.000422847
9.0748  0.00041792
9.0944  0.000412474
9.114  0.000406491
9.1336  0.000399998
9.1532  0.000392995
9.1728  0.000385492
9.1924  0.000377509
9.212  0.000369068
9.2316  0.000360186
9.2512  0.00035088
9.2708  0.000341183
9.2904  0.000331115
9.31  0.000320708
9.3296  0.000309988
9.3492  0.000298992
9.3688  0.000287749
9.3884  0.000276289
9.408  0.000264653
9.4276  0.000252874
9.4472  0.000240987
9.4668  0.000229026
9.4864  0.000217031
9.506  0.000205037
9.5256  0.000193088
9.5452  0.000181212
9.5648  0.000169453
9.5844  0.000157843
9.604  0.000146418
9.6236  0.000135219
9.6432  0.000124277
9.6628  0.000113626
9.6824  0.000103299
9.702  9.33328e-05
9.7216  8.37535e-05
9.7412  7.45921e-05
9.7608  6.58753e-05
9.7804  5.76341e-05
9.8  4.98927e-05
9.8196  4.26769e-05
9.8392  3.60042e-05
9.8588  2.98999e-05
9.8784  2.43817e-05
9.898  1.94665e-05
9.9176  1.51705e-05
9.9372  1.15044e-05
9.9568  8.48176e-06
9.9764  6.11197e-06
9.996  4.40223e-06
10.0156  3.35767e-06
10.0352  2.98185e-06
10.0548  3.27668e-06
10.0744  4.24061e-06
10.094  5.87186e-06
10.1136  8.16517e-06
10.1332  1.11142e-05
10.1528  1.4711e-05
10.1724  1.89453e-05
10.192  2.38019e-05
10.2116  2.92686e-05
10.2312  3.5332e-05
10.2508  4.19702e-05
10.2704  4.91665e-05
10.29  5.68999e-05
10.3096  6.51454e-05
10.3292  7.38838e-05
10.3488  8.30847e-05
10.3684  9.27214e-05
10.388  0.000102772
10.4076  0.000113203
10.4272  0.000123983
10.4468  0.000135083
10.4664  0.000146474
10.486  0.000158119
10.5056  0.000169983
10.5252  0.000182039
10.5448  0.000194246
10.5644  0.000206572
10.584  0.000218981
10.6036  0.00023144
10.6232  0.000243913
10.6428  0.000256364
10.6624  0.000268757
10.682  0.000281061
10.7016  0.000293235
10.7212  0.000305247
10.7408  0.000317066
10.7604  0.000328663
10.78  0.000339997
10.7996  0.000351041
10.8192  0.000361761
10.8388  0.000372133
10.8584  0.000382123
10.878  0.000391714
10.8976  0.000400867
10.9172  0.00040956
10.9368  0.000417778
10.9564  0.00042549
10.976  0.000432676
10.9956  0.00043932
11.0152  0.000445403
11.0348  0.000450917
11.0544  0.000455827
11.074  0.000460145
11.0936  0.000463839
11.1132  0.000466914
11.1328  0.000469357
11.1524  0.000471169
11.172  0.000472336
11.1916  0.000472857
11.2112  0.000472738
11.2308  0.000471976
11.2504  0.00047058
11.27  0.000468547
11.2896  0.000465889
11.3092  0.00046261
11.3288  0.000458722
11.3484  0.000454238
11.368  0.000449173
11.3876  0.000443535
11.4072  0.000437344
11.4268  0.000430624
11.4464  0.000423385
11.466  0.000415655
11.4856  0.000407447
11.5052  0.000398792
11.5248  0.00038971
11.5444  0.000380229
11.564  0.000370376
11.5836  0.00036017
11.6032  0.000349647
11.6228  0.000338835
11.6424  0.000327762
11.662  0.000316454
11.6816  0.000304947
11.7012  0.000293275
11.7208  0.000281464
11.7404  0.000269547
11.76  0.000257554
11.7796  0.000245513
11.7992  0.000233468
11.8188  0.000221441
11.8384  0.000209466
11.858  0.000197573
11.8776  0.00018579
11.8972  0.000174158
11.9168  0.0001627
11.9364  0.000151442
11.956  0.000140416
11.9756  0.000129647
11.9952  0.00011917
12.0148  0.000109005
12.0344  9.9176e-05
12.054  8.97097e-05
12.0736  8.0628e-05
12.0932  7.19515e-05
12.1128  6.3704e-05
12.1324  5.59033e-05
12.152  4.85638e-05
12.1716  4.17062e-05
12.1912  3.53471e-05
12.2108  2.9497e-05
12.2304  2.41698e-05
12.25  1.93768e-05
12.2696  1.5126e-05
12.2892  1.14266e-05
12.3088  8.28308e-06
12.3284  5.70092e-06
12.348  3.68478e-06
12.3676  2.23536e-06
12.3872  1.35226e-06
12.4068  1.03422e-06
12.4264  1.27852e-06
12.446  2.08015e-06
12.4656  3.43419e-06
12.4852  5.33135e-06
12.5048  7.765e-06
12.5244  1.07226e-05
12.544  1.41943e-05
12.5636  1.81648e-05
12.5832  2.26214e-05
12.6028  2.75473e-05
12.6224  3.29262e-05
12.642  3.87401e-05
12.6616  4.497e-05
12.6812  5.15967e-05
12.7008  5.85978e-05
12.7204  6.59501e-05
12.74  7.36318e-05
12.7596  8.16196e-05
12.7792  8.98907e-05
12.7988  9.8416e-05
12.8184  0.000107174
12.838  0.000116134
12.8576  0.000125273
12.8772  0.000134566
12.8968  0.000143979
12.9164  0.00015349
12.936  0.000163072
12.9556  0.000172693
12.9752  0.00018233
12.9948  0.00019195
13.0144  0.000201536
13.034  0.000211049
13.0536  0.000220474
13.0732  0.000229776
13.0928  0.000238933
13.1124  0.000247917
13.132  0.000256706
13.1516  0.00026528
13.1712  0.000273607
13.1908  0.000281671
13.2104  0.000289448
13.23  0.00029692
13.2496  0.000304066
13.2692  0.000310867
13.2888  0.000317307
13.3084  0.000323371
13.328  0.000329035
13.3476  0.000334299
13.3672  0.000339144
13.3868  0.000343552
13.4064  0.000347525
13.426  0.000351044
13.4456  0.000354108
13.4652  0.00035671
13.4848  0.00035884
13.5044  0.000360499
13.524  0.000361682
13.5436  0.000362397
13.5632  0.000362638
13.5828  0.000362406
13.6024  0.00036171
13.622  0.000360549
13.6416  0.000358936
13.6612  0.000356867
13.6808  0.000354363
13.7004  0.000351429
13.72  0.000348074
13.7396  0.000344323
13.7592  0.000340173
13.7788  0.000335646
13.7984  0.000330761
13.818  0.000325533
13.8376  0.000319981
13.8572  0.000314118
13.8768  0.000307967
13.8964  0.000301554
13.916  0.000294897
13.9356  0.00028802
13.9552  0.000280939
13.9748  0.000273683
13.9944  0.000266276
14.014  0.000258738
14.0336  0.000251102
14.0532  0.000243388
14.0728  0.00023562
14.0924  0.000227825
14.112  0.000220033
14.1316  0.00021227
14.1512  0.000204551
14.1708  0.000196912
14.1904  0.000189376
14.21  0.000181966
14.2296  0.000174711
14.2492  0.000167633
14.2688  0.000160761
14.2884  0.000154117
14.308  0.000147718
14.3276  0.000141592
14.3472  0.000135765
14.3668  0.000130253
14.3864  0.00012508
14.406  0.000120262
14.4256  0.000115824
14.4452  0.000111777
14.4648  0.000108148
14.4844  0.000104945
14.504  0.000102187
14.5236  9.98855e-05
14.5432  9.80561e-05
14.5628  9.67104e-05
14.5824  9.58556e-05
14.602  9.55074e-05
14.6216  9.56711e-05
14.6412  9.63537e-05
14.6608  9.75629e-05
14.6804  9.93006e-05
14.7  0.000101572
14.7196  0.000104381
14.7392  0.000107725
14.7588  0.000111606
14.7784  0.000116019
14.798  0.000120967
14.8176  0.000126444
14.8372  0.000132442
14.8568  0.000138958
14.8764  0.000145979
14.896  0.000153501
14.9156  0.00016151
14.9352  0.00017
14.9548  0.000178955
14.9744  0.000188366
14.994  0.00019821
15.0136  0.000208481
15.0332  0.000219156
15.0528  0.00023022
15.0724  0.000241655
15.092  0.000253453
15.1116  0.000265574
15.1312  0.000278008
15.1508  0.000290732
15.1704  0.000303733
15.19  0.000316979
15.2096  0.000330453
15.2292  0.000344131
15.2488  0.000357984
15.2684  0.000371992
15.288  0.000386133
15.3076  0.000400377
15.3272  0.000414706
15.3468  0.000429101
15.3664  0.00044352
15.386  0.000457952
15.4056  0.000472371
15.4252  0.000486744
15.4448  0.000501058
15.4644  0.000515286
15.484  0.000529403
15.5036  0.000543381
15.5232  0.000557203
15.5428  0.000570853
15.5624  0.000584294
15.582  0.000597515
15.6016  0.000610488
15.6212  0.000623208
15.6408  0.000635642
15.6604  0.000647773
15.68  0.000659585
15.6996  0.00067106
15.7192  0.000682184
15.7388  0.000692944
15.7584  0.000703323
15.778  0.000713298
15.7976  0.000722871
15.8172  0.000732022
15.8368  0.000740751
15.8564  0.000749033
15.876  0.000756863
15.8956  0.000764243
15.9152  0.00077116
15.9348  0.00077761
15.9544  0.00078358
15.974  0.000789082
15.9936  0.000794104
16.0132  0.00079864
16.0328  0.000802711
16.0524  0.000806292
16.072  0.00080939
16.0916  0.00081202
16.1112  0.000814176
16.1308  0.000815865
16.1504  0.000817101
16.17  0.00081788
16.1896  0.000818205
16.2092  0.000818101
16.2288  0.000817552
16.2484  0.00081659
16.268  0.000815215
16.2876  0.000813459
16.3072  0.0008113
16.3268  0.000808771
16.3464  0.00080588
16.366  0.000802649
16.3856  0.000799079
16.4052  0.000795202
16.4248  0.000791021
16.4444  0.000786551
16.464  0.000781807
16.4836  0.000776818
16.5032  0.000771589
16.5228  0.000766147
16.5424  0.000760494
16.562  0.000754668
16.5816  0.00074867
16.6012  0.000742515
16.6208  0.000736244
16.6404  0.000729852
16.66  0.000723364
16.6796  0.000716797
16.6992  0.000710169
16.7188  0.000703504
16.7384  0.000696798
16.758  0.000690089
16.7776  0.00068339
16.7972  0.000676703
16.8168  0.000670063
16.8364  0.00066347
16.856  0.000656951
16.8756  0.000650506
16.8952  0.000644162
16.9148  0.000637932
16.9344  0.000631827
16.954  0.000625849
16.9736  0.000620026
16.9932  0.000614354
17.0128  0.000608856
17.0324  0.000603534
17.052  0.000598415
17.0716  0.000593482
17.0912  0.000588756
17.1108  0.000584239
17.1304  0.000579959
17.15  0.000575895
17.1696  0.000572071
17.1892  0.000568489
17.2088  0.000565144
17.2284  0.000562045
17.248  0.0005592
17.2676  0.000556602
17.2872  0.000554265
17.3068  0.000552194
17.3264  0.000550369
17.346  0.000548805
17.3656  0.000547501
17.3852  0.00054645
17.4048  0.000545661
17.4244  0.000545125
17.444  0.000544844
17.4636  0.000544807
17.4832  0.000545024
17.5028  0.00054549
17.5224  0.000546191
17.542  0.000547133
17.5616  0.000548304
17.5812  0.000549708
17.6008  0.000551341
17.6204  0.000553188
17.64  0.00055525
17.6596  0.000557529
17.6792  0.000560005
17.6988  0.000562688
17.7184  0.00056557
17.738  0.000568636
17.7576  0.000571889
17.7772  0.000575318
17.7968  0.00057893
17.8164  0.000582707
17.836  0.000586655
17.8556  0.000590759
17.8752  0.000595023
17.8948  0.000599437
17.9144  0.000604001
17.934  0.000608713
17.9536  0.000613563
17.9732  0.000618555
17.9928  0.000623686
18.0124  0.000628949
18.032  0.000634341
18.0516  0.000639873
18.0712  0.000645524
18.0908  0.000651305
18.1104  0.000657222
18.13  0.000663267
18.1496  0.000669435
18.1692  0.000675744
18.1888  0.000682169
18.2084  0.000688729
18.228  0.000695431
18.2476  0.000702275
18.2672  0.000709246
18.2868  0.000716375
18.3064  0.00072364
18.326  0.000731077
18.3456  0.000738653
18.3652  0.000746402
18.3848  0.000754316
18.4044  0.000762402
18.424  0.000770667
18.4436  0.000779126
18.4632  0.000787777
18.4828  0.000796624
18.5024  0.000805672
18.522  0.000814943
18.5416  0.000824437
18.5612  0.000834154
18.5808  0.000844123
18.6004  0.000854331
18.62  0.000864792
18.6396  0.00087552
18.6592  0.000886519
18.6788  0.000897803
18.6984  0.000909359
18.718  0.000921223
18.7376  0.000933394
18.7572  0.000945863
18.7768  0.000958664
18.7964  0.000971789
18.816  0.000985253
18.8356  0.00099905
18.8552  0.0010132
18.8748  0.00102771
18.8944  0.00104258
18.914  0.00105781
18.9336  0.00107342
18.9532  0.00108939
18.9728  0.00110576
18.9924  0.0011225
19.012  0.00113964
19.0316  0.00115717
19.0512  0.00117508
19.0708  0.00119338
19.0904  0.0012121
19.11  0.00123119
19.1296  0.00125068
19.1492  0.00127057
19.1688  0.00129084
19.1884  0.00131149
19.208  0.00133254
19.2276  0.00135396
19.2472  0.00137576
19.2668  0.00139793
19.2864  0.00142045
19.306  0.00144333
19.3256  0.00146655
19.3452  0.0014901
19.3648  0.00151398
19.3844  0.00153818
19.404  0.00156267
19.4236  0.00158746
19.4432  0.00161252
19.4628  0.00163785
19.4824  0.00166342
19.502  0.00168922
19.5216  0.00171523
19.5412  0.00174145
19.5608  0.00176785
19.5804  0.00179439
19.6  0.00182109
19.6196  0.0018479
19.6392  0.00187481
19.6588  0.00190182
19.6784  0.00192887
19.698  0.00195596
19.7176  0.00198306
19.7372  0.00201014
19.7568  0.0020372
19.7764  0.00206419
19.796  0.00209111
19.8156  0.00211791
19.8352  0.00214458
19.8548  0.00217108
19.8744  0.00219741
19.894  0.00222353
19.9136  0.0022494
19.9332  0.00227501
19.9528  0.00230035
19.9724  0.00232536
19.992  0.00235002
20.0116  0.00237433
20.0312  0.00239823
20.0508  0.00242172
20.0704  0.00244478
20.09  0.00246735
20.1096  0.00248942
20.1292  0.00251101
20.1488  0.00253202
20.1684  0.00255245
20.188  0.00257232
20.2076  0.00259159
20.2272  0.00261019
20.2468  0.00262816
20.2664  0.00264543
20.286  0.00266203
20.3056  0.00267789
20.3252  0.00269302
20.3448  0.0027074
20.3644  0.002721
20.384  0.00273381
20.4036  0.00274583
20.4232  0.00275703
20.4428  0.00276739
20.4624  0.0027769
20.482  0.00278556
20.5016  0.00279335
20.5212  0.00280025
20.5408  0.00280628
20.5604  0.00281141
20.58  0.00281564
20.5996  0.00281896
20.6192  0.00282137
20.6388  0.00282287
20.6584  0.00282342
20.678  0.00282308
20.6976  0.0028218
20.7172  0.0028196
20.7368  0.00281648
20.7564  0.00281246
20.776  0.00280752
20.7956  0.00280167
20.8152  0.00279491
20.8348  0.00278726
20.8544  0.00277872
20.874  0.0027693
20.8936  0.00275902
20.9132  0.00274786
20.9328  0.00273588
20.9524  0.00272304
20.972  0.0027094
20.9916  0.00269495
21.0112  0.00267967
21.0308  0.00266365
21.0504  0.00264688
21.07  0.00262935
21.0896  0.0026111
21.1092  0.00259215
21.1288  0.00257252
21.1484  0.0025522
21.168  0.00253127
21.1876  0.00250969
21.2072  0.00248752
21.2268  0.00246478
21.2464  0.00244148
21.266  0.00241764
21.2856  0.00239329
21.3052  0.00236846
21.3248  0.00234316
21.3444  0.00231744
21.364  0.00229129
21.3836  0.00226477
21.4032  0.00223787
21.4228  0.00221064
21.4424  0.0021831
21.462  0.00215527
21.4816  0.00212717
21.5012  0.00209883
21.5208  0.00207029
21.5404  0.00204155
21.56  0.00201265
21.5796  0.00198361
21.5992  0.00195445
21.6188  0.00192521
21.6384  0.00189589
21.658  0.00186652
21.6776  0.00183714
21.6972  0.00180775
21.7168  0.00177838
21.7364  0.00174906
21.756  0.0017198
21.7756  0.00169062
21.7952  0.00166155
21.8148  0.0016326
21.8344  0.0016038
21.854  0.00157515
21.8736  0.00154668
21.8932  0.00151841
21.9128  0.00149036
21.9324  0.00146254
21.952  0.00143495
21.9716  0.00140763
21.9912  0.00138056
22.0108  0.0013538
22.0304  0.00132734
22.05  0.00130117
22.0696  0.00127533
22.0892  0.00124983
22.1088  0.00122467
22.1284  0.00119984
22.148  0.00117539
22.1676  0.00115131
22.1872  0.00112759
22.2068  0.00110427
22.2264  0.00108132
22.246  0.00105878
22.2656  0.00103663
22.2852  0.00101487
22.3048  0.000993528
22.3244  0.000972592
22.344  0.000952062
22.3636  0.00093195
22.3832  0.000912248
22.4028  0.000892952
22.4224  0.000874073
22.442  0.000855602
22.4616  0.00083755
22.4812  0.000819899
22.5008  0.000802666
22.5204  0.000785834
22.54  0.000769406
22.5596  0.000753377
22.5792  0.000737743
22.5988  0.000722506
22.6184  0.000707646
22.638  0.000693177
22.6576  0.00067908
22.6772  0.000665359
22.6968  0.000652003
22.7164  0.000639014
22.736  0.000626382
22.7556  0.000614096
22.7752  0.000602153
22.7948  0.000590547
22.8144  0.000579266
22.834  0.000568312
22.8536  0.000557678
22.8732  0.00054735
22.8928  0.000537325
22.9124  0.000527589
22.932  0.000518151
22.9516  0.000508991
22.9712  0.000500095
22.9908  0.000491475
23.0104  0.000483115
23.03  0.000475001
23.0496  0.000467129
23.0692  0.000459503
23.0888  0.000452105
23.1084  0.000444924
23.128  0.000437967
23.1476  0.000431209
23.1672  0.000424664
23.1868  0.000418315
23.2064  0.000412151
23.226  0.00040617
23.2456  0.000400368
23.2652  0.000394736
23.2848  0.000389266
23.3044  0.000383959
23.324  0.000378802
23.3436  0.000373795
23.3632  0.000368925
23.3828  0.000364195
23.4024  0.000359593
23.422  0.000355119
23.4416  0.000350764
23.4612  0.000346525
23.4808  0.000342401
23.5004  0.000338385
23.52  0.00033447
23.5396  0.000330653
23.5592  0.000326928
23.5788  0.0003233
23.5984  0.000319749
23.618  0.000316286
23.6376  0.0003129
23.6572  0.000309595
23.6768  0.000306361
23.6964  0.000303192
23.716  0.000300094
23.7356  0.000297057
23.7552  0.000294082
23.7748  0.00029116
23.7944  0.0002883
23.814  0.000285486
23.8336  0.000282721
23.8532  0.000280009
23.8728  0.000277341
23.8924  0.000274714
23.912  0.000272123
23.9316  0.000269577
23.9512  0.000267061
23.9708  0.000264587
23.9904  0.000262144
24.01  0.000259728
24.0296  0.000257342
24.0492  0.000254988
24.0688  0.000252656
24.0884  0.00025035
24.108  0.000248064
24.1276  0.000245804
24.1472  0.000243559
24.1668  0.000241339
24.1864  0.000239136
24.206  0.00023695
24.2256  0.000234779
24.2452  0.000232623
24.2648  0.000230481
24.2844  0.000228356
24.304  0.000226242
24.3236  0.000224145
24.3432  0.000222058
24.3628  0.00021998
24.3824  0.000217921
24.402  0.000215867
24.4216  0.000213829
24.4412  0.000211803
24.4608  0.000209793
24.4804  0.000207794
24.5  0.00020581
24.5196  0.000203841
24.5392  0.000201887
24.5588  0.000199957
24.5784  0.000198038
24.598  0.000196142
24.6176  0.000194266
24.6372  0.000192416
24.6568  0.00019059
24.6764  0.000188794
24.696  0.000187034
24.7156  0.000185302
24.7352  0.000183606
24.7548  0.000181953
24.7744  0.000180338
24.794  0.000178771
24.8136  0.000177259
24.8332  0.000175799
24.8528  0.000174398
24.8724  0.000173056
24.892  0.000171791
24.9116  0.000170594
24.9312  0.000169475
24.9508  0.000168444
24.9704  0.000167499
24.99  0.000166651
25.0096  0.000165904
25.0292  0.000165269
25.0488  0.000164745
25.0684  0.000164345
25.088  0.000164075
25.1076  0.000163936
25.1272  0.000163949
25.1468  0.000164112
25.1664  0.000164431
25.186  0.00016492
25.2056  0.000165589
25.2252  0.000166437
25.2448  0.00016748
25.2644  0.000168727
25.284  0.000170185
25.3036  0.000171862
25.3232  0.00017377
25.3428  0.000175916
25.3624  0.000178307
25.382  0.000180958
25.4016  0.000183877
25.4212  0.000187074
25.4408  0.000190552
25.4604  0.000194332
25.48  0.000198415
25.4996  0.000202812
25.5192  0.000207528
25.5388  0.000212588
25.5584  0.000217983
25.578  0.000223732
25.5976  0.000229842
25.6172  0.000236329
25.6368  0.000243191
25.6564  0.000250438
25.676  0.000258085
25.6956  0.000266133
25.7152  0.000274598
25.7348  0.00028348
25.7544  0.000292797
25.774  0.000302538
25.7936  0.000312724
25.8132  0.000323363
25.8328  0.000334456
25.8524  0.000346004
25.872  0.000358024
25.8916  0.000370511
25.9112  0.000383471
25.9308  0.000396923
25.9504  0.000410845
25.97  0.000425256
25.9896  0.000440158
26.0092  0.000455555
26.0288  0.000471437
26.0484  0.000487818
26.068  0.000504693
26.0876  0.000522055
26.1072  0.000539923
26.1268  0.00055828
26.1464  0.000577133
26.166  0.000596466
26.1856  0.000616292
26.2052  0.000636602
26.2248  0.000657382
26.2444  0.000678643
26.264  0.000700371
26.2836  0.000722556
26.3032  0.000745205
26.3228  0.000768304
26.3424  0.000791841
26.362  0.000815809
26.3816  0.000840205
26.4012  0.000865014
26.4208  0.000890215
26.4404  0.000915825
26.46  0.000941811
26.4796  0.000968166
26.4992  0.000994875
26.5188  0.00102194
26.5384  0.00104932
26.558  0.00107702
26.5776  0.00110503
26.5972  0.00113331
26.6168  0.00116187
26.6364  0.00119068
26.656  0.00121973
26.6756  0.001249
26.6952  0.00127847
26.7148  0.00130814
26.7344  0.00133796
26.754  0.00136793
26.7736  0.00139803
26.7932  0.00142823
26.8128  0.00145853
26.8324  0.0014889
26.852  0.00151932
26.8716  0.00154978
26.8912  0.00158024
26.9108  0.00161069
26.9304  0.0016411
26.95  0.00167147
26.9696  0.00170177
26.9892  0.00173198
27.0088  0.00176204
27.0284  0.001792
27.048  0.0018218
27.0676  0.00185142
27.0872  0.00188085
27.1068  0.00191005
27.1264  0.00193902
27.146  0.00196774
27.1656  0.00199619
27.1852  0.00202431
27.2048  0.00205214
27.2244  0.00207962
27.244  0.00210676
27.2636  0.00213352
27.2832  0.0021599
27.3028  0.00218586
27.3224  0.00221139
27.342  0.00223649
27.3616  0.00226114
27.3812  0.00228532
27.4008  0.00230899
27.4204  0.00233219
27.44  0.00235485
27.4596  0.00237698
27.4792  0.00239856
27.4988  0.0024196
27.5184  0.00244007
27.538  0.00245995
27.5576  0.00247926
27.5772  0.00249797
27.5968  0.00251606
27.6164  0.00253353
27.636  0.00255039
27.6556  0.00256661
27.6752  0.00258219
27.6948  0.00259713
27.7144  0.00261143
27.734  0.00262506
27.7536  0.00263804
27.7732  0.00265036
27.7928  0.00266202
27.8124  0.00267301
27.832  0.00268335
27.8516  0.00269301
27.8712  0.002702
27.8908  0.00271036
27.9104  0.00271802
27.93  0.00272503
27.9496  0.00273139
27.9692  0.00273711
27.9888  0.00274216
28.0084  0.00274656
28.028  0.00275035
28.0476  0.00275347
28.0672  0.002756
28.0868  0.00275789
28.1064  0.00275919
28.126  0.00275987
28.1456  0.00275996
28.1652  0.00275947
28.1848  0.0027584
28.2044  0.00275676
28.224  0.00275457
28.2436  0.00275183
28.2632  0.00274857
28.2828  0.00274479
28.3024  0.00274049
28.322  0.00273569
28.3416  0.00273042
28.3612  0.00272467
28.3808  0.00271844
28.4004  0.0027118
28.42  0.00270472
28.4396  0.0026972
28.4592  0.00268928
28.4788  0.00268099
28.4984  0.00267231
28.518  0.00266325
28.5376  0.00265387
28.5572  0.00264414
28.5768  0.00263408
28.5964  0.00262372
28.616  0.00261306
28.6356  0.00260213
28.6552  0.00259093
28.6748  0.00257948
28.6944  0.00256779
28.714  0.00255587
28.7336  0.00254375
28.7532  0.00253142
28.7728  0.00251891
28.7924  0.00250623
28.812  0.0024934
28.8316  0.00248041
28.8512  0.0024673
28.8708  0.00245406
28.8904  0.00244069
28.91  0.00242724
28.9296  0.00241371
28.9492  0.0024001
28.9688  0.00238641
28.9884  0.00237267
29.008  0.0023589
29.0276  0.00234508
29.0472  0.00233123
29.0668  0.00231737
29.0864  0.00230351
29.106  0.00228965
29.1256  0.0022758
29.1452  0.00226195
29.1648  0.00224813
29.1844  0.00223435
29.204  0.0022206
29.2236  0.0022069
29.2432  0.00219325
29.2628  0.00217965
29.2824  0.00216612
29.302  0.00215265
29.3216  0.00213927
29.3412  0.00212595
29.3608  0.00211272
29.3804  0.00209959
29.4  0.00208653
