-29.4  0.00491031
-29.3804  0.00490362
-29.3608  0.00489619
-29.3412  0.00488799
-29.3216  0.00487906
-29.302  0.00486938
-29.2824  0.00485895
-29.2628  0.0048478
-29.2432  0.00483593
-29.2236  0.00482333
-29.204  0.00481001
-29.1844  0.00479597
-29.1648  0.00478122
-29.1452  0.00476577
-29.1256  0.00474962
-29.106  0.00473279
-29.0864  0.00471525
-29.0668  0.00469704
-29.0472  0.00467816
-29.0276  0.0046586
-29.008  0.00463836
-28.9884  0.00461748
-28.9688  0.00459595
-28.9492  0.00457376
-28.9296  0.00455095
-28.91  0.0045275
-28.8904  0.00450343
-28.8708  0.00447872
-28.8512  0.00445342
-28.8316  0.00442753
-28.812  0.00440101
-28.7924  0.00437394
-28.7728  0.00434625
-28.7532  0.00431801
-28.7336  0.0042892
-28.714  0.00425985
-28.6944  0.00422992
-28.6748  0.00419946
-28.6552  0.00416847
-28.6356  0.00413698
-28.616  0.00410495
-28.5964  0.00407243
-28.5768  0.00403942
-28.5572  0.00400589
-28.5376  0.00397191
-28.518  0.00393746
-28.4984  0.00390254
-28.4788  0.00386719
-28.4592  0.00383141
-28.4396  0.00379518
-28.42  0.00375854
-28.4004  0.00372151
-28.3808  0.00368407
-28.3612  0.00364626
-28.3416  0.00360808
-28.322  0.00356954
-28.3024  0.00353063
-28.2828  0.0034914
-28.2632  0.00345184
-28.2436  0.00341199
-28.224  0.00337185
-28.2044  0.00333139
-28.1848  0.00329068
-28.1652  0.0032497
-28.1456  0.00320847
-28.126  0.00316701
-28.1064  0.00312535
-28.0868  0.00308347
-28.0672  0.00304142
-28.0476  0.00299917
-28.028  0.00295676
-28.0084  0.0029142
-27.9888  0.00287153
-27.9692  0.00282873
-27.9496  0.00278583
-27.93  0.00274285
-27.9104  0.00269979
-27.8908  0.00265667
-27.8712  0.00261354
-27.8516  0.00257036
-27.832  0.00252718
-27.8124  0.002484
-27.7928  0.00244085
-27.7732  0.00239776
-27.7536  0.00235471
-27.734  0.00231173
-27.7144  0.00226884
-27.6948  0.00222608
-27.6752  0.00218342
-27.6556  0.00214091
-27.636  0.00209855
-27.6164  0.00205636
-27.5968  0.00201436
-27.5772  0.00197257
-27.5576  0.001931
-27.538  0.00188966
-27.5184  0.00184858
-27.4988  0.00180776
-27.4792  0.00176724
-27.4596  0.00172699
-27.44  0.00168708
-27.4204  0.0016475
-27.4008  0.00160827
-27.3812  0.00156939
-27.3616  0.00153089
-27.342  0.00149278
-27.3224  0.00145506
-27.3028  0.00141776
-27.2832  0.0013809
-27.2636  0.00134448
-27.244  0.00130852
-27.2244  0.00127303
-27.2048  0.00123801
-27.1852  0.00120349
-27.1656  0.00116947
-27.146  0.00113598
-27.1264  0.001103
-27.1068  0.00107056
-27.0872  0.00103867
-27.0676  0.00100733
-27.048  0.000976541
-27.0284  0.000946338
-27.0088  0.000916711
-26.9892  0.000887664
-26.9696  0.000859221
-26.95  0.000831373
-26.9304  0.00080413
-26.9108  0.000777492
-26.8912  0.000751478
-26.8716  0.000726084
-26.852  0.000701303
-26.8324  0.000677164
-26.8128  0.000653634
-26.7932  0.000630747
-26.7736  0.000608484
-26.754  0.000586864
-26.7344  0.000565866
-26.7148  0.000545503
-26.6952  0.000525778
-26.6756  0.000506682
-26.656  0.00048821
-26.6364  0.000470375
-26.6168  0.000453155
-26.5972  0.000436552
-26.5776  0.000420568
-26.558  0.000405196
-26.5384  0.000390429
-26.5188  0.000376263
-26.4992  0.0003627
-26.4796  0.000349715
-26.46  0.000337315
-26.4404  0.000325488
-26.4208  0.00031423
-26.4012  0.000303526
-26.3816  0.000293373
-26.362  0.000283762
-26.3424  0.000274677
-26.3228  0.000266118
-26.3032  0.000258069
-26.2836  0.000250521
-26.264  0.00024346
-26.2444  0.000236879
-26.2248  0.000230766
-26.2052  0.000225104
-26.1856  0.000219891
-26.166  0.000215109
-26.1464  0.000210743
-26.1268  0.000206789
-26.1072  0.000203227
-26.0876  0.000200047
-26.068  0.00019723
-26.0484  0.000194772
-26.0288  0.000192658
-26.0092  0.000190869
-25.9896  0.000189402
-25.97  0.000188235
-25.9504  0.000187357
-25.9308  0.000186753
-25.9112  0.000186419
-25.8916  0.000186329
-25.872  0.000186477
-25.8524  0.000186853
-25.8328  0.000187434
-25.8132  0.000188217
-25.7936  0.000189187
-25.774  0.000190328
-25.7544  0.000191628
-25.7348  0.000193083
-25.7152  0.000194672
-25.6956  0.000196387
-25.676  0.000198215
-25.6564  0.000200148
-25.6368  0.000202173
-25.6172  0.000204279
-25.5976  0.000206459
-25.578  0.000208699
-25.5584  0.00021099
-25.5388  0.000213324
-25.5192  0.000215692
-25.4996  0.000218081
-25.48  0.000220488
-25.4604  0.000222904
-25.4408  0.000225324
-25.4212  0.000227729
-25.4016  0.000230129
-25.382  0.000232506
-25.3624  0.000234857
-25.3428  0.00023717
-25.3232  0.000239448
-25.3036  0.000241687
-25.284  0.000243874
-25.2644  0.00024601
-25.2448  0.000248089
-25.2252  0.000250112
-25.2056  0.000252065
-25.186  0.00025396
-25.1664  0.000255784
-25.1468  0.000257536
-25.1272  0.000259213
-25.1076  0.000260819
-25.088  0.000262355
-25.0684  0.000263808
-25.0488  0.000265189
-25.0292  0.000266485
-25.0096  0.000267708
-24.99  0.000268857
-24.9704  0.000269928
-24.9508  0.000270921
-24.9312  0.000271842
-24.9116  0.000272688
-24.892  0.000273467
-24.8724  0.00027417
-24.8528  0.000274813
-24.8332  0.000275384
-24.8136  0.000275891
-24.794  0.000276338
-24.7744  0.000276729
-24.7548  0.000277065
-24.7352  0.000277346
-24.7156  0.000277577
-24.696  0.000277763
-24.6764  0.000277899
-24.6568  0.000277999
-24.6372  0.000278066
-24.6176  0.000278094
-24.598  0.000278098
-24.5784  0.00027807
-24.5588  0.000278021
-24.5392  0.000277946
-24.5196  0.00027786
-24.5  0.000277759
-24.4804  0.000277649
-24.4608  0.000277533
-24.4412  0.000277408
-24.4216  0.000277289
-24.402  0.00027717
-24.3824  0.000277062
-24.3628  0.000276956
-24.3432  0.000276868
-24.3236  0.000276791
-24.304  0.000276727
-24.2844  0.000276688
-24.2648  0.000276669
-24.2452  0.000276675
-24.2256  0.000276711
-24.206  0.000276773
-24.1864  0.000276863
-24.1668  0.000276986
-24.1472  0.000277141
-24.1276  0.000277338
-24.108  0.000277564
-24.0884  0.000277832
-24.0688  0.000278138
-24.0492  0.000278483
-24.0296  0.000278865
-24.01  0.000279293
-23.9904  0.000279762
-23.9708  0.000280269
-23.9512  0.000280816
-23.9316  0.000281412
-23.912  0.000282044
-23.8924  0.000282725
-23.8728  0.000283441
-23.8532  0.000284196
-23.8336  0.000284993
-23.814  0.000285832
-23.7944  0.000286711
-23.7748  0.000287623
-23.7552  0.000288577
-23.7356  0.000289564
-23.716  0.000290588
-23.6964  0.000291644
-23.6768  0.000292738
-23.6572  0.00029386
-23.6376  0.00029501
-23.618  0.000296195
-23.5984  0.000297406
-23.5788  0.000298649
-23.5592  0.000299909
-23.5396  0.000301199
-23.52  0.000302511
-23.5004  0.000303844
-23.4808  0.000305197
-23.4612  0.000306571
-23.4416  0.000307966
-23.422  0.000309379
-23.4024  0.000310807
-23.3828  0.000312254
-23.3632  0.000313713
-23.3436  0.000315189
-23.324  0.000316676
-23.3044  0.00031818
-23.2848  0.000319694
-23.2652  0.000321225
-23.2456  0.000322767
-23.226  0.000324322
-23.2064  0.000325891
-23.1868  0.000327475
-23.1672  0.000329069
-23.1476  0.000330676
-23.128  0.000332308
-23.1084  0.000333948
-23.0888  0.000335611
-23.0692  0.000337288
-23.0496  0.000338983
-23.03  0.000340707
-23.0104  0.000342452
-22.9908  0.000344218
-22.9712  0.00034601
-22.9516  0.000347842
-22.932  0.000349697
-22.9124  0.000351584
-22.8928  0.000353517
-22.8732  0.000355485
-22.8536  0.000357496
-22.834  0.000359551
-22.8144  0.000361658
-22.7948  0.000363822
-22.7752  0.000366037
-22.7556  0.000368314
-22.736  0.000370655
-22.7164  0.000373061
-22.6968  0.000375542
-22.6772  0.000378102
-22.6576  0.000380743
-22.638  0.00038347
-22.6184  0.000386283
-22.5988  0.000389198
-22.5792  0.000392204
-22.5596  0.000395317
-22.54  0.00039854
-22.5204  0.000401877
-22.5008  0.000405334
-22.4812  0.000408913
-22.4616  0.000412626
-22.442  0.00041647
-22.4224  0.000420457
-22.4028  0.000424586
-22.3832  0.000428867
-22.3636  0.0004333
-22.344  0.00043789
-22.3244  0.00044265
-22.3048  0.000447578
-22.2852  0.000452682
-22.2656  0.000457969
-22.246  0.000463438
-22.2264  0.000469094
-22.2068  0.000474949
-22.1872  0.000480999
-22.1676  0.00048726
-22.148  0.000493719
-22.1284  0.000500392
-22.1088  0.000507293
-22.0892  0.000514403
-22.0696  0.000521733
-22.05  0.000529301
-22.0304  0.000537101
-22.0108  0.000545127
-21.9912  0.000553394
-21.9716  0.00056191
-21.952  0.00057066
-21.9324  0.000579668
-21.9128  0.000588914
-21.8932  0.000598412
-21.8736  0.000608169
-21.854  0.000618182
-21.8344  0.00062845
-21.8148  0.000638975
-21.7952  0.000649764
-21.7756  0.00066081
-21.756  0.000672122
-21.7364  0.00068369
-21.7168  0.000695525
-21.6972  0.000707619
-21.6776  0.00071998
-21.658  0.000732597
-21.6384  0.000745479
-21.6188  0.000758622
-21.5992  0.000772015
-21.5796  0.00078567
-21.56  0.000799581
-21.5404  0.000813745
-21.5208  0.000828165
-21.5012  0.000842824
-21.4816  0.000857737
-21.462  0.000872888
-21.4424  0.000888283
-21.4228  0.000903908
-21.4032  0.000919766
-21.3836  0.000935857
-21.364  0.000952164
-21.3444  0.000968695
-21.3248  0.00098544
-21.3052  0.0010024
-21.2856  0.00101955
-21.266  0.00103691
-21.2464  0.00105446
-21.2268  0.00107219
-21.2072  0.0010901
-21.1876  0.00110819
-21.168  0.00112645
-21.1484  0.00114486
-21.1288  0.00116343
-21.1092  0.00118215
-21.0896  0.00120099
-21.07  0.00121997
-21.0504  0.00123908
-21.0308  0.00125828
-21.0112  0.00127761
-20.9916  0.00129704
-20.972  0.00131654
-20.9524  0.00133613
-20.9328  0.00135579
-20.9132  0.0013755
-20.8936  0.00139528
-20.874  0.00141507
-20.8544  0.00143492
-20.8348  0.00145478
-20.8152  0.00147466
-20.7956  0.00149453
-20.776  0.0015144
-20.7564  0.00153424
-20.7368  0.00155406
-20.7172  0.00157384
-20.6976  0.00159357
-20.678  0.00161323
-20.6584  0.00163282
-20.6388  0.00165233
-20.6192  0.00167175
-20.5996  0.00169105
-20.58  0.00171024
-20.5604  0.0017293
-20.5408  0.00174822
-20.5212  0.00176699
-20.5016  0.00178561
-20.482  0.00180405
-20.4624  0.0018223
-20.4428  0.00184036
-20.4232  0.00185822
-20.4036  0.00187585
-20.384  0.00189326
-20.3644  0.00191043
-20.3448  0.00192736
-20.3252  0.00194401
-20.3056  0.00196041
-20.286  0.00197651
-20.2664  0.00199234
-20.2468  0.00200785
-20.2272  0.00202306
-20.2076  0.00203795
-20.188  0.0020525
-20.1684  0.00206672
-20.1488  0.00208059
-20.1292  0.0020941
-20.1096  0.00210724
-20.09  0.00212003
-20.0704  0.00213243
-20.0508  0.00214443
-20.0312  0.00215603
-20.0116  0.00216724
-19.992  0.00217804
-19.9724  0.00218843
-19.9528  0.00219838
-19.9332  0.0022079
-19.9136  0.00221701
-19.894  0.00222567
-19.8744  0.0022339
-19.8548  0.00224169
-19.8352  0.00224902
-19.8156  0.00225591
-19.796  0.00226235
-19.7764  0.00226834
-19.7568  0.00227387
-19.7372  0.00227895
-19.7176  0.00228359
-19.698  0.00228776
-19.6784  0.00229149
-19.6588  0.00229478
-19.6392  0.00229761
-19.6196  0.0023
-19.6  0.00230196
-19.5804  0.00230348
-19.5608  0.00230459
-19.5412  0.00230526
-19.5216  0.00230552
-19.502  0.00230537
-19.4824  0.00230483
-19.4628  0.0023039
-19.4432  0.00230259
-19.4236  0.00230091
-19.404  0.00229886
-19.3844  0.00229648
-19.3648  0.00229376
-19.3452  0.00229072
-19.3256  0.00228737
-19.306  0.00228372
-19.2864  0.00227981
-19.2668  0.00227562
-19.2472  0.0022712
-19.2276  0.00226655
-19.208  0.00226168
-19.1884  0.00225662
-19.1688  0.0022514
-19.1492  0.00224603
-19.1296  0.00224051
-19.11  0.00223488
-19.0904  0.00222917
-19.0708  0.00222338
-19.0512  0.00221757
-19.0316  0.00221174
-19.012  0.00220589
-18.9924  0.00220007
-18.9728  0.00219432
-18.9532  0.00218862
-18.9336  0.00218304
-18.914  0.00217755
-18.8944  0.00217225
-18.8748  0.00216711
-18.8552  0.00216218
-18.8356  0.00215747
-18.816  0.00215303
-18.7964  0.00214885
-18.7768  0.00214499
-18.7572  0.00214147
-18.7376  0.00213831
-18.718  0.00213554
-18.6984  0.00213318
-18.6788  0.00213127
-18.6592  0.00212981
-18.6396  0.00212885
-18.62  0.00212841
-18.6004  0.0021285
-18.5808  0.00212917
-18.5612  0.00213041
-18.5416  0.0021323
-18.522  0.0021348
-18.5024  0.00213796
-18.4828  0.00214182
-18.4632  0.00214637
-18.4436  0.00215165
-18.424  0.00215766
-18.4044  0.00216444
-18.3848  0.002172
-18.3652  0.00218034
-18.3456  0.0021895
-18.326  0.00219949
-18.3064  0.00221032
-18.2868  0.002222
-18.2672  0.00223454
-18.2476  0.00224796
-18.228  0.00226224
-18.2084  0.00227743
-18.1888  0.00229352
-18.1692  0.00231052
-18.1496  0.00232839
-18.13  0.0023472
-18.1104  0.00236691
-18.0908  0.00238751
-18.0712  0.00240903
-18.0516  0.00243145
-18.032  0.00245475
-18.0124  0.00247897
-17.9928  0.00250404
-17.9732  0.00252997
-17.9536  0.00255678
-17.934  0.00258443
-17.9144  0.00261291
-17.8948  0.0026422
-17.8752  0.00267228
-17.8556  0.00270314
-17.836  0.00273475
-17.8164  0.0027671
-17.7968  0.00280014
-17.7772  0.00283386
-17.7576  0.00286823
-17.738  0.00290322
-17.7184  0.00293881
-17.6988  0.00297495
-17.6792  0.0030116
-17.6596  0.00304875
-17.64  0.00308635
-17.6204  0.00312435
-17.6008  0.00316274
-17.5812  0.00320144
-17.5616  0.00324043
-17.542  0.00327968
-17.5224  0.00331912
-17.5028  0.00335872
-17.4832  0.00339841
-17.4636  0.00343818
-17.444  0.00347795
-17.4244  0.00351768
-17.4048  0.00355733
-17.3852  0.00359683
-17.3656  0.00363615
-17.346  0.00367522
-17.3264  0.00371399
-17.3068  0.00375241
-17.2872  0.00379041
-17.2676  0.00382797
-17.248  0.00386503
-17.2284  0.0039015
-17.2088  0.00393736
-17.1892  0.00397255
-17.1696  0.004007
-17.15  0.00404066
-17.1304  0.00407351
-17.1108  0.00410544
-17.0912  0.00413646
-17.0716  0.00416648
-17.052  0.00419546
-17.0324  0.0042233
-17.0128  0.00425004
-16.9932  0.00427558
-16.9736  0.00429988
-16.954  0.00432287
-16.9344  0.00434455
-16.9148  0.00436483
-16.8952  0.0043837
-16.8756  0.00440111
-16.856  0.00441703
-16.8364  0.00443139
-16.8168  0.00444419
-16.7972  0.00445537
-16.7776  0.00446492
-16.758  0.00447277
-16.7384  0.00447892
-16.7188  0.00448337
-16.6992  0.00448602
-16.6796  0.00448691
-16.66  0.004486
-16.6404  0.00448327
-16.6208  0.0044787
-16.6012  0.00447227
-16.5816  0.00446402
-16.562  0.00445387
-16.5424  0.00444183
-16.5228  0.00442795
-16.5032  0.00441215
-16.4836  0.00439449
-16.464  0.00437494
-16.4444  0.00435353
-16.4248  0.00433024
-16.4052  0.0043051
-16.3856  0.00427811
-16.366  0.00424932
-16.3464  0.00421871
-16.3268  0.00418633
-16.3072  0.00415218
-16.2876  0.00411631
-16.268  0.0040787
-16.2484  0.00403945
-16.2288  0.00399855
-16.2092  0.00395607
-16.1896  0.00391198
-16.17  0.0038664
-16.1504  0.00381932
-16.1308  0.00377079
-16.1112  0.0037209
-16.0916  0.00366966
-16.072  0.00361713
-16.0524  0.00356338
-16.0328  0.00350844
-16.0132  0.00345236
-15.9936  0.00339524
-15.974  0.00333711
-15.9544  0.00327804
-15.9348  0.0032181
-15.9152  0.00315734
-15.8956  0.00309583
-15.876  0.00303364
-15.8564  0.00297085
-15.8368  0.00290752
-15.8172  0.0028437
-15.7976  0.00277951
-15.778  0.00271498
-15.7584  0.00265021
-15.7388  0.00258524
-15.7192  0.00252017
-15.6996  0.00245507
-15.68  0.00239001
-15.6604  0.00232507
-15.6408  0.00226032
-15.6212  0.00219582
-15.6016  0.00213166
-15.582  0.00206793
-15.5624  0.00200467
-15.5428  0.00194196
-15.5232  0.00187987
-15.5036  0.00181849
-15.484  0.00175788
-15.4644  0.0016981
-15.4448  0.00163922
-15.4252  0.00158131
-15.4056  0.00152445
-15.386  0.00146867
-15.3664  0.00141407
-15.3468  0.00136068
-15.3272  0.00130857
-15.3076  0.0012578
-15.288  0.00120843
-15.2684  0.00116051
-15.2488  0.00111408
-15.2292  0.0010692
-15.2096  0.00102592
-15.19  0.000984269
-15.1704  0.000944312
-15.1508  0.00090607
-15.1312  0.000869604
-15.1116  0.000834934
-15.092  0.000802089
-15.0724  0.000771094
-15.0528  0.000742004
-15.0332  0.000714826
-15.0136  0.000689588
-14.994  0.000666303
-14.9744  0.000645001
-14.9548  0.000625678
-14.9352  0.000608369
-14.9156  0.000593067
-14.896  0.000579792
-14.8764  0.000568531
-14.8568  0.000559298
-14.8372  0.000552085
-14.8176  0.000546887
-14.798  0.000543703
-14.7784  0.000542521
-14.7588  0.000543334
-14.7392  0.000546118
-14.7196  0.000550859
-14.7  0.000557536
-14.6804  0.000566132
-14.6608  0.000576617
-14.6412  0.000588964
-14.6216  0.00060314
-14.602  0.000619123
-14.5824  0.000636873
-14.5628  0.000656358
-14.5432  0.000677531
-14.5236  0.000700351
-14.504  0.000724786
-14.4844  0.000750776
-14.4648  0.000778293
-14.4452  0.000807273
-14.4256  0.000837687
-14.406  0.000869456
-14.3864  0.000902549
-14.3668  0.000936899
-14.3472  0.000972455
-14.3276  0.00100916
-14.308  0.00104696
-14.2884  0.00108579
-14.2688  0.00112558
-14.2492  0.00116628
-14.2296  0.00120784
-14.21  0.00125018
-14.1904  0.00129324
-14.1708  0.00133696
-14.1512  0.00138127
-14.1316  0.00142611
-14.112  0.0014714
-14.0924  0.00151709
-14.0728  0.00156313
-14.0532  0.00160943
-14.0336  0.00165593
-14.014  0.00170257
-13.9944  0.00174929
-13.9748  0.00179601
-13.9552  0.00184268
-13.9356  0.00188923
-13.916  0.0019356
-13.8964  0.00198172
-13.8768  0.00202755
-13.8572  0.00207302
-13.8376  0.00211807
-13.818  0.00216262
-13.7984  0.00220664
-13.7788  0.00225007
-13.7592  0.00229287
-13.7396  0.00233496
-13.72  0.00237628
-13.7004  0.00241681
-13.6808  0.0024565
-13.6612  0.00249529
-13.6416  0.00253314
-13.622  0.00256999
-13.6024  0.00260581
-13.5828  0.00264057
-13.5632  0.00267422
-13.5436  0.00270673
-13.524  0.00273805
-13.5044  0.00276817
-13.4848  0.00279706
-13.4652  0.00282467
-13.4456  0.00285097
-13.426  0.00287596
-13.4064  0.00289962
-13.3868  0.00292189
-13.3672  0.00294281
-13.3476  0.00296231
-13.328  0.0029804
-13.3084  0.00299709
-13.2888  0.00301233
-13.2692  0.00302615
-13.2496  0.00303852
-13.23  0.00304946
-13.2104  0.00305895
-13.1908  0.003067
-13.1712  0.00307361
-13.1516  0.00307879
-13.132  0.00308255
-13.1124  0.00308492
-13.0928  0.00308589
-13.0732  0.00308547
-13.0536  0.00308369
-13.034  0.00308057
-13.0144  0.00307615
-12.9948  0.00307042
-12.9752  0.00306344
-12.9556  0.00305522
-12.936  0.00304579
-12.9164  0.00303518
-12.8968  0.00302345
-12.8772  0.00301062
-12.8576  0.00299671
-12.838  0.0029818
-12.8184  0.00296592
-12.7988  0.00294908
-12.7792  0.00293138
-12.7596  0.00291282
-12.74  0.0028935
-12.7204  0.00287343
-12.7008  0.00285269
-12.6812  0.00283131
-12.6616  0.00280935
-12.642  0.0027869
-12.6224  0.002764
-12.6028  0.0027407
-12.5832  0.00271708
-12.5636  0.00269318
-12.544  0.00266908
-12.5244  0.00264484
-12.5048  0.00262054
-12.4852  0.00259624
-12.4656  0.002572
-12.446  0.0025479
-12.4264  0.002524
-12.4068  0.00250039
-12.3872  0.00247711
-12.3676  0.00245426
-12.348  0.00243192
-12.3284  0.00241013
-12.3088  0.00238897
-12.2892  0.00236852
-12.2696  0.00234888
-12.25  0.00233008
-12.2304  0.00231223
-12.2108  0.00229537
-12.1912  0.00227959
-12.1716  0.00226496
-12.152  0.00225156
-12.1324  0.00223944
-12.1128  0.00222869
-12.0932  0.00221939
-12.0736  0.00221159
-12.054  0.00220537
-12.0344  0.00220078
-12.0148  0.0021979
-11.9952  0.00219681
-11.9756  0.00219755
-11.956  0.00220019
-11.9364  0.00220478
-11.9168  0.0022114
-11.8972  0.0022201
-11.8776  0.00223093
-11.858  0.00224394
-11.8384  0.00225919
-11.8188  0.00227673
-11.7992  0.00229662
-11.7796  0.00231888
-11.76  0.00234356
-11.7404  0.00237069
-11.7208  0.00240034
-11.7012  0.00243252
-11.6816  0.00246726
-11.662  0.00250458
-11.6424  0.00254451
-11.6228  0.00258711
-11.6032  0.00263236
-11.5836  0.00268028
-11.564  0.00273089
-11.5444  0.00278417
-11.5248  0.00284019
-11.5052  0.0028989
-11.4856  0.0029603
-11.466  0.0030244
-11.4464  0.00309118
-11.4268  0.00316063
-11.4072  0.00323275
-11.3876  0.0033075
-11.368  0.00338484
-11.3484  0.00346475
-11.3288  0.00354724
-11.3092  0.00363222
-11.2896  0.00371967
-11.27  0.00380954
-11.2504  0.00390179
-11.2308  0.00399636
-11.2112  0.00409318
-11.1916  0.00419219
-11.172  0.00429337
-11.1524  0.0043966
-11.1328  0.00450182
-11.1132  0.00460896
-11.0936  0.00471794
-11.074  0.00482868
-11.0544  0.00494106
-11.0348  0.00505505
-11.0152  0.00517048
-10.9956  0.00528731
-10.976  0.00540541
-10.9564  0.00552471
-10.9368  0.00564507
-10.9172  0.00576639
-10.8976  0.00588856
-10.878  0.00601147
-10.8584  0.00613497
-10.8388  0.00625899
-10.8192  0.00638337
-10.7996  0.00650804
-10.78  0.00663282
-10.7604  0.00675761
-10.7408  0.00688225
-10.7212  0.00700668
-10.7016  0.00713071
-10.682  0.00725426
-10.6624  0.00737716
-10.6428  0.00749929
-10.6232  0.00762055
-10.6036  0.00774078
-10.584  0.00785986
-10.5644  0.00797768
-10.5448  0.0080941
-10.5252  0.00820903
-10.5056  0.00832227
-10.486  0.00843381
-10.4664  0.00854344
-10.4468  0.00865109
-10.4272  0.00875666
-10.4076  0.00886004
-10.388  0.0089611
-10.3684  0.00905975
-10.3488  0.00915594
-10.3292  0.00924953
-10.3096  0.00934044
-10.29  0.00942862
-10.2704  0.00951397
-10.2508  0.00959643
-10.2312  0.00967594
-10.2116  0.00975243
-10.192  0.00982589
-10.1724  0.00989625
-10.1528  0.00996344
-10.1332  0.0100275
-10.1136  0.0100883
-10.094  0.010146
-10.0744  0.0102005
-10.0548  0.0102518
-10.0352  0.0102998
-10.0156  0.0103448
-9.996  0.0103866
-9.9764  0.0104253
-9.9568  0.0104609
-9.9372  0.0104936
-9.9176  0.0105233
-9.898  0.0105502
-9.8784  0.0105744
-9.8588  0.0105958
-9.8392  0.0106148
-9.8196  0.0106312
-9.8  0.0106454
-9.7804  0.0106574
-9.7608  0.0106674
-9.7412  0.0106754
-9.7216  0.0106818
-9.702  0.0106867
-9.6824  0.0106902
-9.6628  0.0106925
-9.6432  0.0106939
-9.6236  0.0106946
-9.604  0.0106948
-9.5844  0.0106947
-9.5648  0.0106946
-9.5452  0.0106948
-9.5256  0.0106954
-9.506  0.0106968
-9.4864  0.0106992
-9.4668  0.010703
-9.4472  0.0107084
-9.4276  0.0107158
-9.408  0.0107254
-9.3884  0.0107376
-9.3688  0.0107526
-9.3492  0.010771
-9.3296  0.0107928
-9.31  0.0108186
-9.2904  0.0108487
-9.2708  0.0108834
-9.2512  0.010923
-9.2316  0.010968
-9.212  0.0110188
-9.1924  0.0110757
-9.1728  0.011139
-9.1532  0.0112091
-9.1336  0.0112865
-9.114  0.0113716
-9.0944  0.0114646
-9.0748  0.0115661
-9.0552  0.0116763
-9.0356  0.0117957
-9.016  0.0119246
-8.9964  0.0120635
-8.9768  0.0122127
-8.9572  0.0123727
-8.9376  0.0125437
-8.918  0.0127262
-8.8984  0.0129206
-8.8788  0.0131272
-8.8592  0.0133464
-8.8396  0.0135786
-8.82  0.0138241
-8.8004  0.0140832
-8.7808  0.0143564
-8.7612  0.014644
-8.7416  0.0149463
-8.722  0.0152637
-8.7024  0.0155963
-8.6828  0.0159447
-8.6632  0.0163091
-8.6436  0.0166898
-8.624  0.017087
-8.6044  0.0175012
-8.5848  0.0179325
-8.5652  0.0183811
-8.5456  0.0188475
-8.526  0.0193318
-8.5064  0.0198342
-8.4868  0.020355
-8.4672  0.0208944
-8.4476  0.0214526
-8.428  0.0220298
-8.4084  0.0226261
-8.3888  0.0232418
-8.3692  0.0238771
-8.3496  0.0245319
-8.33  0.0252067
-8.3104  0.0259013
-8.2908  0.026616
-8.2712  0.0273509
-8.2516  0.028106
-8.232  0.0288815
-8.2124  0.0296774
-8.1928  0.0304938
-8.1732  0.0313306
-8.1536  0.0321882
-8.134  0.0330662
-8.1144  0.033965
-8.0948  0.0348843
-8.0752  0.0358244
-8.0556  0.0367851
-8.036  0.0377663
-8.0164  0.0387682
-7.9968  0.0397906
-7.9772  0.0408336
-7.9576  0.0418969
-7.938  0.0429807
-7.9184  0.0440848
-7.8988  0.0452092
-7.8792  0.0463536
-7.8596  0.0475181
-7.84  0.0487026
-7.8204  0.049907
-7.8008  0.051131
-7.7812  0.0523747
-7.7616  0.0536379
-7.742  0.0549205
-7.7224  0.0562223
-7.7028  0.0575431
-7.6832  0.0588829
-7.6636  0.0602416
-7.644  0.0616188
-7.6244  0.0630147
-7.6048  0.0644288
-7.5852  0.0658612
-7.5656  0.0673115
-7.546  0.0687799
-7.5264  0.0702659
-7.5068  0.0717695
-7.4872  0.0732905
-7.4676  0.0748289
-7.448  0.0763844
-7.4284  0.0779569
-7.4088  0.0795462
-7.3892  0.0811523
-7.3696  0.082775
-7.35  0.0844141
-7.3304  0.0860697
-7.3108  0.0877415
-7.2912  0.0894295
-7.2716  0.0911335
-7.252  0.0928537
-7.2324  0.0945898
-7.2128  0.0963419
-7.1932  0.0981098
-7.1736  0.0998937
-7.154  0.101693
-7.1344  0.103509
-7.1148  0.105341
-7.0952  0.107189
-7.0756  0.109053
-7.056  0.110933
-7.0364  0.11283
-7.0168  0.114744
-6.9972  0.116675
-6.9776  0.118623
-6.958  0.120588
-6.9384  0.122572
-6.9188  0.124574
-6.8992  0.126594
-6.8796  0.128634
-6.86  0.130695
-6.8404  0.132775
-6.8208  0.134877
-6.8012  0.137001
-6.7816  0.139148
-6.762  0.141319
-6.7424  0.143515
-6.7228  0.145737
-6.7032  0.147986
-6.6836  0.150264
-6.664  0.152572
-6.6444  0.154912
-6.6248  0.157285
-6.6052  0.159694
-6.5856  0.162139
-6.566  0.164624
-6.5464  0.16715
-6.5268  0.169721
-6.5072  0.172338
-6.4876  0.175004
-6.468  0.177723
-6.4484  0.180498
-6.4288  0.183332
-6.4092  0.186228
-6.3896  0.189192
-6.37  0.192226
-6.3504  0.195335
-6.3308  0.198524
-6.3112  0.201798
-6.2916  0.205163
-6.272  0.208623
-6.2524  0.212185
-6.2328  0.215856
-6.2132  0.219641
-6.1936  0.223548
-6.174  0.227585
-6.1544  0.231759
-6.1348  0.236079
-6.1152  0.240554
-6.0956  0.245192
-6.076  0.250004
-6.0564  0.255
-6.0368  0.260191
-6.0172  0.265587
-5.9976  0.271203
-5.978  0.277049
-5.9584  0.283139
-5.9388  0.289487
-5.9192  0.296107
-5.8996  0.303016
-5.88  0.310228
-5.8604  0.317761
-5.8408  0.325631
-5.8212  0.333859
-5.8016  0.342462
-5.782  0.35146
-5.7624  0.360875
-5.7428  0.370729
-5.7232  0.381044
-5.7036  0.391844
-5.684  0.403153
-5.6644  0.414998
-5.6448  0.427405
-5.6252  0.440403
-5.6056  0.454019
-5.586  0.468286
-5.5664  0.483233
-5.5468  0.498894
-5.5272  0.515302
-5.5076  0.532493
-5.488  0.550504
-5.4684  0.56937
-5.4488  0.589133
-5.4292  0.609832
-5.4096  0.63151
-5.39  0.65421
-5.3704  0.677977
-5.3508  0.702857
-5.3312  0.728898
-5.3116  0.75615
-5.292  0.784665
-5.2724  0.814495
-5.2528  0.845695
-5.2332  0.87832
-5.2136  0.912429
-5.194  0.948082
-5.1744  0.98534
-5.1548  1.02427
-5.1352  1.06493
-5.1156  1.10739
-5.096  1.15172
-5.0764  1.19799
-5.0568  1.24627
-5.0372  1.29665
-5.0176  1.34918
-4.998  1.40396
-4.9784  1.46107
-4.9588  1.52058
-4.9392  1.58258
-4.9196  1.64716
-4.9  1.71441
-4.8804  1.78441
-4.8608  1.85727
-4.8412  1.93308
-4.8216  2.01192
-4.802  2.09391
-4.7824  2.17915
-4.7628  2.26773
-4.7432  2.35977
-4.7236  2.45537
-4.704  2.55464
-4.6844  2.65769
-4.6648  2.76464
-4.6452  2.87561
-4.6256  2.99071
-4.606  3.11006
-4.5864  3.23379
-4.5668  3.36201
-4.5472  3.49487
-4.5276  3.63247
-4.508  3.77497
-4.4884  3.92248
-4.4688  4.07514
-4.4492  4.23309
-4.4296  4.39646
-4.41  4.5654
-4.3904  4.74005
-4.3708  4.92055
-4.3512  5.10704
-4.3316  5.29967
-4.312  5.4986
-4.2924  5.70396
-4.2728  5.91591
-4.2532  6.1346
-4.2336  6.36019
-4.214  6.59283
-4.1944  6.83268
-4.1748  7.07989
-4.1552  7.33462
-4.1356  7.59703
-4.116  7.86729
-4.0964  8.14555
-4.0768  8.43197
-4.0572  8.72672
-4.0376  9.02996
-4.018  9.34185
-3.9984  9.66256
-3.9788  9.99225
-3.9592  10.3311
-3.9396  10.6792
-3.92  11.0368
-3.9004  11.4041
-3.8808  11.7811
-3.8612  12.1681
-3.8416  12.5653
-3.822  12.9727
-3.8024  13.3906
-3.7828  13.8191
-3.7632  14.2583
-3.7436  14.7085
-3.724  15.1698
-3.7044  15.6423
-3.6848  16.1262
-3.6652  16.6216
-3.6456  17.1288
-3.626  17.6478
-3.6064  18.1788
-3.5868  18.7219
-3.5672  19.2773
-3.5476  19.8451
-3.528  20.4255
-3.5084  21.0186
-3.4888  21.6245
-3.4692  22.2433
-3.4496  22.8752
-3.43  23.5204
-3.4104  24.1788
-3.3908  24.8507
-3.3712  25.5361
-3.3516  26.2351
-3.332  26.948
-3.3124  27.6746
-3.2928  28.4152
-3.2732  29.1699
-3.2536  29.9386
-3.234  30.7216
-3.2144  31.5188
-3.1948  32.3303
-3.1752  33.1563
-3.1556  33.9967
-3.136  34.8517
-3.1164  35.7212
-3.0968  36.6053
-3.0772  37.5041
-3.0576  38.4175
-3.038  39.3457
-3.0184  40.2885
-2.9988  41.2461
-2.9792  42.2184
-2.9596  43.2055
-2.94  44.2072
-2.9204  45.2237
-2.9008  46.2548
-2.8812  47.3005
-2.8616  48.3609
-2.842  49.4359
-2.8224  50.5253
-2.8028  51.6292
-2.7832  52.7475
-2.7636  53.8801
-2.744  55.0269
-2.7244  56.1878
-2.7048  57.3628
-2.6852  58.5516
-2.6656  59.7543
-2.646  60.9707
-2.6264  62.2006
-2.6068  63.4439
-2.5872  64.7005
-2.5676  65.9702
-2.548  67.2528
-2.5284  68.5482
-2.5088  69.8561
-2.4892  71.1765
-2.4696  72.509
-2.45  73.8536
-2.4304  75.2099
-2.4108  76.5777
-2.3912  77.9568
-2.3716  79.3471
-2.352  80.7481
-2.3324  82.1597
-2.3128  83.5816
-2.2932  85.0135
-2.2736  86.4551
-2.254  87.9062
-2.2344  89.3665
-2.2148  90.8355
-2.1952  92.3131
-2.1756  93.799
-2.156  95.2926
-2.1364  96.7939
-2.1168  98.3023
-2.0972  99.8175
-2.0776  101.339
-2.058  102.867
-2.0384  104.401
-2.0188  105.94
-1.9992  107.484
-1.9796  109.032
-1.96  110.585
-1.9404  112.141
-1.9208  113.701
-1.9012  115.264
-1.8816  116.829
-1.862  118.396
-1.8424  119.965
-1.8228  121.535
-1.8032  123.106
-1.7836  124.678
-1.764  126.249
-1.7444  127.819
-1.7248  129.389
-1.7052  130.956
-1.6856  132.522
-1.666  134.086
-1.6464  135.646
-1.6268  137.203
-1.6072  138.756
-1.5876  140.305
-1.568  141.848
-1.5484  143.387
-1.5288  144.919
-1.5092  146.445
-1.4896  147.964
-1.47  149.476
-1.4504  150.98
-1.4308  152.476
-1.4112  153.963
-1.3916  155.44
-1.372  156.907
-1.3524  158.365
-1.3328  159.811
-1.3132  161.246
-1.2936  162.669
-1.274  164.08
-1.2544  165.478
-1.2348  166.862
-1.2152  168.233
-1.1956  169.59
-1.176  170.932
-1.1564  172.259
-1.1368  173.57
-1.1172  174.864
-1.0976  176.143
-1.078  177.404
-1.0584  178.647
-1.0388  179.873
-1.0192  181.08
-0.9996  182.269
-0.98  183.438
-0.9604  184.587
-0.9408  185.717
-0.9212  186.825
-0.9016  187.913
-0.882  188.98
-0.8624  190.024
-0.8428  191.047
-0.8232  192.047
-0.8036  193.025
-0.784  193.979
-0.7644  194.909
-0.7448  195.816
-0.7252  196.698
-0.7056  197.556
-0.686  198.389
-0.6664  199.197
-0.6468  199.979
-0.6272  200.736
-0.6076  201.467
-0.588  202.171
-0.5684  202.849
-0.5488  203.5
-0.5292  204.124
-0.5096  204.72
-0.49  205.29
-0.4704  205.831
-0.4508  206.345
-0.4312  206.831
-0.4116  207.288
-0.392  207.717
-0.3724  208.118
-0.3528  208.49
-0.3332  208.833
-0.3136  209.148
-0.294  209.433
-0.2744  209.69
-0.2548  209.917
-0.2352  210.115
-0.2156  210.284
-0.196  210.424
-0.1764  210.534
-0.1568  210.616
-0.1372  210.667
-0.1176  210.69
-0.098  210.683
-0.0784  210.647
-0.0588  210.582
-0.0392  210.488
-0.0196  210.364
0  210.212
0.0196  210.031
0.0392  209.82
0.0588  209.582
0.0784  209.314
0.098  209.019
0.1176  208.695
0.1372  208.343
0.1568  207.963
0.1764  207.555
0.196  207.119
0.2156  206.657
0.2352  206.167
0.2548  205.65
0.2744  205.107
0.294  204.537
0.3136  203.94
0.3332  203.318
0.3528  202.671
0.3724  201.997
0.392  201.299
0.4116  200.576
0.4312  199.829
0.4508  199.057
0.4704  198.261
0.49  197.442
0.5096  196.6
0.5292  195.735
0.5488  194.847
0.5684  193.937
0.588  193.006
0.6076  192.053
0.6272  191.079
0.6468  190.084
0.6664  189.069
0.686  188.035
0.7056  186.98
0.7252  185.907
0.7448  184.816
0.7644  183.706
0.784  182.578
0.8036  181.433
0.8232  180.271
0.8428  179.093
0.8624  177.898
0.882  176.688
0.9016  175.463
0.9212  174.223
0.9408  172.969
0.9604  171.701
0.98  170.419
0.9996  169.125
1.0192  167.818
1.0388  166.5
1.0584  165.169
1.078  163.828
1.0976  162.476
1.1172  161.114
1.1368  159.742
1.1564  158.361
1.176  156.971
1.1956  155.572
1.2152  154.166
1.2348  152.753
1.2544  151.332
1.274  149.905
1.2936  148.472
1.3132  147.033
1.3328  145.589
1.3524  144.14
1.372  142.687
1.3916  141.23
1.4112  139.769
1.4308  138.306
1.4504  136.839
1.47  135.371
1.4896  133.901
1.5092  132.43
1.5288  130.957
1.5484  129.484
1.568  128.011
1.5876  126.538
1.6072  125.066
1.6268  123.595
1.6464  122.125
1.666  120.657
1.6856  119.192
1.7052  117.728
1.7248  116.268
1.7444  114.811
1.764  113.357
1.7836  111.908
1.8032  110.462
1.8228  109.021
1.8424  107.585
1.862  106.154
1.8816  104.729
1.9012  103.31
1.9208  101.896
1.9404  100.489
1.96  99.089
1.9796  97.6957
1.9992  96.3096
2.0188  94.9309
2.0384  93.56
2.058  92.1971
2.0776  90.8424
2.0972  89.4962
2.1168  88.1586
2.1364  86.83
2.156  85.5104
2.1756  84.2002
2.1952  82.8995
2.2148  81.6085
2.2344  80.3275
2.254  79.0564
2.2736  77.7957
2.2932  76.5453
2.3128  75.3055
2.3324  74.0764
2.352  72.8581
2.3716  71.6509
2.3912  70.4548
2.4108  69.2699
2.4304  68.0964
2.45  66.9343
2.4696  65.7839
2.4892  64.6451
2.5088  63.518
2.5284  62.4028
2.548  61.2996
2.5676  60.2083
2.5872  59.1291
2.6068  58.062
2.6264  57.0071
2.646  55.9644
2.6656  54.934
2.6852  53.9158
2.7048  52.91
2.7244  51.9166
2.744  50.9356
2.7636  49.9669
2.7832  49.0106
2.8028  48.0668
2.8224  47.1353
2.842  46.2163
2.8616  45.3096
2.8812  44.4153
2.9008  43.5334
2.9204  42.6638
2.94  41.8065
2.9596  40.9615
2.9792  40.1287
2.9988  39.3081
3.0184  38.4997
3.038  37.7033
3.0576  36.919
3.0772  36.1467
3.0968  35.3863
3.1164  34.6378
3.136  33.9011
3.1556  33.1761
3.1752  32.4628
3.1948  31.7611
3.2144  31.0709
3.234  30.3921
3.2536  29.7246
3.2732  29.0684
3.2928  28.4234
3.3124  27.7894
3.332  27.1664
3.3516  26.5543
3.3712  25.953
3.3908  25.3624
3.4104  24.7824
3.43  24.2129
3.4496  23.6537
3.4692  23.1048
3.4888  22.5661
3.5084  22.0374
3.528  21.5187
3.5476  21.0099
3.5672  20.5107
3.5868  20.0212
3.6064  19.5411
3.626  19.0705
3.6456  18.6091
3.6652  18.1568
3.6848  17.7136
3.7044  17.2793
3.724  16.8538
3.7436  16.437
3.7632  16.0287
3.7828  15.6289
3.8024  15.2374
3.822  14.8541
3.8416  14.4789
3.8612  14.1116
3.8808  13.7522
3.9004  13.4006
3.92  13.0565
3.9396  12.7199
3.9592  12.3907
3.9788  12.0687
3.9984  11.7539
4.018  11.4461
4.0376  11.1452
4.0572  10.851
4.0768  10.5636
4.0964  10.2827
4.116  10.0083
4.1356  9.74014
4.1552  9.47825
4.1748  9.22246
4.1944  8.97267
4.214  8.72877
4.2336  8.49066
4.2532  8.25821
4.2728  8.03133
4.2924  7.80991
4.312  7.59385
4.3316  7.38304
4.3512  7.17738
4.3708  6.97676
4.3904  6.7811
4.41  6.59029
4.4296  6.40423
4.4492  6.22282
4.4688  6.04597
4.4884  5.87359
4.508  5.70559
4.5276  5.54186
4.5472  5.38232
4.5668  5.22688
4.5864  5.07546
4.606  4.92796
4.6256  4.7843
4.6452  4.64439
4.6648  4.50816
4.6844  4.37552
4.704  4.24639
4.7236  4.12069
4.7432  3.99834
4.7628  3.87927
4.7824  3.7634
4.802  3.65066
4.8216  3.54096
4.8412  3.43426
4.8608  3.33046
4.8804  3.22951
4.9  3.13133
4.9196  3.03585
4.9392  2.94302
4.9588  2.85277
4.9784  2.76504
4.998  2.67975
5.0176  2.59686
5.0372  2.51631
5.0568  2.43802
5.0764  2.36196
5.096  2.28806
5.1156  2.21626
5.1352  2.14652
5.1548  2.07878
5.1744  2.01299
5.194  1.94909
5.2136  1.88705
5.2332  1.82681
5.2528  1.76832
5.2724  1.71154
5.292  1.65643
5.3116  1.60293
5.3312  1.55101
5.3508  1.50062
5.3704  1.45173
5.39  1.40428
5.4096  1.35825
5.4292  1.3136
5.4488  1.27028
5.4684  1.22826
5.488  1.18751
5.5076  1.14798
5.5272  1.10966
5.5468  1.07249
5.5664  1.03646
5.586  1.00152
5.6056  0.967657
5.6252  0.934829
5.6448  0.903009
5.6644  0.87217
5.684  0.842284
5.7036  0.813324
5.7232  0.785262
5.7428  0.758075
5.7624  0.731736
5.782  0.706222
5.8016  0.681508
5.8212  0.657572
5.8408  0.634391
5.8604  0.611944
5.88  0.590209
5.8996  0.569165
5.9192  0.548793
5.9388  0.529072
5.9584  0.509985
5.978  0.491511
5.9976  0.473634
6.0172  0.456335
6.0368  0.439599
6.0564  0.423407
6.076  0.407745
6.0956  0.392596
6.1152  0.377946
6.1348  0.363779
6.1544  0.350082
6.174  0.33684
6.1936  0.32404
6.2132  0.311668
6.2328  0.299713
6.2524  0.28816
6.272  0.277
6.2916  0.266219
6.3112  0.255806
6.3308  0.245751
6.3504  0.236042
6.37  0.22667
6.3896  0.217623
6.4092  0.208893
6.4288  0.20047
6.4484  0.192344
6.468  0.184506
6.4876  0.176949
6.5072  0.169662
6.5268  0.162638
6.5464  0.15587
6.566  0.149348
6.5856  0.143067
6.6052  0.137017
6.6248  0.131193
6.6444  0.125587
6.664  0.120192
6.6836  0.115003
6.7032  0.110012
6.7228  0.105213
6.7424  0.100601
6.762  0.0961701
6.7816  0.0919138
6.8012  0.0878269
6.8208  0.0839041
6.8404  0.0801402
6.86  0.0765302
6.8796  0.0730691
6.8992  0.0697522
6.9188  0.0665748
6.9384  0.0635322
6.958  0.0606203
6.9776  0.0578347
6.9972  0.0551712
7.0168  0.0526257
7.0364  0.0501944
7.056  0.0478733
7.0756  0.0456588
7.0952  0.0435472
7.1148  0.041535
7.1344  0.0396187
7.154  0.0377949
7.1736  0.0360605
7.1932  0.0344122
7.2128  0.032847
7.2324  0.0313617
7.252  0.0299536
7.2716  0.0286196
7.2912  0.0273572
7.3108  0.0261634
7.3304  0.0250358
7.35  0.0239717
7.3696  0.0229686
7.3892  0.0220242
7.4088  0.0211359
7.4284  0.0203016
7.448  0.019519
7.4676  0.0187859
7.4872  0.0181001
7.5068  0.0174597
7.5264  0.0168625
7.546  0.0163067
7.5656  0.0157903
7.5852  0.0153115
7.6048  0.0148686
7.6244  0.0144596
7.644  0.014083
7.6636  0.0137371
7.6832  0.0134203
7.7028  0.013131
7.7224  0.0128678
7.742  0.0126291
7.7616  0.0124137
7.7812  0.01222
7.8008  0.0120468
7.8204  0.0118928
7.84  0.0117567
7.8596  0.0116374
7.8792  0.0115336
7.8988  0.0114444
7.9184  0.0113685
7.938  0.011305
7.9576  0.0112528
7.9772  0.011211
7.9968  0.0111786
8.0164  0.0111547
8.036  0.0111386
8.0556  0.0111294
8.0752  0.0111262
8.0948  0.0111284
8.1144  0.0111352
8.134  0.011146
8.1536  0.01116
8.1732  0.0111767
8.1928  0.0111955
8.2124  0.0112158
8.232  0.0112371
8.2516  0.0112589
8.2712  0.0112807
8.2908  0.0113021
8.3104  0.0113227
8.33  0.011342
8.3496  0.0113598
8.3692  0.0113756
8.3888  0.0113892
8.4084  0.0114003
8.428  0.0114087
8.4476  0.0114141
8.4672  0.0114163
8.4868  0.011415
8.5064  0.0114102
8.526  0.0114017
8.5456  0.0113894
8.5652  0.0113731
8.5848  0.0113527
8.6044  0.0113283
8.624  0.0112996
8.6436  0.0112668
8.6632  0.0112298
8.6828  0.0111885
8.7024  0.011143
8.722  0.0110933
8.7416  0.0110395
8.7612  0.0109816
8.7808  0.0109197
8.8004  0.0108537
8.82  0.010784
8.8396  0.0107104
8.8592  0.0106332
8.8788  0.0105524
8.8984  0.0104682
8.918  0.0103807
8.9376  0.01029
8.9572  0.0101964
8.9768  0.0100998
8.9964  0.0100006
9.016  0.00989881
9.0356  0.00979465
9.0552  0.00968829
9.0748  0.00957988
9.0944  0.0094696
9.114  0.00935765
9.1336  0.00924419
9.1532  0.00912938
9.1728  0.00901343
9.1924  0.00889651
9.212  0.00877879
9.2316  0.00866046
9.2512  0.00854169
9.2708  0.00842265
9.2904  0.00830349
9.31  0.00818444
9.3296  0.00806561
9.3492  0.00794718
9.3688  0.00782934
9.3884  0.00771217
9.408  0.00759592
9.4276  0.00748068
9.4472  0.00736657
9.4668  0.00725373
9.4864  0.00714235
9.506  0.0070325
9.5256  0.00692434
9.5452  0.00681795
9.5648  0.00671343
9.5844  0.00661091
9.604  0.00651051
9.6236  0.00641225
9.6432  0.00631626
9.6628  0.00622259
9.6824  0.00613134
9.702  0.00604256
9.7216  0.0059563
9.7412  0.00587261
9.7608  0.00579154
9.7804  0.0057131
9.8  0.00563739
9.8196  0.00556434
9.8392  0.00549404
9.8588  0.00542645
9.8784  0.00536161
9.898  0.00529952
9.9176  0.00524016
9.9372  0.0051835
9.9568  0.00512955
9.9764  0.00507828
9.996  0.00502965
10.0156  0.0049836
10.0352  0.00494014
10.0548  0.00489922
10.0744  0.00486075
10.094  0.00482471
10.1136  0.00479102
10.1332  0.00475963
10.1528  0.00473049
10.1724  0.00470352
10.192  0.00467862
10.2116  0.00465574
10.2312  0.0046348
10.2508  0.00461572
10.2704  0.00459841
10.29  0.00458279
10.3096  0.00456876
10.3292  0.00455625
10.3488  0.00454516
10.3684  0.00453537
10.388  0.00452685
10.4076  0.00451946
10.4272  0.0045131
10.4468  0.0045077
10.4664  0.00450317
10.486  0.00449941
10.5056  0.00449628
10.5252  0.00449377
10.5448  0.00449171
10.5644  0.00449005
10.584  0.00448869
10.6036  0.00448755
10.6232  0.00448654
10.6428  0.00448556
10.6624  0.00448453
10.682  0.00448339
10.7016  0.00448202
10.7212  0.00448037
10.7408  0.00447836
10.7604  0.00447594
10.78  0.004473
10.7996  0.00446949
10.8192  0.00446533
10.8388  0.00446049
10.8584  0.00445489
10.878  0.00444851
10.8976  0.00444124
10.9172  0.00443306
10.9368  0.00442393
10.9564  0.0044138
10.976  0.00440263
10.9956  0.00439039
11.0152  0.00437703
11.0348  0.00436257
11.0544  0.0043469
11.074  0.00433009
11.0936  0.00431205
11.1132  0.00429279
11.1328  0.00427231
11.1524  0.0042506
11.172  0.00422764
11.1916  0.00420341
11.2112  0.00417795
11.2308  0.00415123
11.2504  0.00412329
11.27  0.0040941
11.2896  0.0040637
11.3092  0.00403209
11.3288  0.00399928
11.3484  0.00396531
11.368  0.00393021
11.3876  0.00389396
11.4072  0.00385661
11.4268  0.00381821
11.4464  0.00377877
11.466  0.00373833
11.4856  0.0036969
11.5052  0.00365455
11.5248  0.00361129
11.5444  0.00356718
11.564  0.00352227
11.5836  0.00347655
11.6032  0.00343011
11.6228  0.00338298
11.6424  0.00333521
11.662  0.00328682
11.6816  0.00323789
11.7012  0.00318846
11.7208  0.00313857
11.7404  0.00308826
11.76  0.00303759
11.7796  0.00298659
11.7992  0.00293534
11.8188  0.00288386
11.8384  0.00283221
11.858  0.00278043
11.8776  0.00272856
11.8972  0.00267668
11.9168  0.00262482
11.9364  0.00257301
11.956  0.0025213
11.9756  0.00246974
11.9952  0.00241839
12.0148  0.00236728
12.0344  0.00231644
12.054  0.00226592
12.0736  0.00221577
12.0932  0.00216601
12.1128  0.0021167
12.1324  0.00206787
12.152  0.00201954
12.1716  0.00197175
12.1912  0.00192456
12.2108  0.00187798
12.2304  0.00183204
12.25  0.00178678
12.2696  0.00174222
12.2892  0.0016984
12.3088  0.00165532
12.3284  0.00161301
12.348  0.00157153
12.3676  0.00153087
12.3872  0.00149106
12.4068  0.0014521
12.4264  0.00141404
12.446  0.00137688
12.4656  0.00134064
12.4852  0.00130533
12.5048  0.00127097
12.5244  0.00123757
12.544  0.00120513
12.5636  0.00117368
12.5832  0.00114321
12.6028  0.00111375
12.6224  0.00108529
12.642  0.00105784
12.6616  0.0010314
12.6812  0.00100598
12.7008  0.000981578
12.7204  0.000958203
12.74  0.000935856
12.7596  0.000914534
12.7792  0.000894232
12.7988  0.000874958
12.8184  0.0008567
12.838  0.00083947
12.8576  0.000823256
12.8772  0.000808048
12.8968  0.000793858
12.9164  0.000780666
12.936  0.00076847
12.9556  0.000757265
12.9752  0.000747048
12.9948  0.000737812
13.0144  0.000729545
13.034  0.00072224
13.0536  0.000715889
13.0732  0.000710488
13.0928  0.00070602
13.1124  0.000702483
13.132  0.000699873
13.1516  0.000698164
13.1712  0.000697346
13.1908  0.00069742
13.2104  0.000698378
13.23  0.000700199
13.2496  0.000702877
13.2692  0.000706395
13.2888  0.000710742
13.3084  0.000715911
13.328  0.000721883
13.3476  0.000728645
13.3672  0.000736197
13.3868  0.00074452
13.4064  0.000753589
13.426  0.000763404
13.4456  0.00077395
13.4652  0.000785203
13.4848  0.00079716
13.5044  0.000809803
13.524  0.00082311
13.5436  0.00083707
13.5632  0.00085167
13.5828  0.000866902
13.6024  0.000882737
13.622  0.000899156
13.6416  0.000916149
13.6612  0.000933707
13.6808  0.000951804
13.7004  0.000970424
13.72  0.000989535
13.7396  0.00100914
13.7592  0.00102922
13.7788  0.00104974
13.7984  0.0010707
13.818  0.00109205
13.8376  0.00111379
13.8572  0.0011359
13.8768  0.00115837
13.8964  0.00118115
13.916  0.00120424
13.9356  0.00122762
13.9552  0.00125125
13.9748  0.00127512
13.9944  0.0012992
14.014  0.00132348
14.0336  0.00134792
14.0532  0.0013725
14.0728  0.00139722
14.0924  0.00142201
14.112  0.00144687
14.1316  0.0014718
14.1512  0.00149673
14.1708  0.00152166
14.1904  0.00154656
14.21  0.0015714
14.2296  0.00159616
14.2492  0.00162081
14.2688  0.00164532
14.2884  0.00166968
14.308  0.00169384
14.3276  0.0017178
14.3472  0.00174152
14.3668  0.00176497
14.3864  0.00178813
14.406  0.00181097
14.4256  0.00183348
14.4452  0.00185562
14.4648  0.00187737
14.4844  0.00189871
14.504  0.0019196
14.5236  0.00194003
14.5432  0.00195997
14.5628  0.00197941
14.5824  0.0019983
14.602  0.00201664
14.6216  0.00203441
14.6412  0.00205158
14.6608  0.00206814
14.6804  0.00208406
14.7  0.00209933
14.7196  0.00211392
14.7392  0.00212783
14.7588  0.00214103
14.7784  0.00215349
14.798  0.00216523
14.8176  0.00217623
14.8372  0.00218646
14.8568  0.00219593
14.8764  0.00220459
14.896  0.00221248
14.9156  0.00221954
14.9352  0.00222581
14.9548  0.00223126
14.9744  0.0022359
14.994  0.0022397
15.0136  0.00224268
15.0332  0.00224483
15.0528  0.00224614
15.0724  0.00224663
15.092  0.0022463
15.1116  0.00224514
15.1312  0.00224314
15.1508  0.00224032
15.1704  0.00223671
15.19  0.00223228
15.2096  0.00222707
15.2292  0.00222108
15.2488  0.0022143
15.2684  0.00220676
15.288  0.00219846
15.3076  0.00218943
15.3272  0.00217968
15.3468  0.00216924
15.3664  0.00215809
15.386  0.00214627
15.4056  0.00213381
15.4252  0.0021207
15.4448  0.00210699
15.4644  0.00209268
15.484  0.0020778
15.5036  0.00206236
15.5232  0.00204641
15.5428  0.00202996
15.5624  0.00201302
15.582  0.00199563
15.6016  0.00197781
15.6212  0.00195957
15.6408  0.00194097
15.6604  0.00192202
15.68  0.00190271
15.6996  0.00188314
15.7192  0.00186327
15.7388  0.00184315
15.7584  0.00182282
15.778  0.00180229
15.7976  0.00178158
15.8172  0.00176072
15.8368  0.00173975
15.8564  0.00171868
15.876  0.00169755
15.8956  0.00167637
15.9152  0.00165517
15.9348  0.00163396
15.9544  0.00161278
15.974  0.00159165
15.9936  0.00157058
16.0132  0.00154961
16.0328  0.00152874
16.0524  0.001508
16.072  0.00148741
16.0916  0.00146699
16.1112  0.00144674
16.1308  0.00142669
16.1504  0.00140685
16.17  0.00138724
16.1896  0.00136786
16.2092  0.00134874
16.2288  0.00132988
16.2484  0.00131129
16.268  0.00129297
16.2876  0.00127494
16.3072  0.0012572
16.3268  0.00123976
16.3464  0.00122263
16.366  0.0012058
16.3856  0.00118927
16.4052  0.00117305
16.4248  0.00115715
16.4444  0.00114154
16.464  0.00112625
16.4836  0.00111125
16.5032  0.00109656
16.5228  0.00108214
16.5424  0.00106802
16.562  0.00105416
16.5816  0.00104058
16.6012  0.00102726
16.6208  0.00101419
16.6404  0.00100136
16.66  0.00098875
16.6796  0.000976364
16.6992  0.000964177
16.7188  0.000952175
16.7384  0.000940352
16.758  0.00092869
16.7776  0.000917177
16.7972  0.000905797
16.8168  0.00089453
16.8364  0.000883358
16.856  0.000872272
16.8756  0.000861253
16.8952  0.00085029
16.9148  0.00083936
16.9344  0.000828452
16.954  0.000817552
16.9736  0.000806626
16.9932  0.000795684
17.0128  0.000784695
17.0324  0.000773655
17.052  0.000762535
17.0716  0.000751333
17.0912  0.00074003
17.1108  0.00072862
17.1304  0.000717077
17.15  0.000705403
17.1696  0.000693582
17.1892  0.000681603
17.2088  0.000669467
17.2284  0.00065716
17.248  0.000644664
17.2676  0.000631992
17.2872  0.00061913
17.3068  0.000606074
17.3264  0.000592824
17.346  0.00057938
17.3656  0.000565737
17.3852  0.000551902
17.4048  0.000537877
17.4244  0.000523661
17.444  0.000509265
17.4636  0.00049469
17.4832  0.000479951
17.5028  0.000465051
17.5224  0.000450011
17.542  0.000434833
17.5616  0.000419534
17.5812  0.000404125
17.6008  0.00038863
17.6204  0.000373069
17.64  0.000357448
17.6596  0.000341802
17.6792  0.000326145
17.6988  0.000310497
17.7184  0.000294892
17.738  0.000279351
17.7576  0.000263899
17.7772  0.000248568
17.7968  0.000233382
17.8164  0.000218377
17.836  0.000203585
17.8556  0.000189032
17.8752  0.000174756
17.8948  0.000160788
17.9144  0.000147167
17.934  0.000133926
17.9536  0.000121101
17.9732  0.000108732
17.9928  9.68497e-05
18.0124  8.55e-05
18.032  7.47213e-05
18.0516  6.45461e-05
18.0712  5.50181e-05
18.0908  4.61742e-05
18.1104  3.80533e-05
18.13  3.06966e-05
18.1496  2.41435e-05
18.1692  1.84291e-05
18.1888  1.35979e-05
18.2084  9.68468e-06
18.228  6.72726e-06
18.2476  4.76353e-06
18.2672  3.83215e-06
18.2868  3.96711e-06
18.3064  5.20556e-06
18.326  7.58024e-06
18.3456  1.11274e-05
18.3652  1.58784e-05
18.3848  2.18656e-05
18.4044  2.91179e-05
18.424  3.76651e-05
18.4436  4.75371e-05
18.4632  5.8758e-05
18.4828  7.13558e-05
18.5024  8.53493e-05
18.522  0.000100768
18.5416  0.000117626
18.5612  0.00013594
18.5808  0.000155737
18.6004  0.000177024
18.62  0.000199816
18.6396  0.000224123
18.6592  0.000249957
18.6788  0.000277328
18.6984  0.00030623
18.718  0.000336677
18.7376  0.000368667
18.7572  0.000402193
18.7768  0.000437261
18.7964  0.000473866
18.816  0.000511996
18.8356  0.000551634
18.8552  0.000592778
18.8748  0.000635411
18.8944  0.00067952
18.914  0.000725072
18.9336  0.000772074
18.9532  0.000820465
18.9728  0.000870255
18.9924  0.000921385
19.012  0.000973857
19.0316  0.00102762
19.0512  0.00108263
19.0708  0.00113887
19.0904  0.00119632
19.11  0.00125489
19.1296  0.00131458
19.1492  0.00137533
19.1688  0.00143709
19.1884  0.00149982
19.208  0.00156348
19.2276  0.001628
19.2472  0.00169334
19.2668  0.00175945
19.2864  0.00182627
19.306  0.00189373
19.3256  0.0019618
19.3452  0.0020304
19.3648  0.00209948
19.3844  0.00216897
19.404  0.00223882
19.4236  0.00230897
19.4432  0.00237935
19.4628  0.0024499
19.4824  0.00252054
19.502  0.00259122
19.5216  0.00266187
19.5412  0.00273244
19.5608  0.00280285
19.5804  0.00287302
19.6  0.00294291
19.6196  0.00301245
19.6392  0.00308156
19.6588  0.00315021
19.6784  0.00321829
19.698  0.00328576
19.7176  0.00335256
19.7372  0.00341861
19.7568  0.00348388
19.7764  0.00354828
19.796  0.00361175
19.8156  0.00367424
19.8352  0.0037357
19.8548  0.00379606
19.8744  0.00385528
19.894  0.00391329
19.9136  0.00397004
19.9332  0.00402548
19.9528  0.00407959
19.9724  0.00413228
19.992  0.0041835
20.0116  0.00423325
20.0312  0.00428143
20.0508  0.00432806
20.0704  0.00437308
20.09  0.00441642
20.1096  0.00445807
20.1292  0.00449804
20.1488  0.00453622
20.1684  0.0045726
20.188  0.00460721
20.2076  0.00464
20.2272  0.0046709
20.2468  0.00469995
20.2664  0.0047271
20.286  0.00475236
20.3056  0.00477569
20.3252  0.00479708
20.3448  0.00481655
20.3644  0.00483406
20.384  0.00484962
20.4036  0.00486324
20.4232  0.00487491
20.4428  0.00488463
20.4624  0.00489238
20.482  0.00489822
20.5016  0.00490213
20.5212  0.00490409
20.5408  0.00490419
20.5604  0.00490238
20.58  0.0048987
20.5996  0.00489316
20.6192  0.0048858
20.6388  0.00487662
20.6584  0.00486563
20.678  0.0048529
20.6976  0.00483843
20.7172  0.00482225
20.7368  0.00480439
20.7564  0.00478491
20.776  0.00476382
20.7956  0.00474114
20.8152  0.00471693
20.8348  0.00469122
20.8544  0.00466405
20.874  0.00463544
20.8936  0.00460548
20.9132  0.00457415
20.9328  0.00454154
20.9524  0.00450765
20.972  0.00447258
20.9916  0.00443634
21.0112  0.00439895
21.0308  0.0043605
21.0504  0.00432105
21.07  0.00428059
21.0896  0.0042392
21.1092  0.00419693
21.1288  0.00415381
21.1484  0.00410988
21.168  0.00406524
21.1876  0.00401987
21.2072  0.00397387
21.2268  0.00392726
21.2464  0.0038801
21.266  0.00383241
21.2856  0.00378426
21.3052  0.0037357
21.3248  0.00368676
21.3444  0.0036375
21.364  0.00358794
21.3836  0.00353816
21.4032  0.00348817
21.4228  0.00343804
21.4424  0.00338779
21.462  0.00333746
21.4816  0.00328711
21.5012  0.00323675
21.5208  0.00318647
21.5404  0.00313625
21.56  0.00308616
21.5796  0.00303622
21.5992  0.00298647
21.6188  0.00293696
21.6384  0.0028877
21.658  0.00283872
21.6776  0.00279007
21.6972  0.00274176
21.7168  0.00269384
21.7364  0.00264631
21.756  0.00259923
21.7756  0.00255259
21.7952  0.00250644
21.8148  0.00246078
21.8344  0.00241566
21.854  0.00237108
21.8736  0.00232705
21.8932  0.00228362
21.9128  0.00224079
21.9324  0.00219858
21.952  0.00215698
21.9716  0.00211604
21.9912  0.00207575
22.0108  0.00203613
22.0304  0.00199721
22.05  0.00195896
22.0696  0.00192141
22.0892  0.00188459
22.1088  0.00184847
22.1284  0.00181306
22.148  0.0017784
22.1676  0.00174447
22.1872  0.00171125
22.2068  0.00167879
22.2264  0.00164706
22.246  0.00161608
22.2656  0.00158583
22.2852  0.00155632
22.3048  0.00152756
22.3244  0.00149953
22.344  0.00147224
22.3636  0.00144569
22.3832  0.00141987
22.4028  0.00139477
22.4224  0.00137039
22.442  0.00134673
22.4616  0.00132378
22.4812  0.00130153
22.5008  0.00127999
22.5204  0.00125914
22.54  0.00123898
22.5596  0.00121949
22.5792  0.00120067
22.5988  0.00118252
22.6184  0.00116502
22.638  0.00114816
22.6576  0.00113194
22.6772  0.00111635
22.6968  0.00110137
22.7164  0.00108701
22.736  0.00107325
22.7556  0.00106007
22.7752  0.00104747
22.7948  0.00103545
22.8144  0.00102397
22.834  0.00101305
22.8536  0.00100268
22.8732  0.000992824
22.8928  0.000983491
22.9124  0.000974657
22.932  0.000966335
22.9516  0.000958494
22.9712  0.000951117
22.9908  0.00094422
23.0104  0.000937778
23.03  0.000931773
23.0496  0.000926199
23.0692  0.000921059
23.0888  0.00091633
23.1084  0.000911995
23.128  0.00090806
23.1476  0.000904494
23.1672  0.000901315
23.1868  0.000898495
23.2064  0.000896019
23.226  0.000893885
23.2456  0.000892083
23.2652  0.000890601
23.2848  0.000889424
23.3044  0.000888556
23.324  0.000887972
23.3436  0.000887673
23.3632  0.000887638
23.3828  0.000887869
23.4024  0.000888346
23.422  0.000889068
23.4416  0.00089002
23.4612  0.000891192
23.4808  0.000892583
23.5004  0.000894178
23.52  0.000895965
23.5396  0.000897936
23.5592  0.000900079
23.5788  0.0009024
23.5984  0.000904863
23.618  0.000907483
23.6376  0.000910239
23.6572  0.000913138
23.6768  0.000916155
23.6964  0.000919279
23.716  0.000922518
23.7356  0.000925853
23.7552  0.000929279
23.7748  0.000932781
23.7944  0.000936367
23.814  0.00094001
23.8336  0.000943712
23.8532  0.000947475
23.8728  0.000951282
23.8924  0.00095512
23.912  0.000958984
23.9316  0.000962882
23.9512  0.000966787
23.9708  0.000970719
23.9904  0.00097465
24.01  0.000978576
24.0296  0.000982497
24.0492  0.000986417
24.0688  0.00099031
24.0884  0.000994188
24.108  0.000998034
24.1276  0.00100186
24.1472  0.00100564
24.1668  0.0010094
24.1864  0.00101311
24.206  0.00101678
24.2256  0.0010204
24.2452  0.00102398
24.2648  0.0010275
24.2844  0.00103098
24.304  0.0010344
24.3236  0.00103777
24.3432  0.00104109
24.3628  0.00104434
24.3824  0.00104756
24.402  0.00105071
24.4216  0.00105381
24.4412  0.00105687
24.4608  0.00105987
24.4804  0.00106283
24.5  0.00106575
24.5196  0.00106863
24.5392  0.00107147
24.5588  0.00107429
24.5784  0.00107706
24.598  0.00107982
24.6176  0.00108256
24.6372  0.00108528
24.6568  0.00108799
24.6764  0.00109071
24.696  0.00109344
24.7156  0.00109617
24.7352  0.00109892
24.7548  0.00110171
24.7744  0.00110452
24.794  0.00110737
24.8136  0.00111029
24.8332  0.00111325
24.8528  0.00111629
24.8724  0.0011194
24.892  0.00112261
24.9116  0.00112592
24.9312  0.00112932
24.9508  0.00113285
24.9704  0.0011365
24.99  0.00114029
25.0096  0.00114423
25.0292  0.00114833
25.0488  0.00115259
25.0684  0.00115704
25.088  0.00116167
25.1076  0.0011665
25.1272  0.00117156
25.1468  0.00117682
25.1664  0.00118232
25.186  0.00118806
25.2056  0.00119406
25.2252  0.00120031
25.2448  0.00120684
25.2644  0.00121364
25.284  0.00122074
25.3036  0.00122813
25.3232  0.00123584
25.3428  0.00124386
25.3624  0.00125219
25.382  0.00126086
25.4016  0.00126988
25.4212  0.00127923
25.4408  0.00128893
25.4604  0.001299
25.48  0.00130942
25.4996  0.00132021
25.5192  0.00133136
25.5388  0.0013429
25.5584  0.0013548
25.578  0.00136708
25.5976  0.00137974
25.6172  0.0013928
25.6368  0.00140623
25.6564  0.00142003
25.676  0.00143422
25.6956  0.00144878
25.7152  0.00146372
25.7348  0.00147903
25.7544  0.00149473
25.774  0.00151075
25.7936  0.00152715
25.8132  0.0015439
25.8328  0.001561
25.8524  0.00157842
25.872  0.00159619
25.8916  0.00161426
25.9112  0.00163264
25.9308  0.00165133
25.9504  0.00167029
25.97  0.00168952
25.9896  0.00170902
26.0092  0.00172877
26.0288  0.00174874
26.0484  0.00176893
26.068  0.00178932
26.0876  0.00180987
26.1072  0.00183062
26.1268  0.00185151
26.1464  0.00187254
26.166  0.00189366
26.1856  0.00191488
26.2052  0.00193618
26.2248  0.00195751
26.2444  0.00197888
26.264  0.00200026
26.2836  0.00202162
26.3032  0.00204295
26.3228  0.00206423
26.3424  0.00208541
26.362  0.0021065
26.3816  0.00212746
26.4012  0.00214826
26.4208  0.00216888
26.4404  0.00218931
26.46  0.00220952
26.4796  0.00222948
26.4992  0.00224916
26.5188  0.00226856
26.5384  0.00228763
26.558  0.00230636
26.5776  0.00232473
26.5972  0.00234269
26.6168  0.00236025
26.6364  0.00237737
26.656  0.00239402
26.6756  0.00241021
26.6952  0.00242588
26.7148  0.00244104
26.7344  0.00245564
26.754  0.00246967
26.7736  0.00248313
26.7932  0.00249596
26.8128  0.00250817
26.8324  0.00251975
26.852  0.00253067
26.8716  0.00254091
26.8912  0.00255045
26.9108  0.00255929
26.9304  0.00256739
26.95  0.00257476
26.9696  0.00258139
26.9892  0.00258726
27.0088  0.00259233
27.0284  0.00259664
27.048  0.00260015
27.0676  0.00260287
27.0872  0.00260478
27.1068  0.00260586
27.1264  0.00260614
27.146  0.00260559
27.1656  0.00260423
27.1852  0.00260201
27.2048  0.00259898
27.2244  0.00259511
27.244  0.00259041
27.2636  0.00258489
27.2832  0.00257855
27.3028  0.00257138
27.3224  0.00256338
27.342  0.00255459
27.3616  0.00254501
27.3812  0.00253462
27.4008  0.00252343
27.4204  0.0025115
27.44  0.00249878
27.4596  0.00248531
27.4792  0.00247109
27.4988  0.00245617
27.5184  0.00244052
27.538  0.00242417
27.5576  0.00240715
27.5772  0.00238947
27.5968  0.00237114
27.6164  0.00235218
27.636  0.00233261
27.6556  0.00231245
27.6752  0.00229173
27.6948  0.00227046
27.7144  0.00224867
27.734  0.00222635
27.7536  0.00220358
27.7732  0.00218034
27.7928  0.00215667
27.8124  0.00213258
27.832  0.00210812
27.8516  0.00208329
27.8712  0.00205812
27.8908  0.00203266
27.9104  0.00200688
27.93  0.00198086
27.9496  0.00195459
27.9692  0.00192813
27.9888  0.00190147
28.0084  0.00187464
28.028  0.0018477
28.0476  0.00182062
28.0672  0.00179349
28.0868  0.00176628
28.1064  0.00173905
28.126  0.00171179
28.1456  0.00168456
28.1652  0.00165736
28.1848  0.00163022
28.2044  0.00160316
28.224  0.00157622
28.2436  0.00154939
28.2632  0.00152272
28.2828  0.00149623
28.3024  0.00146992
28.322  0.00144382
28.3416  0.00141796
28.3612  0.00139234
28.3808  0.00136698
28.4004  0.00134192
28.42  0.00131716
28.4396  0.00129271
28.4592  0.00126859
28.4788  0.00124483
28.4984  0.00122142
28.518  0.00119838
28.5376  0.00117574
28.5572  0.00115349
28.5768  0.00113165
28.5964  0.00111022
28.616  0.00108922
28.6356  0.00106865
28.6552  0.00104853
28.6748  0.00102886
28.6944  0.00100964
28.714  0.000990876
28.7336  0.00097258
28.7532  0.000954745
28.7728  0.000937383
28.7924  0.000920492
28.812  0.000904082
28.8316  0.000888136
28.8512  0.00087267
28.8708  0.000857672
28.8904  0.000843136
28.91  0.000829075
28.9296  0.000815483
28.9492  0.000802353
28.9688  0.000789665
28.9884  0.000777441
29.008  0.000765665
29.0276  0.000754326
29.0472  0.00074342
29.0668  0.000732943
29.0864  0.000722889
29.106  0.000713247
29.1256  0.000704013
29.1452  0.000695164
29.1648  0.000686706
29.1844  0.000678627
29.204  0.000670914
29.2236  0.000663559
29.2432  0.000656553
29.2628  0.000649883
29.2824  0.00064354
29.302  0.000637511
29.3216  0.000631794
29.3412  0.000626369
29.3608  0.000621227
29.3804  0.000616365
29.4  0.000611756
