-29.4  0.000209195
-29.3804  0.000220629
-29.3608  0.000234141
-29.3412  0.000249804
-29.3216  0.000267696
-29.302  0.000287876
-29.2824  0.000310401
-29.2628  0.000335343
-29.2432  0.000362745
-29.2236  0.00039266
-29.204  0.000425136
-29.1844  0.000460207
-29.1648  0.000497914
-29.1452  0.000538287
-29.1256  0.000581354
-29.106  0.000627131
-29.0864  0.000675626
-29.0668  0.000726864
-29.0472  0.000780853
-29.0276  0.000837572
-29.008  0.00089702
-28.9884  0.000959189
-28.9688  0.00102406
-28.9492  0.00109162
-28.9296  0.00116181
-28.91  0.00123461
-28.8904  0.00130998
-28.8708  0.00138787
-28.8512  0.00146823
-28.8316  0.00155101
-28.812  0.00163611
-28.7924  0.00172349
-28.7728  0.00181306
-28.7532  0.00190475
-28.7336  0.00199847
-28.714  0.00209414
-28.6944  0.00219162
-28.6748  0.00229085
-28.6552  0.00239171
-28.6356  0.0024941
-28.616  0.00259788
-28.5964  0.00270297
-28.5768  0.00280922
-28.5572  0.0029165
-28.5376  0.00302468
-28.518  0.00313363
-28.4984  0.00324324
-28.4788  0.00335334
-28.4592  0.00346381
-28.4396  0.00357448
-28.42  0.00368523
-28.4004  0.0037959
-28.3808  0.00390634
-28.3612  0.00401643
-28.3416  0.004126
-28.322  0.00423488
-28.3024  0.00434294
-28.2828  0.00445004
-28.2632  0.004556
-28.2436  0.00466072
-28.224  0.00476404
-28.2044  0.00486576
-28.1848  0.00496581
-28.1652  0.005064
-28.1456  0.0051602
-28.126  0.00525426
-28.1064  0.0053461
-28.0868  0.00543553
-28.0672  0.00552247
-28.0476  0.00560673
-28.028  0.00568828
-28.0084  0.00576691
-27.9888  0.0058426
-27.9692  0.00591518
-27.9496  0.00598455
-27.93  0.00605065
-27.9104  0.00611336
-27.8908  0.00617261
-27.8712  0.00622832
-27.8516  0.0062804
-27.832  0.0063288
-27.8124  0.00637343
-27.7928  0.00641427
-27.7732  0.00645127
-27.7536  0.00648436
-27.734  0.0065135
-27.7144  0.0065387
-27.6948  0.00655989
-27.6752  0.00657709
-27.6556  0.00659026
-27.636  0.00659943
-27.6164  0.00660457
-27.5968  0.0066057
-27.5772  0.00660286
-27.5576  0.00659605
-27.538  0.00658528
-27.5184  0.00657063
-27.4988  0.00655213
-27.4792  0.0065298
-27.4596  0.00650374
-27.44  0.00647398
-27.4204  0.0064406
-27.4008  0.00640363
-27.3812  0.00636322
-27.3616  0.0063194
-27.342  0.00627227
-27.3224  0.00622192
-27.3028  0.00616848
-27.2832  0.00611203
-27.2636  0.00605264
-27.244  0.00599047
-27.2244  0.00592561
-27.2048  0.0058582
-27.1852  0.00578832
-27.1656  0.00571615
-27.146  0.00564175
-27.1264  0.00556528
-27.1068  0.00548688
-27.0872  0.0054067
-27.0676  0.00532483
-27.048  0.0052414
-27.0284  0.00515659
-27.0088  0.0050705
-26.9892  0.00498332
-26.9696  0.00489511
-26.95  0.00480604
-26.9304  0.00471627
-26.9108  0.00462591
-26.8912  0.00453509
-26.8716  0.00444397
-26.852  0.00435264
-26.8324  0.00426126
-26.8128  0.00416994
-26.7932  0.00407883
-26.7736  0.00398804
-26.754  0.00389768
-26.7344  0.00380785
-26.7148  0.00371868
-26.6952  0.0036303
-26.6756  0.00354279
-26.656  0.00345625
-26.6364  0.00337081
-26.6168  0.00328653
-26.5972  0.00320349
-26.5776  0.00312182
-26.558  0.00304154
-26.5384  0.00296278
-26.5188  0.00288559
-26.4992  0.00281006
-26.4796  0.0027362
-26.46  0.0026641
-26.4404  0.00259381
-26.4208  0.00252537
-26.4012  0.00245885
-26.3816  0.00239424
-26.362  0.0023316
-26.3424  0.00227094
-26.3228  0.00221232
-26.3032  0.00215571
-26.2836  0.00210117
-26.264  0.0020487
-26.2444  0.00199826
-26.2248  0.0019499
-26.2052  0.00190359
-26.1856  0.00185933
-26.166  0.00181711
-26.1464  0.00177692
-26.1268  0.00173875
-26.1072  0.00170256
-26.0876  0.00166831
-26.068  0.00163602
-26.0484  0.00160562
-26.0288  0.0015771
-26.0092  0.00155042
-25.9896  0.00152554
-25.97  0.00150242
-25.9504  0.00148102
-25.9308  0.00146131
-25.9112  0.00144325
-25.8916  0.00142678
-25.872  0.00141187
-25.8524  0.00139846
-25.8328  0.00138654
-25.8132  0.00137606
-25.7936  0.00136696
-25.774  0.0013592
-25.7544  0.00135275
-25.7348  0.00134758
-25.7152  0.00134364
-25.6956  0.0013409
-25.676  0.00133933
-25.6564  0.00133889
-25.6368  0.00133955
-25.6172  0.00134131
-25.5976  0.00134412
-25.578  0.00134797
-25.5584  0.00135284
-25.5388  0.00135872
-25.5192  0.00136562
-25.4996  0.0013735
-25.48  0.00138239
-25.4604  0.00139227
-25.4408  0.00140316
-25.4212  0.00141506
-25.4016  0.00142798
-25.382  0.00144196
-25.3624  0.001457
-25.3428  0.00147314
-25.3232  0.00149042
-25.3036  0.00150885
-25.284  0.0015285
-25.2644  0.0015494
-25.2448  0.0015716
-25.2252  0.00159514
-25.2056  0.0016201
-25.186  0.00164652
-25.1664  0.00167448
-25.1468  0.00170404
-25.1272  0.00173529
-25.1076  0.00176829
-25.088  0.00180309
-25.0684  0.00183982
-25.0488  0.00187855
-25.0292  0.00191936
-25.0096  0.00196235
-24.99  0.00200759
-24.9704  0.00205519
-24.9508  0.00210525
-24.9312  0.00215786
-24.9116  0.00221311
-24.892  0.00227111
-24.8724  0.00233197
-24.8528  0.00239575
-24.8332  0.00246259
-24.8136  0.00253258
-24.794  0.00260581
-24.7744  0.00268237
-24.7548  0.00276236
-24.7352  0.00284589
-24.7156  0.00293304
-24.696  0.00302389
-24.6764  0.00311856
-24.6568  0.0032171
-24.6372  0.00331959
-24.6176  0.00342613
-24.598  0.00353676
-24.5784  0.00365158
-24.5588  0.00377064
-24.5392  0.00389402
-24.5196  0.00402173
-24.5  0.00415384
-24.4804  0.00429039
-24.4608  0.00443141
-24.4412  0.00457697
-24.4216  0.00472702
-24.402  0.00488163
-24.3824  0.00504076
-24.3628  0.00520447
-24.3432  0.0053727
-24.3236  0.00554547
-24.304  0.00572276
-24.2844  0.0059045
-24.2648  0.00609068
-24.2452  0.00628125
-24.2256  0.00647612
-24.206  0.00667528
-24.1864  0.00687863
-24.1668  0.0070861
-24.1472  0.00729757
-24.1276  0.00751294
-24.108  0.00773217
-24.0884  0.00795506
-24.0688  0.00818151
-24.0492  0.00841142
-24.0296  0.00864461
-24.01  0.00888093
-23.9904  0.00912023
-23.9708  0.00936237
-23.9512  0.00960713
-23.9316  0.00985434
-23.912  0.0101038
-23.8924  0.0103554
-23.8728  0.0106088
-23.8532  0.0108639
-23.8336  0.0111204
-23.814  0.0113781
-23.7944  0.0116368
-23.7748  0.0118963
-23.7552  0.0121562
-23.7356  0.0124165
-23.716  0.0126768
-23.6964  0.0129368
-23.6768  0.0131963
-23.6572  0.0134551
-23.6376  0.0137129
-23.618  0.0139694
-23.5984  0.0142243
-23.5788  0.0144774
-23.5592  0.0147285
-23.5396  0.0149772
-23.52  0.0152234
-23.5004  0.0154666
-23.4808  0.0157067
-23.4612  0.0159434
-23.4416  0.0161763
-23.422  0.0164054
-23.4024  0.0166302
-23.3828  0.0168506
-23.3632  0.0170663
-23.3436  0.017277
-23.324  0.0174826
-23.3044  0.0176827
-23.2848  0.0178772
-23.2652  0.0180658
-23.2456  0.0182483
-23.226  0.0184245
-23.2064  0.0185942
-23.1868  0.0187571
-23.1672  0.0189132
-23.1476  0.0190622
-23.128  0.0192039
-23.1084  0.0193383
-23.0888  0.019465
-23.0692  0.0195841
-23.0496  0.0196954
-23.03  0.0197986
-23.0104  0.0198938
-22.9908  0.0199809
-22.9712  0.0200597
-22.9516  0.0201302
-22.932  0.0201922
-22.9124  0.0202459
-22.8928  0.0202909
-22.8732  0.0203275
-22.8536  0.0203556
-22.834  0.020375
-22.8144  0.0203859
-22.7948  0.0203883
-22.7752  0.0203821
-22.7556  0.0203675
-22.736  0.0203445
-22.7164  0.020313
-22.6968  0.0202733
-22.6772  0.0202254
-22.6576  0.0201693
-22.638  0.0201052
-22.6184  0.0200332
-22.5988  0.0199534
-22.5792  0.019866
-22.5596  0.0197711
-22.54  0.0196689
-22.5204  0.0195595
-22.5008  0.0194431
-22.4812  0.0193198
-22.4616  0.0191899
-22.442  0.0190536
-22.4224  0.0189111
-22.4028  0.0187625
-22.3832  0.0186081
-22.3636  0.0184482
-22.344  0.0182829
-22.3244  0.0181125
-22.3048  0.0179373
-22.2852  0.0177574
-22.2656  0.0175731
-22.246  0.0173847
-22.2264  0.0171924
-22.2068  0.0169965
-22.1872  0.0167972
-22.1676  0.0165948
-22.148  0.0163897
-22.1284  0.0161819
-22.1088  0.0159718
-22.0892  0.0157597
-22.0696  0.0155458
-22.05  0.0153304
-22.0304  0.0151136
-22.0108  0.0148959
-21.9912  0.0146775
-21.9716  0.0144584
-21.952  0.0142392
-21.9324  0.0140199
-21.9128  0.0138008
-21.8932  0.0135822
-21.8736  0.0133642
-21.854  0.0131472
-21.8344  0.0129312
-21.8148  0.0127167
-21.7952  0.0125036
-21.7756  0.0122923
-21.756  0.0120829
-21.7364  0.0118756
-21.7168  0.0116707
-21.6972  0.0114682
-21.6776  0.0112683
-21.658  0.0110713
-21.6384  0.0108772
-21.6188  0.0106861
-21.5992  0.0104983
-21.5796  0.0103139
-21.56  0.0101329
-21.5404  0.00995548
-21.5208  0.00978175
-21.5012  0.00961181
-21.4816  0.00944572
-21.462  0.00928357
-21.4424  0.00912545
-21.4228  0.0089714
-21.4032  0.0088215
-21.3836  0.00867578
-21.364  0.00853432
-21.3444  0.00839711
-21.3248  0.00826421
-21.3052  0.00813562
-21.2856  0.00801141
-21.266  0.00789154
-21.2464  0.00777602
-21.2268  0.00766488
-21.2072  0.00755812
-21.1876  0.00745571
-21.168  0.00735761
-21.1484  0.00726388
-21.1288  0.00717442
-21.1092  0.00708927
-21.0896  0.00700839
-21.07  0.00693171
-21.0504  0.00685923
-21.0308  0.00679097
-21.0112  0.0067268
-20.9916  0.0066667
-20.972  0.00661072
-20.9524  0.00655876
-20.9328  0.00651076
-20.9132  0.00646675
-20.8936  0.00642663
-20.874  0.00639043
-20.8544  0.00635806
-20.8348  0.00632952
-20.8152  0.00630477
-20.7956  0.00628379
-20.776  0.00626655
-20.7564  0.00625304
-20.7368  0.00624324
-20.7172  0.00623711
-20.6976  0.00623464
-20.678  0.00623586
-20.6584  0.00624075
-20.6388  0.00624927
-20.6192  0.0062615
-20.5996  0.0062774
-20.58  0.00629699
-20.5604  0.00632029
-20.5408  0.00634733
-20.5212  0.00637814
-20.5016  0.00641271
-20.482  0.00645114
-20.4624  0.00649344
-20.4428  0.00653965
-20.4232  0.00658985
-20.4036  0.00664409
-20.384  0.00670243
-20.3644  0.0067649
-20.3448  0.00683162
-20.3252  0.00690264
-20.3056  0.00697804
-20.286  0.0070579
-20.2664  0.00714234
-20.2468  0.00723137
-20.2272  0.00732517
-20.2076  0.00742375
-20.188  0.0075273
-20.1684  0.00763586
-20.1488  0.00774949
-20.1292  0.00786837
-20.1096  0.00799263
-20.09  0.00812227
-20.0704  0.00825745
-20.0508  0.00839829
-20.0312  0.00854485
-20.0116  0.00869723
-19.992  0.0088556
-19.9724  0.00901996
-19.9528  0.0091905
-19.9332  0.00936728
-19.9136  0.00955035
-19.894  0.00973982
-19.8744  0.00993579
-19.8548  0.0101383
-19.8352  0.0103475
-19.8156  0.0105634
-19.796  0.010786
-19.7764  0.0110154
-19.7568  0.0112518
-19.7372  0.011495
-19.7176  0.0117451
-19.698  0.0120022
-19.6784  0.0122663
-19.6588  0.0125373
-19.6392  0.0128153
-19.6196  0.0131003
-19.6  0.0133921
-19.5804  0.0136909
-19.5608  0.0139965
-19.5412  0.0143089
-19.5216  0.014628
-19.502  0.0149538
-19.4824  0.0152861
-19.4628  0.0156248
-19.4432  0.0159698
-19.4236  0.0163211
-19.404  0.0166784
-19.3844  0.0170415
-19.3648  0.0174105
-19.3452  0.0177849
-19.3256  0.0181647
-19.306  0.0185497
-19.2864  0.0189396
-19.2668  0.0193342
-19.2472  0.0197333
-19.2276  0.0201365
-19.208  0.0205437
-19.1884  0.0209546
-19.1688  0.0213688
-19.1492  0.0217861
-19.1296  0.0222061
-19.11  0.0226286
-19.0904  0.0230531
-19.0708  0.0234795
-19.0512  0.0239072
-19.0316  0.0243359
-19.012  0.0247653
-18.9924  0.025195
-18.9728  0.0256246
-18.9532  0.0260537
-18.9336  0.0264819
-18.914  0.0269088
-18.8944  0.027334
-18.8748  0.027757
-18.8552  0.0281775
-18.8356  0.028595
-18.816  0.0290091
-18.7964  0.0294195
-18.7768  0.0298255
-18.7572  0.0302269
-18.7376  0.030623
-18.718  0.0310137
-18.6984  0.0313984
-18.6788  0.0317766
-18.6592  0.0321481
-18.6396  0.0325124
-18.62  0.0328689
-18.6004  0.0332174
-18.5808  0.0335574
-18.5612  0.0338886
-18.5416  0.0342104
-18.522  0.0345227
-18.5024  0.0348249
-18.4828  0.0351168
-18.4632  0.0353979
-18.4436  0.035668
-18.424  0.0359268
-18.4044  0.0361737
-18.3848  0.0364087
-18.3652  0.0366314
-18.3456  0.0368415
-18.326  0.0370388
-18.3064  0.037223
-18.2868  0.0373938
-18.2672  0.0375512
-18.2476  0.0376947
-18.228  0.0378245
-18.2084  0.0379401
-18.1888  0.0380415
-18.1692  0.0381285
-18.1496  0.0382011
-18.13  0.0382591
-18.1104  0.0383025
-18.0908  0.0383313
-18.0712  0.0383453
-18.0516  0.0383446
-18.032  0.0383291
-18.0124  0.0382989
-17.9928  0.0382541
-17.9732  0.0381948
-17.9536  0.0381208
-17.934  0.0380324
-17.9144  0.0379297
-17.8948  0.0378128
-17.8752  0.0376819
-17.8556  0.0375371
-17.836  0.0373787
-17.8164  0.0372068
-17.7968  0.0370216
-17.7772  0.0368235
-17.7576  0.0366126
-17.738  0.0363893
-17.7184  0.0361537
-17.6988  0.0359063
-17.6792  0.0356473
-17.6596  0.0353771
-17.64  0.0350959
-17.6204  0.0348043
-17.6008  0.0345024
-17.5812  0.0341907
-17.5616  0.0338697
-17.542  0.0335395
-17.5224  0.0332008
-17.5028  0.0328539
-17.4832  0.0324992
-17.4636  0.0321371
-17.444  0.0317681
-17.4244  0.0313926
-17.4048  0.0310111
-17.3852  0.0306239
-17.3656  0.0302316
-17.346  0.0298346
-17.3264  0.0294334
-17.3068  0.0290283
-17.2872  0.0286199
-17.2676  0.0282086
-17.248  0.0277948
-17.2284  0.027379
-17.2088  0.0269616
-17.1892  0.0265431
-17.1696  0.0261239
-17.15  0.0257044
-17.1304  0.025285
-17.1108  0.0248662
-17.0912  0.0244483
-17.0716  0.0240317
-17.052  0.0236169
-17.0324  0.0232043
-17.0128  0.0227941
-16.9932  0.0223867
-16.9736  0.0219826
-16.954  0.021582
-16.9344  0.0211851
-16.9148  0.0207926
-16.8952  0.0204044
-16.8756  0.020021
-16.856  0.0196426
-16.8364  0.0192696
-16.8168  0.018902
-16.7972  0.0185402
-16.7776  0.0181844
-16.758  0.0178349
-16.7384  0.0174917
-16.7188  0.0171551
-16.6992  0.0168253
-16.6796  0.0165023
-16.66  0.0161864
-16.6404  0.0158776
-16.6208  0.0155761
-16.6012  0.0152821
-16.5816  0.0149954
-16.562  0.0147163
-16.5424  0.0144449
-16.5228  0.014181
-16.5032  0.0139249
-16.4836  0.0136765
-16.464  0.0134358
-16.4444  0.0132028
-16.4248  0.0129776
-16.4052  0.0127602
-16.3856  0.0125505
-16.366  0.0123484
-16.3464  0.0121539
-16.3268  0.0119671
-16.3072  0.0117878
-16.2876  0.0116159
-16.268  0.0114516
-16.2484  0.0112945
-16.2288  0.0111447
-16.2092  0.0110021
-16.1896  0.0108667
-16.17  0.0107383
-16.1504  0.0106168
-16.1308  0.0105022
-16.1112  0.0103944
-16.0916  0.0102933
-16.072  0.0101988
-16.0524  0.0101107
-16.0328  0.0100291
-16.0132  0.0099539
-15.9936  0.00988491
-15.974  0.00982213
-15.9544  0.00976546
-15.9348  0.00971482
-15.9152  0.00967018
-15.8956  0.00963146
-15.876  0.00959861
-15.8564  0.00957156
-15.8368  0.00955028
-15.8172  0.00953477
-15.7976  0.00952493
-15.778  0.0095208
-15.7584  0.00952231
-15.7388  0.00952952
-15.7192  0.00954237
-15.6996  0.00956088
-15.68  0.00958508
-15.6604  0.00961498
-15.6408  0.00965061
-15.6212  0.00969203
-15.6016  0.00973928
-15.582  0.00979236
-15.5624  0.00985141
-15.5428  0.00991644
-15.5232  0.0099876
-15.5036  0.0100649
-15.484  0.0101484
-15.4644  0.0102383
-15.4448  0.0103347
-15.4252  0.0104376
-15.4056  0.0105472
-15.386  0.0106636
-15.3664  0.0107869
-15.3468  0.0109172
-15.3272  0.0110548
-15.3076  0.0111996
-15.288  0.0113519
-15.2684  0.0115118
-15.2488  0.0116793
-15.2292  0.0118548
-15.2096  0.0120383
-15.19  0.0122299
-15.1704  0.0124298
-15.1508  0.0126381
-15.1312  0.012855
-15.1116  0.0130805
-15.092  0.0133148
-15.0724  0.0135581
-15.0528  0.0138104
-15.0332  0.0140718
-15.0136  0.0143425
-14.994  0.0146225
-14.9744  0.0149119
-14.9548  0.0152108
-14.9352  0.0155193
-14.9156  0.0158374
-14.896  0.0161651
-14.8764  0.0165024
-14.8568  0.0168495
-14.8372  0.0172063
-14.8176  0.0175728
-14.798  0.0179489
-14.7784  0.0183347
-14.7588  0.0187299
-14.7392  0.0191347
-14.7196  0.0195489
-14.7  0.0199724
-14.6804  0.0204051
-14.6608  0.0208467
-14.6412  0.0212973
-14.6216  0.0217565
-14.602  0.0222242
-14.5824  0.0227003
-14.5628  0.0231843
-14.5432  0.0236762
-14.5236  0.0241756
-14.504  0.0246821
-14.4844  0.0251956
-14.4648  0.0257158
-14.4452  0.0262421
-14.4256  0.0267744
-14.406  0.0273121
-14.3864  0.0278549
-14.3668  0.0284024
-14.3472  0.0289541
-14.3276  0.0295096
-14.308  0.0300685
-14.2884  0.0306302
-14.2688  0.0311941
-14.2492  0.0317599
-14.2296  0.0323269
-14.21  0.0328947
-14.1904  0.0334627
-14.1708  0.0340303
-14.1512  0.0345969
-14.1316  0.0351619
-14.112  0.0357248
-14.0924  0.0362848
-14.0728  0.0368416
-14.0532  0.0373943
-14.0336  0.0379424
-14.014  0.0384852
-13.9944  0.0390222
-13.9748  0.0395526
-13.9552  0.0400759
-13.9356  0.0405914
-13.916  0.0410985
-13.8964  0.0415964
-13.8768  0.0420847
-13.8572  0.0425627
-13.8376  0.0430298
-13.818  0.0434852
-13.7984  0.0439285
-13.7788  0.0443591
-13.7592  0.0447764
-13.7396  0.0451798
-13.72  0.0455687
-13.7004  0.0459426
-13.6808  0.046301
-13.6612  0.0466433
-13.6416  0.0469691
-13.622  0.0472778
-13.6024  0.0475691
-13.5828  0.0478424
-13.5632  0.0480975
-13.5436  0.0483338
-13.524  0.0485509
-13.5044  0.0487487
-13.4848  0.0489266
-13.4652  0.0490845
-13.4456  0.049222
-13.426  0.0493389
-13.4064  0.049435
-13.3868  0.04951
-13.3672  0.049564
-13.3476  0.0495965
-13.328  0.0496076
-13.3084  0.0495973
-13.2888  0.0495654
-13.2692  0.0495119
-13.2496  0.0494369
-13.23  0.0493403
-13.2104  0.0492223
-13.1908  0.049083
-13.1712  0.0489225
-13.1516  0.0487408
-13.132  0.0485383
-13.1124  0.0483152
-13.0928  0.0480717
-13.0732  0.047808
-13.0536  0.0475245
-13.034  0.0472214
-13.0144  0.0468993
-12.9948  0.0465584
-12.9752  0.0461991
-12.9556  0.045822
-12.936  0.0454273
-12.9164  0.0450157
-12.8968  0.0445876
-12.8772  0.0441436
-12.8576  0.0436841
-12.838  0.0432098
-12.8184  0.0427212
-12.7988  0.0422189
-12.7792  0.0417036
-12.7596  0.0411758
-12.74  0.0406362
-12.7204  0.0400856
-12.7008  0.0395244
-12.6812  0.0389534
-12.6616  0.0383732
-12.642  0.0377847
-12.6224  0.0371885
-12.6028  0.0365852
-12.5832  0.0359756
-12.5636  0.0353604
-12.544  0.0347402
-12.5244  0.0341158
-12.5048  0.033488
-12.4852  0.0328573
-12.4656  0.0322246
-12.446  0.0315904
-12.4264  0.0309554
-12.4068  0.0303205
-12.3872  0.0296861
-12.3676  0.029053
-12.348  0.0284219
-12.3284  0.0277933
-12.3088  0.0271678
-12.2892  0.026546
-12.2696  0.0259287
-12.25  0.0253163
-12.2304  0.0247093
-12.2108  0.0241084
-12.1912  0.0235139
-12.1716  0.0229265
-12.152  0.0223466
-12.1324  0.0217746
-12.1128  0.021211
-12.0932  0.0206562
-12.0736  0.0201105
-12.054  0.0195744
-12.0344  0.0190481
-12.0148  0.018532
-11.9952  0.0180264
-11.9756  0.0175316
-11.956  0.0170477
-11.9364  0.016575
-11.9168  0.0161137
-11.8972  0.015664
-11.8776  0.015226
-11.858  0.0147998
-11.8384  0.0143856
-11.8188  0.0139833
-11.7992  0.0135931
-11.7796  0.013215
-11.76  0.012849
-11.7404  0.0124951
-11.7208  0.0121532
-11.7012  0.0118233
-11.6816  0.0115053
-11.662  0.0111991
-11.6424  0.0109046
-11.6228  0.0106218
-11.6032  0.0103504
-11.5836  0.0100903
-11.564  0.00984126
-11.5444  0.00960317
-11.5248  0.00937585
-11.5052  0.00915905
-11.4856  0.00895255
-11.466  0.00875613
-11.4464  0.00856957
-11.4268  0.0083926
-11.4072  0.00822501
-11.3876  0.00806654
-11.368  0.00791688
-11.3484  0.00777583
-11.3288  0.00764315
-11.3092  0.00751852
-11.2896  0.00740172
-11.27  0.00729251
-11.2504  0.0071906
-11.2308  0.00709578
-11.2112  0.00700775
-11.1916  0.0069263
-11.172  0.00685124
-11.1524  0.00678231
-11.1328  0.0067193
-11.1132  0.006662
-11.0936  0.00661025
-11.074  0.00656384
-11.0544  0.0065226
-11.0348  0.0064864
-11.0152  0.00645507
-10.9956  0.00642849
-10.976  0.00640655
-10.9564  0.00638915
-10.9368  0.00637622
-10.9172  0.00636768
-10.8976  0.00636346
-10.878  0.00636355
-10.8584  0.00636792
-10.8388  0.00637655
-10.8192  0.00638947
-10.7996  0.00640674
-10.78  0.00642836
-10.7604  0.0064544
-10.7408  0.00648495
-10.7212  0.0065201
-10.7016  0.00655994
-10.682  0.00660466
-10.6624  0.00665432
-10.6428  0.00670911
-10.6232  0.0067692
-10.6036  0.00683476
-10.584  0.00690596
-10.5644  0.00698303
-10.5448  0.00706617
-10.5252  0.00715564
-10.5056  0.0072516
-10.486  0.00735436
-10.4664  0.0074641
-10.4468  0.00758113
-10.4272  0.00770567
-10.4076  0.00783802
-10.388  0.00797839
-10.3684  0.00812708
-10.3488  0.00828434
-10.3292  0.00845043
-10.3096  0.00862566
-10.29  0.00881022
-10.2704  0.00900442
-10.2508  0.00920847
-10.2312  0.00942261
-10.2116  0.00964712
-10.192  0.00988217
-10.1724  0.010128
-10.1528  0.0103848
-10.1332  0.0106528
-10.1136  0.0109322
-10.094  0.011223
-10.0744  0.0115255
-10.0548  0.0118398
-10.0352  0.012166
-10.0156  0.0125042
-9.996  0.0128543
-9.9764  0.0132166
-9.9568  0.0135911
-9.9372  0.0139776
-9.9176  0.0143763
-9.898  0.014787
-9.8784  0.0152097
-9.8588  0.0156443
-9.8392  0.0160907
-9.8196  0.0165488
-9.8  0.0170183
-9.7804  0.017499
-9.7608  0.0179908
-9.7412  0.0184934
-9.7216  0.0190064
-9.702  0.0195297
-9.6824  0.0200627
-9.6628  0.0206053
-9.6432  0.021157
-9.6236  0.0217173
-9.604  0.0222858
-9.5844  0.0228621
-9.5648  0.0234457
-9.5452  0.024036
-9.5256  0.0246325
-9.506  0.0252345
-9.4864  0.0258417
-9.4668  0.0264532
-9.4472  0.0270686
-9.4276  0.0276871
-9.408  0.0283079
-9.3884  0.0289306
-9.3688  0.0295544
-9.3492  0.0301784
-9.3296  0.0308021
-9.31  0.0314247
-9.2904  0.0320453
-9.2708  0.0326633
-9.2512  0.0332778
-9.2316  0.0338882
-9.212  0.0344934
-9.1924  0.0350929
-9.1728  0.0356858
-9.1532  0.0362713
-9.1336  0.0368486
-9.114  0.0374169
-9.0944  0.0379755
-9.0748  0.0385236
-9.0552  0.0390604
-9.0356  0.0395851
-9.016  0.040097
-8.9964  0.0405954
-8.9768  0.0410795
-8.9572  0.0415488
-8.9376  0.0420023
-8.918  0.0424396
-8.8984  0.04286
-8.8788  0.0432627
-8.8592  0.0436473
-8.8396  0.0440132
-8.82  0.0443597
-8.8004  0.0446865
-8.7808  0.0449931
-8.7612  0.0452788
-8.7416  0.0455434
-8.722  0.0457864
-8.7024  0.0460075
-8.6828  0.0462064
-8.6632  0.0463826
-8.6436  0.0465361
-8.624  0.0466665
-8.6044  0.0467737
-8.5848  0.0468575
-8.5652  0.0469178
-8.5456  0.0469546
-8.526  0.0469677
-8.5064  0.0469573
-8.4868  0.0469232
-8.4672  0.0468657
-8.4476  0.0467848
-8.428  0.0466806
-8.4084  0.0465533
-8.3888  0.0464032
-8.3692  0.0462305
-8.3496  0.0460356
-8.33  0.0458186
-8.3104  0.04558
-8.2908  0.0453202
-8.2712  0.0450395
-8.2516  0.0447385
-8.232  0.0444175
-8.2124  0.0440771
-8.1928  0.0437179
-8.1732  0.0433405
-8.1536  0.0429452
-8.134  0.0425329
-8.1144  0.042104
-8.0948  0.0416594
-8.0752  0.0411995
-8.0556  0.040725
-8.036  0.0402368
-8.0164  0.0397354
-7.9968  0.0392216
-7.9772  0.0386962
-7.9576  0.0381597
-7.938  0.037613
-7.9184  0.0370569
-7.8988  0.036492
-7.8792  0.0359191
-7.8596  0.035339
-7.84  0.0347523
-7.8204  0.0341599
-7.8008  0.0335624
-7.7812  0.0329606
-7.7616  0.0323551
-7.742  0.0317468
-7.7224  0.0311361
-7.7028  0.030524
-7.6832  0.0299109
-7.6636  0.0292976
-7.644  0.0286847
-7.6244  0.0280727
-7.6048  0.0274622
-7.5852  0.0268539
-7.5656  0.0262482
-7.546  0.0256457
-7.5264  0.0250469
-7.5068  0.0244522
-7.4872  0.0238622
-7.4676  0.0232771
-7.448  0.0226974
-7.4284  0.0221235
-7.4088  0.0215557
-7.3892  0.0209943
-7.3696  0.0204397
-7.35  0.019892
-7.3304  0.0193515
-7.3108  0.0188185
-7.2912  0.018293
-7.2716  0.0177753
-7.252  0.0172655
-7.2324  0.0167637
-7.2128  0.0162699
-7.1932  0.0157844
-7.1736  0.015307
-7.154  0.0148379
-7.1344  0.0143769
-7.1148  0.0139242
-7.0952  0.0134796
-7.0756  0.0130431
-7.056  0.0126148
-7.0364  0.0121944
-7.0168  0.0117819
-6.9972  0.0113773
-6.9776  0.0109804
-6.958  0.0105911
-6.9384  0.0102093
-6.9188  0.00983494
-6.8992  0.00946785
-6.8796  0.00910796
-6.86  0.00875516
-6.8404  0.00840936
-6.8208  0.00807048
-6.8012  0.00773843
-6.7816  0.00741317
-6.762  0.00709467
-6.7424  0.00678288
-6.7228  0.0064778
-6.7032  0.00617945
-6.6836  0.00588787
-6.664  0.00560315
-6.6444  0.00532539
-6.6248  0.0050547
-6.6052  0.00479128
-6.5856  0.00453533
-6.566  0.00428711
-6.5464  0.00404689
-6.5268  0.00381503
-6.5072  0.00359193
-6.4876  0.00337799
-6.468  0.00317374
-6.4484  0.00297971
-6.4288  0.00279655
-6.4092  0.00262489
-6.3896  0.0024655
-6.37  0.00231917
-6.3504  0.00218682
-6.3308  0.00206939
-6.3112  0.00196792
-6.2916  0.00188355
-6.272  0.00181748
-6.2524  0.00177101
-6.2328  0.00174556
-6.2132  0.00174264
-6.1936  0.00176383
-6.174  0.00181085
-6.1544  0.00188553
-6.1348  0.00198985
-6.1152  0.00212585
-6.0956  0.00229575
-6.076  0.00250188
-6.0564  0.00274677
-6.0368  0.00303301
-6.0172  0.00336343
-5.9976  0.00374096
-5.978  0.00416877
-5.9584  0.00465017
-5.9388  0.00518865
-5.9192  0.00578793
-5.8996  0.00645194
-5.88  0.00718479
-5.8604  0.00799094
-5.8408  0.0088749
-5.8212  0.00984162
-5.8016  0.0108962
-5.782  0.0120441
-5.7624  0.013291
-5.7428  0.014643
-5.7232  0.0161064
-5.7036  0.017688
-5.684  0.0193948
-5.6644  0.0212343
-5.6448  0.0232143
-5.6252  0.0253431
-5.6056  0.0276294
-5.586  0.0300825
-5.5664  0.032712
-5.5468  0.035528
-5.5272  0.0385413
-5.5076  0.0417632
-5.488  0.0452055
-5.4684  0.0488807
-5.4488  0.0528019
-5.4292  0.056983
-5.4096  0.0614384
-5.39  0.0661834
-5.3704  0.0712341
-5.3508  0.0766071
-5.3312  0.0823203
-5.3116  0.0883921
-5.292  0.0948422
-5.2724  0.101691
-5.2528  0.10896
-5.2332  0.116671
-5.2136  0.124848
-5.194  0.133515
-5.1744  0.1427
-5.1548  0.152428
-5.1352  0.162728
-5.1156  0.173629
-5.096  0.185163
-5.0764  0.197362
-5.0568  0.21026
-5.0372  0.223891
-5.0176  0.238295
-4.998  0.253507
-4.9784  0.26957
-4.9588  0.286525
-4.9392  0.304415
-4.9196  0.323286
-4.9  0.343187
-4.8804  0.364165
-4.8608  0.386273
-4.8412  0.409565
-4.8216  0.434095
-4.802  0.459922
-4.7824  0.487105
-4.7628  0.515708
-4.7432  0.545795
-4.7236  0.577434
-4.704  0.610693
-4.6844  0.645646
-4.6648  0.682366
-4.6452  0.720933
-4.6256  0.761425
-4.606  0.803926
-4.5864  0.848522
-4.5668  0.895302
-4.5472  0.944356
-4.5276  0.995781
-4.508  1.04967
-4.4884  1.10614
-4.4688  1.16527
-4.4492  1.22718
-4.4296  1.29199
-4.41  1.3598
-4.3904  1.43073
-4.3708  1.5049
-4.3512  1.58244
-4.3316  1.66347
-4.312  1.74812
-4.2924  1.83654
-4.2728  1.92885
-4.2532  2.02519
-4.2336  2.12572
-4.214  2.23059
-4.1944  2.33993
-4.1748  2.45392
-4.1552  2.5727
-4.1356  2.69645
-4.116  2.82533
-4.0964  2.95951
-4.0768  3.09916
-4.0572  3.24446
-4.0376  3.3956
-4.018  3.55276
-3.9984  3.71613
-3.9788  3.88589
-3.9592  4.06225
-3.9396  4.24541
-3.92  4.43556
-3.9004  4.63292
-3.8808  4.83769
-3.8612  5.05008
-3.8416  5.27031
-3.822  5.49861
-3.8024  5.73519
-3.7828  5.98027
-3.7632  6.23409
-3.7436  6.49687
-3.724  6.76886
-3.7044  7.05028
-3.6848  7.34137
-3.6652  7.64237
-3.6456  7.95353
-3.626  8.2751
-3.6064  8.60731
-3.5868  8.95042
-3.5672  9.30468
-3.5476  9.67034
-3.528  10.0477
-3.5084  10.4369
-3.4888  10.8383
-3.4692  11.2521
-3.4496  11.6786
-3.43  12.118
-3.4104  12.5706
-3.3908  13.0367
-3.3712  13.5165
-3.3516  14.0102
-3.332  14.5182
-3.3124  15.0406
-3.2928  15.5778
-3.2732  16.13
-3.2536  16.6974
-3.234  17.2803
-3.2144  17.879
-3.1948  18.4937
-3.1752  19.1245
-3.1556  19.7719
-3.136  20.436
-3.1164  21.117
-3.0968  21.8152
-3.0772  22.5308
-3.0576  23.2641
-3.038  24.0152
-3.0184  24.7844
-2.9988  25.5718
-2.9792  26.3778
-2.9596  27.2024
-2.94  28.0459
-2.9204  28.9084
-2.9008  29.7902
-2.8812  30.6914
-2.8616  31.6122
-2.842  32.5527
-2.8224  33.5132
-2.8028  34.4936
-2.7832  35.4943
-2.7636  36.5153
-2.744  37.5566
-2.7244  38.6186
-2.7048  39.7011
-2.6852  40.8044
-2.6656  41.9285
-2.646  43.0735
-2.6264  44.2394
-2.6068  45.4263
-2.5872  46.6342
-2.5676  47.8632
-2.548  49.1133
-2.5284  50.3844
-2.5088  51.6766
-2.4892  52.9899
-2.4696  54.3242
-2.45  55.6794
-2.4304  57.0556
-2.4108  58.4527
-2.3912  59.8705
-2.3716  61.309
-2.352  62.768
-2.3324  64.2475
-2.3128  65.7472
-2.2932  67.2672
-2.2736  68.807
-2.254  70.3667
-2.2344  71.946
-2.2148  73.5447
-2.1952  75.1625
-2.1756  76.7993
-2.156  78.4547
-2.1364  80.1285
-2.1168  81.8205
-2.0972  83.5302
-2.0776  85.2575
-2.058  87.0019
-2.0384  88.7631
-2.0188  90.5408
-1.9992  92.3346
-1.9796  94.144
-1.96  95.9688
-1.9404  97.8084
-1.9208  99.6624
-1.9012  101.53
-1.8816  103.412
-1.862  105.307
-1.8424  107.214
-1.8228  109.133
-1.8032  111.063
-1.7836  113.005
-1.764  114.957
-1.7444  116.919
-1.7248  118.89
-1.7052  120.87
-1.6856  122.857
-1.666  124.853
-1.6464  126.855
-1.6268  128.863
-1.6072  130.877
-1.5876  132.895
-1.568  134.918
-1.5484  136.944
-1.5288  138.973
-1.5092  141.005
-1.4896  143.037
-1.47  145.07
-1.4504  147.103
-1.4308  149.135
-1.4112  151.166
-1.3916  153.194
-1.372  155.219
-1.3524  157.24
-1.3328  159.257
-1.3132  161.268
-1.2936  163.272
-1.274  165.27
-1.2544  167.259
-1.2348  169.24
-1.2152  171.212
-1.1956  173.173
-1.176  175.123
-1.1564  177.061
-1.1368  178.986
-1.1172  180.898
-1.0976  182.795
-1.078  184.677
-1.0584  186.543
-1.0388  188.392
-1.0192  190.223
-0.9996  192.036
-0.98  193.83
-0.9604  195.603
-0.9408  197.355
-0.9212  199.086
-0.9016  200.794
-0.882  202.479
-0.8624  204.14
-0.8428  205.776
-0.8232  207.386
-0.8036  208.97
-0.784  210.527
-0.7644  212.056
-0.7448  213.556
-0.7252  215.027
-0.7056  216.468
-0.686  217.878
-0.6664  219.257
-0.6468  220.604
-0.6272  221.918
-0.6076  223.199
-0.588  224.445
-0.5684  225.657
-0.5488  226.834
-0.5292  227.976
-0.5096  229.08
-0.49  230.148
-0.4704  231.179
-0.4508  232.171
-0.4312  233.125
-0.4116  234.04
-0.392  234.916
-0.3724  235.752
-0.3528  236.547
-0.3332  237.302
-0.3136  238.016
-0.294  238.688
-0.2744  239.319
-0.2548  239.908
-0.2352  240.454
-0.2156  240.958
-0.196  241.418
-0.1764  241.836
-0.1568  242.21
-0.1372  242.54
-0.1176  242.827
-0.098  243.07
-0.0784  243.269
-0.0588  243.424
-0.0392  243.535
-0.0196  243.601
0  243.623
0.0196  243.601
0.0392  243.535
0.0588  243.424
0.0784  243.269
0.098  243.07
0.1176  242.827
0.1372  242.54
0.1568  242.21
0.1764  241.836
0.196  241.418
0.2156  240.958
0.2352  240.454
0.2548  239.908
0.2744  239.319
0.294  238.688
0.3136  238.016
0.3332  237.302
0.3528  236.547
0.3724  235.752
0.392  234.916
0.4116  234.04
0.4312  233.125
0.4508  232.171
0.4704  231.179
0.49  230.148
0.5096  229.08
0.5292  227.976
0.5488  226.834
0.5684  225.657
0.588  224.445
0.6076  223.199
0.6272  221.918
0.6468  220.604
0.6664  219.257
0.686  217.878
0.7056  216.468
0.7252  215.027
0.7448  213.556
0.7644  212.056
0.784  210.527
0.8036  208.97
0.8232  207.386
0.8428  205.776
0.8624  204.14
0.882  202.479
0.9016  200.794
0.9212  199.086
0.9408  197.355
0.9604  195.603
0.98  193.83
0.9996  192.036
1.0192  190.223
1.0388  188.392
1.0584  186.543
1.078  184.677
1.0976  182.795
1.1172  180.898
1.1368  178.986
1.1564  177.061
1.176  175.123
1.1956  173.173
1.2152  171.212
1.2348  169.24
1.2544  167.259
1.274  165.27
1.2936  163.272
1.3132  161.268
1.3328  159.257
1.3524  157.24
1.372  155.219
1.3916  153.194
1.4112  151.166
1.4308  149.135
1.4504  147.103
1.47  145.07
1.4896  143.037
1.5092  141.005
1.5288  138.973
1.5484  136.944
1.568  134.918
1.5876  132.895
1.6072  130.877
1.6268  128.863
1.6464  126.855
1.666  124.853
1.6856  122.857
1.7052  120.87
1.7248  118.89
1.7444  116.919
1.764  114.957
1.7836  113.005
1.8032  111.063
1.8228  109.133
1.8424  107.214
1.862  105.307
1.8816  103.412
1.9012  101.53
1.9208  99.6624
1.9404  97.8084
1.96  95.9688
1.9796  94.144
1.9992  92.3346
2.0188  90.5408
2.0384  88.7631
2.058  87.0019
2.0776  85.2575
2.0972  83.5302
2.1168  81.8205
2.1364  80.1285
2.156  78.4547
2.1756  76.7993
2.1952  75.1625
2.2148  73.5447
2.2344  71.946
2.254  70.3667
2.2736  68.807
2.2932  67.2672
2.3128  65.7472
2.3324  64.2475
2.352  62.768
2.3716  61.309
2.3912  59.8705
2.4108  58.4527
2.4304  57.0556
2.45  55.6794
2.4696  54.3242
2.4892  52.9899
2.5088  51.6766
2.5284  50.3844
2.548  49.1133
2.5676  47.8632
2.5872  46.6342
2.6068  45.4263
2.6264  44.2394
2.646  43.0735
2.6656  41.9285
2.6852  40.8044
2.7048  39.7011
2.7244  38.6186
2.744  37.5566
2.7636  36.5153
2.7832  35.4943
2.8028  34.4936
2.8224  33.5132
2.842  32.5527
2.8616  31.6122
2.8812  30.6914
2.9008  29.7902
2.9204  28.9084
2.94  28.0459
2.9596  27.2024
2.9792  26.3778
2.9988  25.5718
3.0184  24.7844
3.038  24.0152
3.0576  23.2641
3.0772  22.5308
3.0968  21.8152
3.1164  21.117
3.136  20.436
3.1556  19.7719
3.1752  19.1245
3.1948  18.4937
3.2144  17.879
3.234  17.2803
3.2536  16.6974
3.2732  16.13
3.2928  15.5778
3.3124  15.0406
3.332  14.5182
3.3516  14.0102
3.3712  13.5165
3.3908  13.0367
3.4104  12.5706
3.43  12.118
3.4496  11.6786
3.4692  11.2521
3.4888  10.8383
3.5084  10.4369
3.528  10.0477
3.5476  9.67034
3.5672  9.30468
3.5868  8.95042
3.6064  8.60731
3.626  8.2751
3.6456  7.95353
3.6652  7.64237
3.6848  7.34137
3.7044  7.05028
3.724  6.76886
3.7436  6.49688
3.7632  6.23409
3.7828  5.98027
3.8024  5.73519
3.822  5.49861
3.8416  5.27032
3.8612  5.05008
3.8808  4.83769
3.9004  4.63292
3.92  4.43556
3.9396  4.24541
3.9592  4.06225
3.9788  3.88589
3.9984  3.71613
4.018  3.55276
4.0376  3.3956
4.0572  3.24447
4.0768  3.09916
4.0964  2.95951
4.116  2.82533
4.1356  2.69645
4.1552  2.5727
4.1748  2.45392
4.1944  2.33993
4.214  2.23059
4.2336  2.12573
4.2532  2.02519
4.2728  1.92885
4.2924  1.83654
4.312  1.74812
4.3316  1.66347
4.3512  1.58244
4.3708  1.5049
4.3904  1.43073
4.41  1.3598
4.4296  1.29199
4.4492  1.22718
4.4688  1.16527
4.4884  1.10614
4.508  1.04967
4.5276  0.995782
4.5472  0.944357
4.5668  0.895302
4.5864  0.848522
4.606  0.803926
4.6256  0.761425
4.6452  0.720933
4.6648  0.682367
4.6844  0.645646
4.704  0.610693
4.7236  0.577434
4.7432  0.545796
4.7628  0.515709
4.7824  0.487106
4.802  0.459922
4.8216  0.434095
4.8412  0.409565
4.8608  0.386274
4.8804  0.364165
4.9  0.343187
4.9196  0.323287
4.9392  0.304415
4.9588  0.286525
4.9784  0.26957
4.998  0.253507
5.0176  0.238295
5.0372  0.223892
5.0568  0.21026
5.0764  0.197362
5.096  0.185163
5.1156  0.173629
5.1352  0.162728
5.1548  0.152428
5.1744  0.1427
5.194  0.133516
5.2136  0.124848
5.2332  0.116671
5.2528  0.10896
5.2724  0.101691
5.292  0.0948423
5.3116  0.0883922
5.3312  0.0823204
5.3508  0.0766072
5.3704  0.0712341
5.39  0.0661834
5.4096  0.0614384
5.4292  0.056983
5.4488  0.0528019
5.4684  0.0488807
5.488  0.0452055
5.5076  0.0417632
5.5272  0.0385413
5.5468  0.035528
5.5664  0.032712
5.586  0.0300825
5.6056  0.0276294
5.6252  0.0253431
5.6448  0.0232143
5.6644  0.0212343
5.684  0.0193948
5.7036  0.017688
5.7232  0.0161064
5.7428  0.014643
5.7624  0.013291
5.782  0.0120441
5.8016  0.0108962
5.8212  0.00984162
5.8408  0.0088749
5.8604  0.00799094
5.88  0.00718479
5.8996  0.00645194
5.9192  0.00578793
5.9388  0.00518865
5.9584  0.00465017
5.978  0.00416877
5.9976  0.00374096
6.0172  0.00336343
6.0368  0.00303301
6.0564  0.00274677
6.076  0.00250189
6.0956  0.00229575
6.1152  0.00212585
6.1348  0.00198985
6.1544  0.00188554
6.174  0.00181085
6.1936  0.00176383
6.2132  0.00174265
6.2328  0.00174557
6.2524  0.00177102
6.272  0.00181748
6.2916  0.00188355
6.3112  0.00196793
6.3308  0.0020694
6.3504  0.00218683
6.37  0.00231918
6.3896  0.00246551
6.4092  0.0026249
6.4288  0.00279656
6.4484  0.00297972
6.468  0.00317375
6.4876  0.00337801
6.5072  0.00359195
6.5268  0.00381505
6.5464  0.0040469
6.566  0.00428712
6.5856  0.00453535
6.6052  0.00479129
6.6248  0.00505471
6.6444  0.00532541
6.664  0.00560317
6.6836  0.00588788
6.7032  0.00617946
6.7228  0.00647782
6.7424  0.0067829
6.762  0.00709468
6.7816  0.00741318
6.8012  0.00773844
6.8208  0.00807049
6.8404  0.00840938
6.86  0.00875518
6.8796  0.00910797
6.8992  0.00946786
6.9188  0.00983496
6.9384  0.0102093
6.958  0.0105911
6.9776  0.0109804
6.9972  0.0113773
7.0168  0.011782
7.0364  0.0121944
7.056  0.0126148
7.0756  0.0130432
7.0952  0.0134796
7.1148  0.0139242
7.1344  0.0143769
7.154  0.0148379
7.1736  0.015307
7.1932  0.0157844
7.2128  0.01627
7.2324  0.0167637
7.252  0.0172655
7.2716  0.0177753
7.2912  0.018293
7.3108  0.0188185
7.3304  0.0193515
7.35  0.019892
7.3696  0.0204397
7.3892  0.0209943
7.4088  0.0215557
7.4284  0.0221235
7.448  0.0226974
7.4676  0.0232771
7.4872  0.0238622
7.5068  0.0244522
7.5264  0.0250469
7.546  0.0256457
7.5656  0.0262482
7.5852  0.0268539
7.6048  0.0274622
7.6244  0.0280727
7.644  0.0286847
7.6636  0.0292976
7.6832  0.0299109
7.7028  0.030524
7.7224  0.0311361
7.742  0.0317468
7.7616  0.0323551
7.7812  0.0329606
7.8008  0.0335624
7.8204  0.0341599
7.84  0.0347523
7.8596  0.035339
7.8792  0.0359191
7.8988  0.036492
7.9184  0.0370569
7.938  0.037613
7.9576  0.0381597
7.9772  0.0386961
7.9968  0.0392216
8.0164  0.0397354
8.036  0.0402368
8.0556  0.040725
8.0752  0.0411994
8.0948  0.0416594
8.1144  0.042104
8.134  0.0425329
8.1536  0.0429452
8.1732  0.0433405
8.1928  0.0437179
8.2124  0.0440771
8.232  0.0444175
8.2516  0.0447385
8.2712  0.0450394
8.2908  0.0453202
8.3104  0.04558
8.33  0.0458185
8.3496  0.0460356
8.3692  0.0462305
8.3888  0.0464032
8.4084  0.0465533
8.428  0.0466805
8.4476  0.0467847
8.4672  0.0468657
8.4868  0.0469232
8.5064  0.0469572
8.526  0.0469677
8.5456  0.0469546
8.5652  0.0469178
8.5848  0.0468575
8.6044  0.0467737
8.624  0.0466665
8.6436  0.0465361
8.6632  0.0463826
8.6828  0.0462063
8.7024  0.0460075
8.722  0.0457864
8.7416  0.0455433
8.7612  0.0452788
8.7808  0.044993
8.8004  0.0446865
8.82  0.0443597
8.8396  0.0440131
8.8592  0.0436472
8.8788  0.0432626
8.8984  0.0428599
8.918  0.0424396
8.9376  0.0420023
8.9572  0.0415487
8.9768  0.0410795
8.9964  0.0405954
9.016  0.040097
9.0356  0.039585
9.0552  0.0390603
9.0748  0.0385235
9.0944  0.0379755
9.114  0.0374169
9.1336  0.0368486
9.1532  0.0362712
9.1728  0.0356857
9.1924  0.0350928
9.212  0.0344934
9.2316  0.0338881
9.2512  0.0332778
9.2708  0.0326633
9.2904  0.0320453
9.31  0.0314247
9.3296  0.0308021
9.3492  0.0301784
9.3688  0.0295543
9.3884  0.0289306
9.408  0.0283079
9.4276  0.027687
9.4472  0.0270686
9.4668  0.0264532
9.4864  0.0258416
9.506  0.0252345
9.5256  0.0246324
9.5452  0.0240359
9.5648  0.0234456
9.5844  0.0228621
9.604  0.0222858
9.6236  0.0217172
9.6432  0.0211569
9.6628  0.0206053
9.6824  0.0200627
9.702  0.0195296
9.7216  0.0190064
9.7412  0.0184934
9.7608  0.0179908
9.7804  0.017499
9.8  0.0170182
9.8196  0.0165488
9.8392  0.0160907
9.8588  0.0156443
9.8784  0.0152097
9.898  0.014787
9.9176  0.0143763
9.9372  0.0139776
9.9568  0.013591
9.9764  0.0132166
9.996  0.0128543
10.0156  0.0125041
10.0352  0.012166
10.0548  0.0118398
10.0744  0.0115255
10.094  0.011223
10.1136  0.0109322
10.1332  0.0106528
10.1528  0.0103848
10.1724  0.010128
10.192  0.00988217
10.2116  0.00964713
10.2312  0.00942261
10.2508  0.00920847
10.2704  0.00900443
10.29  0.00881024
10.3096  0.00862568
10.3292  0.00845045
10.3488  0.00828436
10.3684  0.0081271
10.388  0.00797842
10.4076  0.00783804
10.4272  0.0077057
10.4468  0.00758115
10.4664  0.00746413
10.486  0.00735439
10.5056  0.00725163
10.5252  0.00715567
10.5448  0.00706621
10.5644  0.00698307
10.584  0.006906
10.6036  0.0068348
10.6232  0.00676924
10.6428  0.00670915
10.6624  0.00665437
10.682  0.00660471
10.7016  0.00656
10.7212  0.00652016
10.7408  0.006485
10.7604  0.00645446
10.78  0.00642842
10.7996  0.0064068
10.8192  0.00638954
10.8388  0.00637662
10.8584  0.00636799
10.878  0.00636362
10.8976  0.00636353
10.9172  0.00636775
10.9368  0.00637629
10.9564  0.00638923
10.976  0.00640663
10.9956  0.00642857
11.0152  0.00645515
11.0348  0.00648648
11.0544  0.00652268
11.074  0.00656392
11.0936  0.00661033
11.1132  0.00666208
11.1328  0.00671938
11.1524  0.00678239
11.172  0.00685132
11.1916  0.00692638
11.2112  0.00700784
11.2308  0.00709586
11.2504  0.00719069
11.27  0.0072926
11.2896  0.00740181
11.3092  0.00751861
11.3288  0.00764323
11.3484  0.00777592
11.368  0.00791697
11.3876  0.00806663
11.4072  0.0082251
11.4268  0.00839269
11.4464  0.00856966
11.466  0.00875621
11.4856  0.00895263
11.5052  0.00915914
11.5248  0.00937594
11.5444  0.00960326
11.564  0.00984135
11.5836  0.0100904
11.6032  0.0103505
11.6228  0.0106219
11.6424  0.0109047
11.662  0.0111992
11.6816  0.0115054
11.7012  0.0118234
11.7208  0.0121533
11.7404  0.0124951
11.76  0.0128491
11.7796  0.0132151
11.7992  0.0135932
11.8188  0.0139834
11.8384  0.0143856
11.858  0.0147999
11.8776  0.0152261
11.8972  0.0156641
11.9168  0.0161138
11.9364  0.0165751
11.956  0.0170478
11.9756  0.0175317
11.9952  0.0180265
12.0148  0.0185321
12.0344  0.0190482
12.054  0.0195744
12.0736  0.0201105
12.0932  0.0206562
12.1128  0.021211
12.1324  0.0217746
12.152  0.0223466
12.1716  0.0229266
12.1912  0.023514
12.2108  0.0241084
12.2304  0.0247094
12.25  0.0253163
12.2696  0.0259287
12.2892  0.0265461
12.3088  0.0271678
12.3284  0.0277933
12.348  0.0284219
12.3676  0.029053
12.3872  0.0296861
12.4068  0.0303205
12.4264  0.0309554
12.446  0.0315904
12.4656  0.0322246
12.4852  0.0328573
12.5048  0.033488
12.5244  0.0341158
12.544  0.0347402
12.5636  0.0353604
12.5832  0.0359756
12.6028  0.0365852
12.6224  0.0371885
12.642  0.0377847
12.6616  0.0383732
12.6812  0.0389533
12.7008  0.0395243
12.7204  0.0400855
12.74  0.0406362
12.7596  0.0411757
12.7792  0.0417035
12.7988  0.0422189
12.8184  0.0427212
12.838  0.0432097
12.8576  0.043684
12.8772  0.0441435
12.8968  0.0445875
12.9164  0.0450156
12.936  0.0454273
12.9556  0.0458219
12.9752  0.0461991
12.9948  0.0465583
13.0144  0.0468992
13.034  0.0472214
13.0536  0.0475244
13.0732  0.0478079
13.0928  0.0480716
13.1124  0.0483151
13.132  0.0485382
13.1516  0.0487407
13.1712  0.0489224
13.1908  0.049083
13.2104  0.0492223
13.23  0.0493403
13.2496  0.0494368
13.2692  0.0495118
13.2888  0.0495653
13.3084  0.0495972
13.328  0.0496075
13.3476  0.0495964
13.3672  0.0495639
13.3868  0.0495099
13.4064  0.0494349
13.426  0.0493388
13.4456  0.0492219
13.4652  0.0490844
13.4848  0.0489265
13.5044  0.0487486
13.524  0.0485508
13.5436  0.0483337
13.5632  0.0480974
13.5828  0.0478424
13.6024  0.047569
13.622  0.0472777
13.6416  0.046969
13.6612  0.0466432
13.6808  0.0463009
13.7004  0.0459425
13.72  0.0455686
13.7396  0.0451797
13.7592  0.0447763
13.7788  0.0443591
13.7984  0.0439284
13.818  0.0434851
13.8376  0.0430297
13.8572  0.0425626
13.8768  0.0420846
13.8964  0.0415964
13.916  0.0410984
13.9356  0.0405914
13.9552  0.0400759
13.9748  0.0395526
13.9944  0.0390222
14.014  0.0384852
14.0336  0.0379423
14.0532  0.0373943
14.0728  0.0368415
14.0924  0.0362848
14.112  0.0357247
14.1316  0.0351618
14.1512  0.0345968
14.1708  0.0340302
14.1904  0.0334626
14.21  0.0328946
14.2296  0.0323269
14.2492  0.0317598
14.2688  0.031194
14.2884  0.0306301
14.308  0.0300685
14.3276  0.0295096
14.3472  0.0289541
14.3668  0.0284024
14.3864  0.0278549
14.406  0.0273121
14.4256  0.0267744
14.4452  0.0262421
14.4648  0.0257157
14.4844  0.0251956
14.504  0.0246821
14.5236  0.0241755
14.5432  0.0236762
14.5628  0.0231843
14.5824  0.0227002
14.602  0.0222242
14.6216  0.0217565
14.6412  0.0212973
14.6608  0.0208467
14.6804  0.020405
14.7  0.0199724
14.7196  0.0195489
14.7392  0.0191347
14.7588  0.0187299
14.7784  0.0183346
14.798  0.0179489
14.8176  0.0175728
14.8372  0.0172063
14.8568  0.0168495
14.8764  0.0165024
14.896  0.0161651
14.9156  0.0158374
14.9352  0.0155193
14.9548  0.0152108
14.9744  0.0149119
14.994  0.0146225
15.0136  0.0143425
15.0332  0.0140718
15.0528  0.0138104
15.0724  0.0135581
15.092  0.0133148
15.1116  0.0130805
15.1312  0.012855
15.1508  0.0126382
15.1704  0.0124298
15.19  0.0122299
15.2096  0.0120383
15.2292  0.0118548
15.2488  0.0116794
15.2684  0.0115118
15.288  0.0113519
15.3076  0.0111996
15.3272  0.0110548
15.3468  0.0109173
15.3664  0.0107869
15.386  0.0106636
15.4056  0.0105472
15.4252  0.0104376
15.4448  0.0103347
15.4644  0.0102384
15.484  0.0101485
15.5036  0.0100649
15.5232  0.00998765
15.5428  0.0099165
15.5624  0.00985147
15.582  0.00979243
15.6016  0.00973934
15.6212  0.0096921
15.6408  0.00965068
15.6604  0.00961504
15.68  0.00958515
15.6996  0.00956095
15.7192  0.00954244
15.7388  0.00952959
15.7584  0.00952238
15.778  0.00952087
15.7976  0.00952501
15.8172  0.00953484
15.8368  0.00955036
15.8564  0.00957163
15.876  0.00959868
15.8956  0.00963153
15.9152  0.00967025
15.9348  0.0097149
15.9544  0.00976554
15.974  0.00982221
15.9936  0.00988499
16.0132  0.00995398
16.0328  0.0100292
16.0524  0.0101108
16.072  0.0101988
16.0916  0.0102934
16.1112  0.0103945
16.1308  0.0105023
16.1504  0.0106169
16.17  0.0107384
16.1896  0.0108668
16.2092  0.0110022
16.2288  0.0111448
16.2484  0.0112946
16.268  0.0114516
16.2876  0.011616
16.3072  0.0117878
16.3268  0.0119671
16.3464  0.012154
16.366  0.0123484
16.3856  0.0125505
16.4052  0.0127603
16.4248  0.0129777
16.4444  0.0132029
16.464  0.0134359
16.4836  0.0136765
16.5032  0.013925
16.5228  0.0141811
16.5424  0.0144449
16.562  0.0147164
16.5816  0.0149955
16.6012  0.0152821
16.6208  0.0155762
16.6404  0.0158777
16.66  0.0161864
16.6796  0.0165024
16.6992  0.0168253
16.7188  0.0171551
16.7384  0.0174918
16.758  0.0178349
16.7776  0.0181845
16.7972  0.0185403
16.8168  0.018902
16.8364  0.0192696
16.856  0.0196427
16.8756  0.0200211
16.8952  0.0204045
16.9148  0.0207926
16.9344  0.0211852
16.954  0.021582
16.9736  0.0219826
16.9932  0.0223868
17.0128  0.0227941
17.0324  0.0232043
17.052  0.023617
17.0716  0.0240318
17.0912  0.0244483
17.1108  0.0248662
17.1304  0.025285
17.15  0.0257044
17.1696  0.0261239
17.1892  0.0265431
17.2088  0.0269616
17.2284  0.027379
17.248  0.0277948
17.2676  0.0282086
17.2872  0.0286199
17.3068  0.0290283
17.3264  0.0294334
17.346  0.0298346
17.3656  0.0302316
17.3852  0.0306239
17.4048  0.0310111
17.4244  0.0313926
17.444  0.0317681
17.4636  0.0321371
17.4832  0.0324992
17.5028  0.0328539
17.5224  0.0332008
17.542  0.0335395
17.5616  0.0338697
17.5812  0.0341907
17.6008  0.0345024
17.6204  0.0348043
17.64  0.0350959
17.6596  0.0353771
17.6792  0.0356473
17.6988  0.0359063
17.7184  0.0361537
17.738  0.0363893
17.7576  0.0366126
17.7772  0.0368235
17.7968  0.0370216
17.8164  0.0372067
17.836  0.0373787
17.8556  0.0375371
17.8752  0.0376819
17.8948  0.0378128
17.9144  0.0379297
17.934  0.0380324
17.9536  0.0381208
17.9732  0.0381948
17.9928  0.0382541
18.0124  0.0382989
18.032  0.0383291
18.0516  0.0383446
18.0712  0.0383453
18.0908  0.0383313
18.1104  0.0383025
18.13  0.0382591
18.1496  0.0382011
18.1692  0.0381284
18.1888  0.0380415
18.2084  0.0379401
18.228  0.0378245
18.2476  0.0376947
18.2672  0.0375511
18.2868  0.0373938
18.3064  0.037223
18.326  0.0370387
18.3456  0.0368415
18.3652  0.0366314
18.3848  0.0364087
18.4044  0.0361737
18.424  0.0359267
18.4436  0.035668
18.4632  0.0353979
18.4828  0.0351167
18.5024  0.0348249
18.522  0.0345227
18.5416  0.0342104
18.5612  0.0338886
18.5808  0.0335574
18.6004  0.0332174
18.62  0.0328689
18.6396  0.0325123
18.6592  0.0321481
18.6788  0.0317766
18.6984  0.0313984
18.718  0.0310137
18.7376  0.030623
18.7572  0.0302268
18.7768  0.0298255
18.7964  0.0294194
18.816  0.0290091
18.8356  0.028595
18.8552  0.0281775
18.8748  0.027757
18.8944  0.0273339
18.914  0.0269088
18.9336  0.0264818
18.9532  0.0260537
18.9728  0.0256245
18.9924  0.025195
19.012  0.0247653
19.0316  0.0243358
19.0512  0.0239071
19.0708  0.0234795
19.0904  0.0230531
19.11  0.0226286
19.1296  0.0222061
19.1492  0.021786
19.1688  0.0213688
19.1884  0.0209546
19.208  0.0205437
19.2276  0.0201365
19.2472  0.0197332
19.2668  0.0193342
19.2864  0.0189396
19.306  0.0185497
19.3256  0.0181647
19.3452  0.0177849
19.3648  0.0174104
19.3844  0.0170415
19.404  0.0166783
19.4236  0.016321
19.4432  0.0159698
19.4628  0.0156247
19.4824  0.015286
19.502  0.0149537
19.5216  0.014628
19.5412  0.0143089
19.5608  0.0139965
19.5804  0.0136909
19.6  0.0133921
19.6196  0.0131002
19.6392  0.0128153
19.6588  0.0125373
19.6784  0.0122662
19.698  0.0120022
19.7176  0.0117451
19.7372  0.011495
19.7568  0.0112517
19.7764  0.0110154
19.796  0.010786
19.8156  0.0105633
19.8352  0.0103475
19.8548  0.0101383
19.8744  0.00993576
19.894  0.00973979
19.9136  0.00955032
19.9332  0.00936724
19.9528  0.00919047
19.9724  0.00901993
19.992  0.00885556
20.0116  0.00869719
20.0312  0.00854481
20.0508  0.00839825
20.0704  0.00825742
20.09  0.00812223
20.1096  0.0079926
20.1292  0.00786834
20.1488  0.00774946
20.1684  0.00763583
20.188  0.00752726
20.2076  0.00742372
20.2272  0.00732513
20.2468  0.00723133
20.2664  0.0071423
20.286  0.00705786
20.3056  0.006978
20.3252  0.0069026
20.3448  0.00683158
20.3644  0.00676487
20.384  0.00670239
20.4036  0.00664405
20.4232  0.00658981
20.4428  0.00653961
20.4624  0.00649341
20.482  0.0064511
20.5016  0.00641267
20.5212  0.0063781
20.5408  0.00634729
20.5604  0.00632025
20.58  0.00629695
20.5996  0.00627736
20.6192  0.00626146
20.6388  0.00624923
20.6584  0.00624071
20.678  0.00623582
20.6976  0.0062346
20.7172  0.00623707
20.7368  0.0062432
20.7564  0.00625301
20.776  0.00626652
20.7956  0.00628376
20.8152  0.00630474
20.8348  0.00632948
20.8544  0.00635803
20.874  0.00639039
20.8936  0.0064266
20.9132  0.00646672
20.9328  0.00651073
20.9524  0.00655873
20.972  0.00661069
20.9916  0.00666667
21.0112  0.00672677
21.0308  0.00679094
21.0504  0.0068592
21.07  0.00693168
21.0896  0.00700836
21.1092  0.00708924
21.1288  0.00717439
21.1484  0.00726386
21.168  0.00735759
21.1876  0.00745569
21.2072  0.0075581
21.2268  0.00766486
21.2464  0.007776
21.266  0.00789151
21.2856  0.00801139
21.3052  0.0081356
21.3248  0.00826419
21.3444  0.00839709
21.364  0.0085343
21.3836  0.00867577
21.4032  0.00882149
21.4228  0.00897139
21.4424  0.00912543
21.462  0.00928356
21.4816  0.0094457
21.5012  0.0096118
21.5208  0.00978174
21.5404  0.00995547
21.56  0.0101329
21.5796  0.0103139
21.5992  0.0104983
21.6188  0.0106861
21.6384  0.0108772
21.658  0.0110713
21.6776  0.0112683
21.6972  0.0114682
21.7168  0.0116707
21.7364  0.0118756
21.756  0.0120829
21.7756  0.0122923
21.7952  0.0125036
21.8148  0.0127167
21.8344  0.0129312
21.854  0.0131472
21.8736  0.0133642
21.8932  0.0135822
21.9128  0.0138008
21.9324  0.0140199
21.952  0.0142392
21.9716  0.0144584
21.9912  0.0146775
22.0108  0.0148959
22.0304  0.0151136
22.05  0.0153304
22.0696  0.0155458
22.0892  0.0157597
22.1088  0.0159718
22.1284  0.016182
22.148  0.0163897
22.1676  0.0165949
22.1872  0.0167972
22.2068  0.0169965
22.2264  0.0171924
22.246  0.0173847
22.2656  0.0175731
22.2852  0.0177574
22.3048  0.0179373
22.3244  0.0181125
22.344  0.0182829
22.3636  0.0184482
22.3832  0.0186081
22.4028  0.0187625
22.4224  0.0189111
22.442  0.0190536
22.4616  0.0191899
22.4812  0.0193198
22.5008  0.0194431
22.5204  0.0195595
22.54  0.0196689
22.5596  0.0197711
22.5792  0.019866
22.5988  0.0199534
22.6184  0.0200332
22.638  0.0201052
22.6576  0.0201693
22.6772  0.0202254
22.6968  0.0202733
22.7164  0.0203131
22.736  0.0203445
22.7556  0.0203675
22.7752  0.0203822
22.7948  0.0203883
22.8144  0.020386
22.834  0.0203751
22.8536  0.0203556
22.8732  0.0203276
22.8928  0.020291
22.9124  0.0202459
22.932  0.0201923
22.9516  0.0201302
22.9712  0.0200597
22.9908  0.0199809
23.0104  0.0198939
23.03  0.0197986
23.0496  0.0196954
23.0692  0.0195841
23.0888  0.019465
23.1084  0.0193383
23.128  0.0192039
23.1476  0.0190622
23.1672  0.0189132
23.1868  0.0187572
23.2064  0.0185942
23.226  0.0184245
23.2456  0.0182483
23.2652  0.0180658
23.2848  0.0178773
23.3044  0.0176828
23.324  0.0174826
23.3436  0.0172771
23.3632  0.0170663
23.3828  0.0168506
23.4024  0.0166302
23.422  0.0164054
23.4416  0.0161763
23.4612  0.0159434
23.4808  0.0157067
23.5004  0.0154666
23.52  0.0152234
23.5396  0.0149773
23.5592  0.0147285
23.5788  0.0144775
23.5984  0.0142243
23.618  0.0139694
23.6376  0.0137129
23.6572  0.0134551
23.6768  0.0131963
23.6964  0.0129368
23.716  0.0126768
23.7356  0.0124165
23.7552  0.0121563
23.7748  0.0118963
23.7944  0.0116368
23.814  0.0113781
23.8336  0.0111204
23.8532  0.0108639
23.8728  0.0106088
23.8924  0.0103554
23.912  0.0101039
23.9316  0.00985436
23.9512  0.00960715
23.9708  0.00936238
23.9904  0.00912024
24.01  0.00888095
24.0296  0.00864463
24.0492  0.00841144
24.0688  0.00818153
24.0884  0.00795507
24.108  0.00773218
24.1276  0.00751295
24.1472  0.00729758
24.1668  0.00708611
24.1864  0.00687865
24.206  0.00667529
24.2256  0.00647614
24.2452  0.00628126
24.2648  0.00609069
24.2844  0.00590451
24.304  0.00572277
24.3236  0.00554548
24.3432  0.00537271
24.3628  0.00520448
24.3824  0.00504077
24.402  0.00488163
24.4216  0.00472703
24.4412  0.00457698
24.4608  0.00443142
24.4804  0.0042904
24.5  0.00415385
24.5196  0.00402173
24.5392  0.00389402
24.5588  0.00377064
24.5784  0.00365159
24.598  0.00353676
24.6176  0.00342614
24.6372  0.00331959
24.6568  0.0032171
24.6764  0.00311857
24.696  0.00302389
24.7156  0.00293304
24.7352  0.00284589
24.7548  0.00276236
24.7744  0.00268237
24.794  0.00260581
24.8136  0.00253258
24.8332  0.00246259
24.8528  0.00239575
24.8724  0.00233197
24.892  0.0022711
24.9116  0.00221311
24.9312  0.00215785
24.9508  0.00210524
24.9704  0.00205518
24.99  0.00200758
25.0096  0.00196234
25.0292  0.00191935
25.0488  0.00187853
25.0684  0.00183981
25.088  0.00180308
25.1076  0.00176827
25.1272  0.00173527
25.1468  0.00170403
25.1664  0.00167447
25.186  0.00164651
25.2056  0.00162008
25.2252  0.00159512
25.2448  0.00157158
25.2644  0.00154938
25.284  0.00152848
25.3036  0.00150883
25.3232  0.0014904
25.3428  0.00147312
25.3624  0.00145698
25.382  0.00144193
25.4016  0.00142796
25.4212  0.00141504
25.4408  0.00140313
25.4604  0.00139225
25.48  0.00138236
25.4996  0.00137348
25.5192  0.0013656
25.5388  0.0013587
25.5584  0.00135282
25.578  0.00134794
25.5976  0.0013441
25.6172  0.00134128
25.6368  0.00133953
25.6564  0.00133886
25.676  0.0013393
25.6956  0.00134088
25.7152  0.00134361
25.7348  0.00134756
25.7544  0.00135273
25.774  0.00135918
25.7936  0.00136693
25.8132  0.00137604
25.8328  0.00138652
25.8524  0.00139844
25.872  0.00141185
25.8916  0.00142675
25.9112  0.00144322
25.9308  0.00146128
25.9504  0.00148099
25.97  0.00150239
25.9896  0.00152551
26.0092  0.0015504
26.0288  0.00157708
26.0484  0.0016056
26.068  0.001636
26.0876  0.00166829
26.1072  0.00170254
26.1268  0.00173873
26.1464  0.00177691
26.166  0.00181709
26.1856  0.00185931
26.2052  0.00190358
26.2248  0.00194988
26.2444  0.00199825
26.264  0.00204868
26.2836  0.00210116
26.3032  0.0021557
26.3228  0.00221231
26.3424  0.00227093
26.362  0.00233159
26.3816  0.00239424
26.4012  0.00245885
26.4208  0.00252536
26.4404  0.00259381
26.46  0.0026641
26.4796  0.0027362
26.4992  0.00281006
26.5188  0.00288559
26.5384  0.00296279
26.558  0.00304155
26.5776  0.00312182
26.5972  0.0032035
26.6168  0.00328654
26.6364  0.00337082
26.656  0.00345626
26.6756  0.0035428
26.6952  0.00363031
26.7148  0.0037187
26.7344  0.00380787
26.754  0.0038977
26.7736  0.00398806
26.7932  0.00407886
26.8128  0.00416996
26.8324  0.00426129
26.852  0.00435266
26.8716  0.004444
26.8912  0.00453512
26.9108  0.00462594
26.9304  0.0047163
26.95  0.00480608
26.9696  0.00489514
26.9892  0.00498335
27.0088  0.00507054
27.0284  0.00515663
27.048  0.00524144
27.0676  0.00532487
27.0872  0.00540675
27.1068  0.00548693
27.1264  0.00556533
27.146  0.0056418
27.1656  0.0057162
27.1852  0.00578837
27.2048  0.00585825
27.2244  0.00592567
27.244  0.00599053
27.2636  0.0060527
27.2832  0.00611208
27.3028  0.00616854
27.3224  0.00622198
27.342  0.00627233
27.3616  0.00631946
27.3812  0.00636328
27.4008  0.00640369
27.4204  0.00644066
27.44  0.00647405
27.4596  0.00650381
27.4792  0.00652987
27.4988  0.0065522
27.5184  0.0065707
27.538  0.00658535
27.5576  0.00659612
27.5772  0.00660294
27.5968  0.00660578
27.6164  0.00660464
27.636  0.0065995
27.6556  0.00659034
27.6752  0.00657716
27.6948  0.00655997
27.7144  0.00653877
27.734  0.00651357
27.7536  0.00648443
27.7732  0.00645135
27.7928  0.00641435
27.8124  0.00637351
27.832  0.00632888
27.8516  0.00628047
27.8712  0.00622839
27.8908  0.00617269
27.9104  0.00611344
27.93  0.00605072
27.9496  0.00598462
27.9692  0.00591525
27.9888  0.00584267
28.0084  0.00576698
28.028  0.00568834
28.0476  0.0056068
28.0672  0.00552254
28.0868  0.0054356
28.1064  0.00534617
28.126  0.00525432
28.1456  0.00516026
28.1652  0.00506406
28.1848  0.00496587
28.2044  0.00486582
28.224  0.0047641
28.2436  0.00466078
28.2632  0.00455605
28.2828  0.0044501
28.3024  0.004343
28.322  0.00423493
28.3416  0.00412605
28.3612  0.00401648
28.3808  0.00390638
28.4004  0.00379595
28.42  0.00368527
28.4396  0.00357452
28.4592  0.00346385
28.4788  0.00335338
28.4984  0.00324327
28.518  0.00313367
28.5376  0.00302471
28.5572  0.00291652
28.5768  0.00280925
28.5964  0.002703
28.616  0.0025979
28.6356  0.00249412
28.6552  0.00239173
28.6748  0.00229087
28.6944  0.00219163
28.714  0.00209415
28.7336  0.00199848
28.7532  0.00190476
28.7728  0.00181306
28.7924  0.00172349
28.812  0.00163611
28.8316  0.001551
28.8512  0.00146823
28.8708  0.00138787
28.8904  0.00130997
28.91  0.0012346
28.9296  0.00116179
28.9492  0.0010916
28.9688  0.00102404
28.9884  0.000959168
29.008  0.000896997
29.0276  0.000837547
29.0472  0.000780826
29.0668  0.000726835
29.0864  0.000675595
29.106  0.000627097
29.1256  0.000581318
29.1452  0.000538249
29.1648  0.000497874
29.1844  0.000460166
29.204  0.000425093
29.2236  0.000392615
29.2432  0.000362698
29.2628  0.000335294
29.2824  0.00031035
29.302  0.000287824
29.3216  0.000267642
29.3412  0.000249748
29.3608  0.000234083
29.3804  0.000220569
29.4  0.000209135
