-29.4  5.99366e-05
-29.3804  5.79614e-05
-29.3608  5.61649e-05
-29.3412  5.4548e-05
-29.3216  5.31062e-05
-29.302  5.18325e-05
-29.2824  5.07228e-05
-29.2628  4.97751e-05
-29.2432  4.89831e-05
-29.2236  4.83422e-05
-29.204  4.78502e-05
-29.1844  4.7501e-05
-29.1648  4.72918e-05
-29.1452  4.7219e-05
-29.1256  4.72796e-05
-29.106  4.74674e-05
-29.0864  4.77786e-05
-29.0668  4.82124e-05
-29.0472  4.87668e-05
-29.0276  4.94333e-05
-29.008  5.02094e-05
-28.9884  5.10938e-05
-28.9688  5.20826e-05
-28.9492  5.31747e-05
-28.9296  5.43608e-05
-28.91  5.56417e-05
-28.8904  5.70144e-05
-28.8708  5.84741e-05
-28.8512  6.00186e-05
-28.8316  6.1646e-05
-28.812  6.33475e-05
-28.7924  6.51262e-05
-28.7728  6.69729e-05
-28.7532  6.88915e-05
-28.7336  7.08728e-05
-28.714  7.29175e-05
-28.6944  7.50156e-05
-28.6748  7.71706e-05
-28.6552  7.93761e-05
-28.6356  8.16312e-05
-28.616  8.39261e-05
-28.5964  8.62667e-05
-28.5768  8.8643e-05
-28.5572  9.1048e-05
-28.5376  9.34852e-05
-28.518  9.59462e-05
-28.4984  9.84307e-05
-28.4788  0.000100934
-28.4592  0.000103454
-28.4396  0.000105979
-28.42  0.000108514
-28.4004  0.000111051
-28.3808  0.000113584
-28.3612  0.000116117
-28.3416  0.000118638
-28.322  0.000121146
-28.3024  0.000123635
-28.2828  0.000126104
-28.2632  0.000128544
-28.2436  0.00013096
-28.224  0.000133344
-28.2044  0.000135684
-28.1848  0.000137987
-28.1652  0.000140242
-28.1456  0.000142446
-28.126  0.000144595
-28.1064  0.000146692
-28.0868  0.000148724
-28.0672  0.000150694
-28.0476  0.000152589
-28.028  0.000154417
-28.0084  0.000156163
-27.9888  0.000157837
-27.9692  0.000159424
-27.9496  0.000160923
-27.93  0.000162334
-27.9104  0.000163651
-27.8908  0.000164872
-27.8712  0.000165998
-27.8516  0.00016702
-27.832  0.000167939
-27.8124  0.000168748
-27.7928  0.000169451
-27.7732  0.000170048
-27.7536  0.000170528
-27.734  0.000170892
-27.7144  0.000171144
-27.6948  0.000171278
-27.6752  0.000171293
-27.6556  0.000171189
-27.636  0.000170964
-27.6164  0.000170619
-27.5968  0.000170151
-27.5772  0.000169565
-27.5576  0.000168856
-27.538  0.000168022
-27.5184  0.000167071
-27.4988  0.000166
-27.4792  0.00016481
-27.4596  0.000163501
-27.44  0.000162077
-27.4204  0.000160539
-27.4008  0.000158883
-27.3812  0.000157119
-27.3616  0.000155244
-27.342  0.000153263
-27.3224  0.000151175
-27.3028  0.00014899
-27.2832  0.000146707
-27.2636  0.000144326
-27.244  0.000141854
-27.2244  0.000139294
-27.2048  0.00013665
-27.1852  0.000133924
-27.1656  0.000131125
-27.146  0.00012825
-27.1264  0.000125307
-27.1068  0.000122301
-27.0872  0.00011924
-27.0676  0.000116123
-27.048  0.000112953
-27.0284  0.000109743
-27.0088  0.000106493
-26.9892  0.000103213
-26.9696  9.99004e-05
-26.95  9.65647e-05
-26.9304  9.32124e-05
-26.9108  8.9848e-05
-26.8912  8.64762e-05
-26.8716  8.31054e-05
-26.852  7.97344e-05
-26.8324  7.63763e-05
-26.8128  7.30298e-05
-26.7932  6.9708e-05
-26.7736  6.64113e-05
-26.754  6.31459e-05
-26.7344  5.99147e-05
-26.7148  5.67262e-05
-26.6952  5.35849e-05
-26.6756  5.04964e-05
-26.656  4.74631e-05
-26.6364  4.44952e-05
-26.6168  4.15924e-05
-26.5972  3.87585e-05
-26.5776  3.60027e-05
-26.558  3.33241e-05
-26.5384  3.07314e-05
-26.5188  2.82265e-05
-26.4992  2.58147e-05
-26.4796  2.34969e-05
-26.46  2.12782e-05
-26.4404  1.91617e-05
-26.4208  1.71494e-05
-26.4012  1.52478e-05
-26.3816  1.34546e-05
-26.362  1.17743e-05
-26.3424  1.02088e-05
-26.3228  8.76099e-06
-26.3032  7.43074e-06
-26.2836  6.2213e-06
-26.264  5.13382e-06
-26.2444  4.16738e-06
-26.2248  3.324e-06
-26.2052  2.60426e-06
-26.1856  2.00748e-06
-26.166  1.53432e-06
-26.1464  1.18484e-06
-26.1268  9.57643e-07
-26.1072  8.52533e-07
-26.0876  8.68551e-07
-26.068  1.00443e-06
-26.0484  1.25877e-06
-26.0288  1.62934e-06
-26.0092  2.11496e-06
-25.9896  2.71314e-06
-25.97  3.42178e-06
-25.9504  4.23849e-06
-25.9308  5.15997e-06
-25.9112  6.18333e-06
-25.8916  7.30659e-06
-25.872  8.52502e-06
-25.8524  9.83748e-06
-25.8328  1.12373e-05
-25.8132  1.27219e-05
-25.7936  1.42888e-05
-25.774  1.59329e-05
-25.7544  1.76498e-05
-25.7348  1.94357e-05
-25.7152  2.12867e-05
-25.6956  2.31973e-05
-25.676  2.51637e-05
-25.6564  2.71816e-05
-25.6368  2.92467e-05
-25.6172  3.13526e-05
-25.5976  3.34966e-05
-25.578  3.56738e-05
-25.5584  3.78782e-05
-25.5388  4.01066e-05
-25.5192  4.23526e-05
-25.4996  4.46122e-05
-25.48  4.68812e-05
-25.4604  4.91551e-05
-25.4408  5.14306e-05
-25.4212  5.36986e-05
-25.4016  5.59616e-05
-25.382  5.82105e-05
-25.3624  6.04427e-05
-25.3428  6.2651e-05
-25.3232  6.48349e-05
-25.3036  6.6992e-05
-25.284  6.91143e-05
-25.2644  7.12008e-05
-25.2448  7.32464e-05
-25.2252  7.5251e-05
-25.2056  7.7206e-05
-25.186  7.91157e-05
-25.1664  8.09727e-05
-25.1468  8.27736e-05
-25.1272  8.45164e-05
-25.1076  8.6202e-05
-25.088  8.78283e-05
-25.0684  8.93885e-05
-25.0488  9.08867e-05
-25.0292  9.23134e-05
-25.0096  9.36761e-05
-24.99  9.49714e-05
-24.9704  9.61965e-05
-24.9508  9.73494e-05
-24.9312  9.84347e-05
-24.9116  9.94472e-05
-24.892  0.000100392
-24.8724  0.000101264
-24.8528  0.000102068
-24.8332  0.000102799
-24.8136  0.000103461
-24.794  0.000104058
-24.7744  0.000104587
-24.7548  0.000105051
-24.7352  0.000105452
-24.7156  0.000105788
-24.696  0.000106065
-24.6764  0.000106281
-24.6568  0.000106442
-24.6372  0.00010655
-24.6176  0.000106602
-24.598  0.00010661
-24.5784  0.000106568
-24.5588  0.000106482
-24.5392  0.000106354
-24.5196  0.000106188
-24.5  0.000105986
-24.4804  0.000105752
-24.4608  0.000105489
-24.4412  0.000105196
-24.4216  0.000104885
-24.402  0.000104552
-24.3824  0.000104204
-24.3628  0.000103842
-24.3432  0.000103471
-24.3236  0.000103093
-24.304  0.00010271
-24.2844  0.000102329
-24.2648  0.000101953
-24.2452  0.00010158
-24.2256  0.000101222
-24.206  0.000100875
-24.1864  0.000100542
-24.1668  0.00010023
-24.1472  9.99413e-05
-24.1276  9.96786e-05
-24.108  9.94389e-05
-24.0884  9.92319e-05
-24.0688  9.90612e-05
-24.0492  9.89212e-05
-24.0296  9.88239e-05
-24.01  9.87654e-05
-23.9904  9.87497e-05
-23.9708  9.87765e-05
-23.9512  9.88538e-05
-23.9316  9.8976e-05
-23.912  9.9149e-05
-23.8924  9.93751e-05
-23.8728  9.96498e-05
-23.8532  9.99811e-05
-23.8336  0.000100371
-23.814  0.000100812
-23.7944  0.000101309
-23.7748  0.000101869
-23.7552  0.000102483
-23.7356  0.000103157
-23.716  0.000103889
-23.6964  0.000104681
-23.6768  0.00010553
-23.6572  0.000106439
-23.6376  0.000107411
-23.618  0.000108435
-23.5984  0.000109519
-23.5788  0.000110658
-23.5592  0.000111857
-23.5396  0.000113108
-23.52  0.000114415
-23.5004  0.000115778
-23.4808  0.000117195
-23.4612  0.00011866
-23.4416  0.000120179
-23.422  0.000121745
-23.4024  0.000123361
-23.3828  0.000125018
-23.3632  0.000126725
-23.3436  0.000128476
-23.324  0.00013027
-23.3044  0.000132103
-23.2848  0.000133979
-23.2652  0.000135891
-23.2456  0.000137839
-23.226  0.000139826
-23.2064  0.000141847
-23.1868  0.000143896
-23.1672  0.000145981
-23.1476  0.0001481
-23.128  0.000150242
-23.1084  0.000152415
-23.0888  0.000154617
-23.0692  0.000156844
-23.0496  0.000159099
-23.03  0.000161377
-23.0104  0.000163681
-22.9908  0.000166009
-22.9712  0.000168365
-22.9516  0.00017074
-22.932  0.000173143
-22.9124  0.000175572
-22.8928  0.000178021
-22.8732  0.000180496
-22.8536  0.000183
-22.834  0.000185529
-22.8144  0.000188088
-22.7948  0.00019067
-22.7752  0.000193289
-22.7556  0.000195935
-22.736  0.000198619
-22.7164  0.000201339
-22.6968  0.000204095
-22.6772  0.000206891
-22.6576  0.000209728
-22.638  0.000212613
-22.6184  0.000215547
-22.5988  0.000218528
-22.5792  0.00022157
-22.5596  0.000224668
-22.54  0.000227827
-22.5204  0.000231053
-22.5008  0.000234348
-22.4812  0.000237716
-22.4616  0.000241165
-22.442  0.000244696
-22.4224  0.000248313
-22.4028  0.000252028
-22.3832  0.000255837
-22.3636  0.000259751
-22.344  0.000263776
-22.3244  0.000267911
-22.3048  0.000272173
-22.2852  0.000276553
-22.2656  0.000281072
-22.246  0.000285724
-22.2264  0.000290525
-22.2068  0.00029547
-22.1872  0.00030058
-22.1676  0.000305848
-22.148  0.000311287
-22.1284  0.000316904
-22.1088  0.000322703
-22.0892  0.00032869
-22.0696  0.000334882
-22.05  0.000341273
-22.0304  0.000347877
-22.0108  0.000354698
-21.9912  0.000361743
-21.9716  0.000369016
-21.952  0.000376533
-21.9324  0.000384294
-21.9128  0.000392303
-21.8932  0.000400573
-21.8736  0.000409117
-21.854  0.000417921
-21.8344  0.00042701
-21.8148  0.000436386
-21.7952  0.000446051
-21.7756  0.000456014
-21.756  0.000466286
-21.7364  0.000476869
-21.7168  0.000487765
-21.6972  0.000498986
-21.6776  0.000510541
-21.658  0.000522421
-21.6384  0.000534649
-21.6188  0.000547218
-21.5992  0.000560139
-21.5796  0.000573411
-21.56  0.000587048
-21.5404  0.000601051
-21.5208  0.000615427
-21.5012  0.000630175
-21.4816  0.000645299
-21.462  0.000660801
-21.4424  0.000676698
-21.4228  0.000692972
-21.4032  0.000709645
-21.3836  0.000726713
-21.364  0.000744175
-21.3444  0.000762036
-21.3248  0.000780306
-21.3052  0.000798978
-21.2856  0.000818053
-21.266  0.000837535
-21.2464  0.000857434
-21.2268  0.000877724
-21.2072  0.00089844
-21.1876  0.000919567
-21.168  0.000941091
-21.1484  0.00096303
-21.1288  0.000985381
-21.1092  0.00100814
-21.0896  0.00103131
-21.07  0.00105487
-21.0504  0.00107884
-21.0308  0.00110321
-21.0112  0.00112799
-20.9916  0.00115316
-20.972  0.00117873
-20.9524  0.00120469
-20.9328  0.00123103
-20.9132  0.00125775
-20.8936  0.00128485
-20.874  0.00131232
-20.8544  0.00134017
-20.8348  0.00136837
-20.8152  0.00139693
-20.7956  0.00142584
-20.776  0.0014551
-20.7564  0.0014847
-20.7368  0.00151462
-20.7172  0.00154487
-20.6976  0.00157543
-20.678  0.00160631
-20.6584  0.00163748
-20.6388  0.00166893
-20.6192  0.00170067
-20.5996  0.00173268
-20.58  0.00176496
-20.5604  0.00179748
-20.5408  0.00183024
-20.5212  0.00186322
-20.5016  0.00189644
-20.482  0.00192985
-20.4624  0.00196345
-20.4428  0.00199723
-20.4232  0.00203118
-20.4036  0.00206529
-20.384  0.00209955
-20.3644  0.00213391
-20.3448  0.00216841
-20.3252  0.00220298
-20.3056  0.00223765
-20.286  0.00227237
-20.2664  0.00230717
-20.2468  0.00234198
-20.2272  0.00237682
-20.2076  0.00241165
-20.188  0.00244647
-20.1684  0.00248125
-20.1488  0.00251598
-20.1292  0.00255063
-20.1096  0.00258521
-20.09  0.00261968
-20.0704  0.00265403
-20.0508  0.00268823
-20.0312  0.00272224
-20.0116  0.00275607
-19.992  0.00278971
-19.9724  0.00282312
-19.9528  0.00285627
-19.9332  0.00288915
-19.9136  0.00292175
-19.894  0.00295402
-19.8744  0.00298597
-19.8548  0.00301757
-19.8352  0.00304877
-19.8156  0.00307958
-19.796  0.00310997
-19.7764  0.00313992
-19.7568  0.00316939
-19.7372  0.00319837
-19.7176  0.00322684
-19.698  0.00325476
-19.6784  0.00328214
-19.6588  0.00330893
-19.6392  0.00333511
-19.6196  0.00336066
-19.6  0.00338556
-19.5804  0.00340979
-19.5608  0.00343333
-19.5412  0.00345616
-19.5216  0.00347823
-19.502  0.00349953
-19.4824  0.00352007
-19.4628  0.0035398
-19.4432  0.0035587
-19.4236  0.00357675
-19.404  0.00359392
-19.3844  0.00361022
-19.3648  0.00362561
-19.3452  0.00364008
-19.3256  0.00365359
-19.306  0.00366613
-19.2864  0.00367771
-19.2668  0.00368826
-19.2472  0.00369783
-19.2276  0.00370636
-19.208  0.00371382
-19.1884  0.00372022
-19.1688  0.00372555
-19.1492  0.0037298
-19.1296  0.00373294
-19.11  0.00373495
-19.0904  0.00373583
-19.0708  0.0037356
-19.0512  0.00373421
-19.0316  0.00373167
-19.012  0.00372796
-18.9924  0.00372309
-18.9728  0.00371704
-18.9532  0.00370981
-18.9336  0.0037014
-18.914  0.00369179
-18.8944  0.00368101
-18.8748  0.00366903
-18.8552  0.00365588
-18.8356  0.00364152
-18.816  0.00362598
-18.7964  0.00360926
-18.7768  0.00359136
-18.7572  0.0035723
-18.7376  0.00355206
-18.718  0.00353069
-18.6984  0.00350816
-18.6788  0.00348448
-18.6592  0.0034597
-18.6396  0.0034338
-18.62  0.00340681
-18.6004  0.00337873
-18.5808  0.00334958
-18.5612  0.00331939
-18.5416  0.00328817
-18.522  0.00325593
-18.5024  0.00322271
-18.4828  0.00318851
-18.4632  0.00315337
-18.4436  0.00311732
-18.424  0.00308037
-18.4044  0.00304255
-18.3848  0.00300388
-18.3652  0.0029644
-18.3456  0.00292413
-18.326  0.00288309
-18.3064  0.00284137
-18.2868  0.00279891
-18.2672  0.00275581
-18.2476  0.00271206
-18.228  0.00266774
-18.2084  0.00262285
-18.1888  0.00257743
-18.1692  0.00253152
-18.1496  0.00248517
-18.13  0.0024384
-18.1104  0.00239126
-18.0908  0.00234378
-18.0712  0.00229598
-18.0516  0.00224792
-18.032  0.00219965
-18.0124  0.00215119
-17.9928  0.00210258
-17.9732  0.00205386
-17.9536  0.00200508
-17.934  0.00195627
-17.9144  0.00190748
-17.8948  0.00185874
-17.8752  0.00181009
-17.8556  0.00176157
-17.836  0.00171323
-17.8164  0.0016651
-17.7968  0.00161721
-17.7772  0.00156961
-17.7576  0.00152233
-17.738  0.00147541
-17.7184  0.0014289
-17.6988  0.00138283
-17.6792  0.00133721
-17.6596  0.00129209
-17.64  0.00124753
-17.6204  0.00120352
-17.6008  0.00116013
-17.5812  0.00111737
-17.5616  0.00107527
-17.542  0.00103387
-17.5224  0.000993193
-17.5028  0.000953269
-17.4832  0.000914123
-17.4636  0.000875778
-17.444  0.00083825
-17.4244  0.000801583
-17.4048  0.000765782
-17.3852  0.00073088
-17.3656  0.000696882
-17.346  0.000663813
-17.3264  0.000631692
-17.3068  0.000600527
-17.2872  0.000570344
-17.2676  0.000541142
-17.248  0.000512934
-17.2284  0.000485731
-17.2088  0.00045955
-17.1892  0.00043439
-17.1696  0.000410256
-17.15  0.000387152
-17.1304  0.000365081
-17.1108  0.000344047
-17.0912  0.000324048
-17.0716  0.000305081
-17.052  0.000287145
-17.0324  0.000270235
-17.0128  0.000254347
-16.9932  0.000239468
-16.9736  0.000225595
-16.954  0.000212713
-16.9344  0.000200821
-16.9148  0.000189899
-16.8952  0.000179934
-16.8756  0.000170914
-16.856  0.000162822
-16.8364  0.000155642
-16.8168  0.000149356
-16.7972  0.000143947
-16.7776  0.000139396
-16.758  0.000135677
-16.7384  0.000132773
-16.7188  0.000130663
-16.6992  0.000129317
-16.6796  0.000128719
-16.66  0.000128843
-16.6404  0.000129661
-16.6208  0.000131149
-16.6012  0.000133279
-16.5816  0.000136032
-16.562  0.000139373
-16.5424  0.000143274
-16.5228  0.000147716
-16.5032  0.000152662
-16.4836  0.000158091
-16.464  0.00016397
-16.4444  0.000170276
-16.4248  0.000176975
-16.4052  0.000184041
-16.3856  0.000191445
-16.366  0.000199166
-16.3464  0.000207167
-16.3268  0.000215428
-16.3072  0.000223919
-16.2876  0.000232615
-16.268  0.00024148
-16.2484  0.000250505
-16.2288  0.000259654
-16.2092  0.000268909
-16.1896  0.000278235
-16.17  0.000287619
-16.1504  0.000297033
-16.1308  0.000306454
-16.1112  0.00031587
-16.0916  0.000325254
-16.072  0.000334582
-16.0524  0.000343848
-16.0328  0.000353024
-16.0132  0.00036209
-15.9936  0.000371044
-15.974  0.00037986
-15.9544  0.000388527
-15.9348  0.000397036
-15.9152  0.00040537
-15.8956  0.000413517
-15.876  0.000421472
-15.8564  0.000429224
-15.8368  0.000436768
-15.8172  0.000444091
-15.7976  0.000451198
-15.778  0.000458074
-15.7584  0.000464724
-15.7388  0.000471131
-15.7192  0.000477311
-15.6996  0.000483257
-15.68  0.000488963
-15.6604  0.000494447
-15.6408  0.000499693
-15.6212  0.000504711
-15.6016  0.000509511
-15.582  0.000514094
-15.5624  0.000518465
-15.5428  0.00052263
-15.5232  0.000526594
-15.5036  0.000530375
-15.484  0.00053398
-15.4644  0.000537411
-15.4448  0.000540683
-15.4252  0.000543805
-15.4056  0.000546793
-15.386  0.000549652
-15.3664  0.000552401
-15.3468  0.000555052
-15.3272  0.000557609
-15.3076  0.000560098
-15.288  0.00056253
-15.2684  0.00056492
-15.2488  0.00056727
-15.2292  0.000569607
-15.2096  0.000571939
-15.19  0.000574279
-15.1704  0.00057665
-15.1508  0.000579056
-15.1312  0.000581523
-15.1116  0.000584059
-15.092  0.000586668
-15.0724  0.000589368
-15.0528  0.000592183
-15.0332  0.000595116
-15.0136  0.000598184
-14.994  0.000601392
-14.9744  0.00060476
-14.9548  0.000608284
-14.9352  0.000611996
-14.9156  0.000615888
-14.896  0.000619981
-14.8764  0.000624269
-14.8568  0.000628771
-14.8372  0.000633487
-14.8176  0.000638422
-14.798  0.000643587
-14.7784  0.000648985
-14.7588  0.000654622
-14.7392  0.000660494
-14.7196  0.000666603
-14.7  0.000672952
-14.6804  0.000679544
-14.6608  0.000686374
-14.6412  0.000693439
-14.6216  0.000700735
-14.602  0.000708264
-14.5824  0.000716019
-14.5628  0.000723998
-14.5432  0.000732184
-14.5236  0.000740572
-14.504  0.000749161
-14.4844  0.000757927
-14.4648  0.000766878
-14.4452  0.000775986
-14.4256  0.000785262
-14.406  0.000794665
-14.3864  0.000804202
-14.3668  0.000813846
-14.3472  0.000823587
-14.3276  0.000833406
-14.308  0.000843299
-14.2884  0.000853234
-14.2688  0.000863187
-14.2492  0.000873151
-14.2296  0.000883114
-14.21  0.000893044
-14.1904  0.000902929
-14.1708  0.00091274
-14.1512  0.00092246
-14.1316  0.000932072
-14.112  0.000941537
-14.0924  0.000950854
-14.0728  0.000959999
-14.0532  0.000968945
-14.0336  0.000977665
-14.014  0.000986141
-13.9944  0.000994358
-13.9748  0.00100228
-13.9552  0.0010099
-13.9356  0.00101718
-13.916  0.0010241
-13.8964  0.00103066
-13.8768  0.00103681
-13.8572  0.00104256
-13.8376  0.00104787
-13.818  0.00105272
-13.7984  0.00105709
-13.7788  0.00106097
-13.7592  0.00106434
-13.7396  0.00106718
-13.72  0.00106946
-13.7004  0.0010712
-13.6808  0.00107235
-13.6612  0.00107292
-13.6416  0.00107288
-13.622  0.00107222
-13.6024  0.00107093
-13.5828  0.001069
-13.5632  0.00106643
-13.5436  0.0010632
-13.524  0.00105931
-13.5044  0.00105475
-13.4848  0.00104952
-13.4652  0.00104361
-13.4456  0.00103701
-13.426  0.00102973
-13.4064  0.00102178
-13.3868  0.00101314
-13.3672  0.00100383
-13.3476  0.000993835
-13.328  0.000983173
-13.3084  0.000971861
-13.2888  0.000959883
-13.2692  0.000947263
-13.2496  0.00093401
-13.23  0.000920134
-13.2104  0.000905648
-13.1908  0.00089057
-13.1712  0.000874911
-13.1516  0.000858692
-13.132  0.000841923
-13.1124  0.00082464
-13.0928  0.000806856
-13.0732  0.000788586
-13.0536  0.000769867
-13.034  0.000750711
-13.0144  0.000731162
-12.9948  0.000711229
-12.9752  0.000690962
-12.9556  0.000670372
-12.936  0.0006495
-12.9164  0.000628371
-12.8968  0.000607029
-12.8772  0.000585508
-12.8576  0.00056383
-12.838  0.00054205
-12.8184  0.0005202
-12.7988  0.000498313
-12.7792  0.000476438
-12.7596  0.000454607
-12.74  0.000432873
-12.7204  0.000411274
-12.7008  0.000389853
-12.6812  0.000368652
-12.6616  0.00034772
-12.642  0.000327107
-12.6224  0.000306857
-12.6028  0.000287017
-12.5832  0.000267638
-12.5636  0.000248764
-12.544  0.00023045
-12.5244  0.000212741
-12.5048  0.000195695
-12.4852  0.000179359
-12.4656  0.000163788
-12.446  0.000149029
-12.4264  0.00013514
-12.4068  0.000122172
-12.3872  0.000110177
-12.3676  9.92113e-05
-12.348  8.93293e-05
-12.3284  8.05816e-05
-12.3088  7.30211e-05
-12.2892  6.67069e-05
-12.2696  6.16942e-05
-12.25  5.80328e-05
-12.2304  5.57801e-05
-12.2108  5.49885e-05
-12.1912  5.57129e-05
-12.1716  5.80079e-05
-12.152  6.19286e-05
-12.1324  6.75255e-05
-12.1128  7.48531e-05
-12.0932  8.39678e-05
-12.0736  9.49174e-05
-12.054  0.000107758
-12.0344  0.000122537
-12.0148  0.00013931
-11.9952  0.000158124
-11.9756  0.000179031
-11.956  0.000202084
-11.9364  0.000227321
-11.9168  0.000254797
-11.8972  0.000284557
-11.8776  0.000316645
-11.858  0.000351111
-11.8384  0.000387993
-11.8188  0.000427336
-11.7992  0.000469183
-11.7796  0.000513568
-11.76  0.000560541
-11.7404  0.000610119
-11.7208  0.000662358
-11.7012  0.00071728
-11.6816  0.000774923
-11.662  0.000835317
-11.6424  0.000898488
-11.6228  0.000964467
-11.6032  0.00103328
-11.5836  0.00110494
-11.564  0.00117948
-11.5444  0.00125689
-11.5248  0.00133722
-11.5052  0.00142048
-11.4856  0.00150667
-11.466  0.0015958
-11.4464  0.00168787
-11.4268  0.0017829
-11.4072  0.00188087
-11.3876  0.0019818
-11.368  0.00208566
-11.3484  0.00219244
-11.3288  0.00230216
-11.3092  0.00241477
-11.2896  0.00253027
-11.27  0.00264863
-11.2504  0.00276983
-11.2308  0.00289383
-11.2112  0.0030206
-11.1916  0.00315009
-11.172  0.00328229
-11.1524  0.00341714
-11.1328  0.00355456
-11.1132  0.00369454
-11.0936  0.00383701
-11.074  0.0039819
-11.0544  0.00412912
-11.0348  0.00427866
-11.0152  0.00443037
-10.9956  0.00458423
-10.976  0.00474011
-10.9564  0.00489797
-10.9368  0.00505767
-10.9172  0.00521913
-10.8976  0.00538226
-10.878  0.00554693
-10.8584  0.00571302
-10.8388  0.00588044
-10.8192  0.00604904
-10.7996  0.00621874
-10.78  0.00638936
-10.7604  0.00656078
-10.7408  0.00673284
-10.7212  0.00690544
-10.7016  0.0070784
-10.682  0.00725158
-10.6624  0.0074248
-10.6428  0.00759791
-10.6232  0.00777075
-10.6036  0.00794314
-10.584  0.0081149
-10.5644  0.00828588
-10.5448  0.00845586
-10.5252  0.00862471
-10.5056  0.00879215
-10.486  0.0089581
-10.4664  0.00912227
-10.4468  0.00928451
-10.4272  0.00944462
-10.4076  0.00960242
-10.388  0.00975765
-10.3684  0.00991012
-10.3488  0.0100597
-10.3292  0.010206
-10.3096  0.010349
-10.29  0.0104885
-10.2704  0.0106241
-10.2508  0.0107558
-10.2312  0.0108832
-10.2116  0.0110062
-10.192  0.0111246
-10.1724  0.0112382
-10.1528  0.0113466
-10.1332  0.0114499
-10.1136  0.0115478
-10.094  0.01164
-10.0744  0.0117263
-10.0548  0.0118066
-10.0352  0.0118807
-10.0156  0.0119485
-9.996  0.0120097
-9.9764  0.0120641
-9.9568  0.0121115
-9.9372  0.012152
-9.9176  0.0121852
-9.898  0.012211
-9.8784  0.0122293
-9.8588  0.01224
-9.8392  0.0122429
-9.8196  0.0122379
-9.8  0.012225
-9.7804  0.0122039
-9.7608  0.0121748
-9.7412  0.0121373
-9.7216  0.0120916
-9.702  0.0120375
-9.6824  0.011975
-9.6628  0.0119041
-9.6432  0.0118247
-9.6236  0.0117369
-9.604  0.0116407
-9.5844  0.0115361
-9.5648  0.0114231
-9.5452  0.0113018
-9.5256  0.0111723
-9.506  0.0110346
-9.4864  0.0108888
-9.4668  0.0107351
-9.4472  0.0105736
-9.4276  0.0104045
-9.408  0.0102278
-9.3884  0.0100438
-9.3688  0.00985274
-9.3492  0.00965475
-9.3296  0.00945011
-9.31  0.00923906
-9.2904  0.00902184
-9.2708  0.0087988
-9.2512  0.00857021
-9.2316  0.00833637
-9.212  0.00809767
-9.1924  0.00785445
-9.1728  0.00760707
-9.1532  0.00735595
-9.1336  0.00710151
-9.114  0.00684418
-9.0944  0.00658436
-9.0748  0.00632262
-9.0552  0.00605934
-9.0356  0.00579509
-9.016  0.00553038
-8.9964  0.00526575
-8.9768  0.00500173
-8.9572  0.00473892
-8.9376  0.00447789
-8.918  0.00421927
-8.8984  0.00396364
-8.8788  0.00371166
-8.8592  0.00346399
-8.8396  0.00322129
-8.82  0.00298421
-8.8004  0.00275346
-8.7808  0.00252973
-8.7612  0.00231376
-8.7416  0.00210627
-8.722  0.001908
-8.7024  0.00171968
-8.6828  0.00154209
-8.6632  0.001376
-8.6436  0.00122217
-8.624  0.0010814
-8.6044  0.000954481
-8.5848  0.000842213
-8.5652  0.000745396
-8.5456  0.000664836
-8.526  0.000601365
-8.5064  0.000555784
-8.4868  0.000528922
-8.4672  0.000521601
-8.4476  0.000534648
-8.428  0.000568886
-8.4084  0.000625142
-8.3888  0.000704231
-8.3692  0.000806989
-8.3496  0.000934222
-8.33  0.00108676
-8.3104  0.00126539
-8.2908  0.00147095
-8.2712  0.00170422
-8.2516  0.001966
-8.232  0.00225708
-8.2124  0.00257824
-8.1928  0.00293025
-8.1732  0.00331384
-8.1536  0.00372981
-8.134  0.00417886
-8.1144  0.00466175
-8.0948  0.00517916
-8.0752  0.00573184
-8.0556  0.00632044
-8.036  0.00694564
-8.0164  0.00760812
-7.9968  0.00830852
-7.9772  0.00904747
-7.9576  0.00982557
-7.938  0.0106435
-7.9184  0.0115017
-7.8988  0.0124008
-7.8792  0.0133414
-7.8596  0.014324
-7.84  0.0153491
-7.8204  0.0164173
-7.8008  0.0175289
-7.7812  0.0186845
-7.7616  0.0198845
-7.742  0.0211294
-7.7224  0.0224195
-7.7028  0.0237552
-7.6832  0.025137
-7.6636  0.0265651
-7.644  0.02804
-7.6244  0.029562
-7.6048  0.0311314
-7.5852  0.0327485
-7.5656  0.0344136
-7.546  0.0361271
-7.5264  0.0378891
-7.5068  0.0396999
-7.4872  0.0415598
-7.4676  0.043469
-7.448  0.0454279
-7.4284  0.0474366
-7.4088  0.0494953
-7.3892  0.0516044
-7.3696  0.053764
-7.35  0.0559743
-7.3304  0.0582358
-7.3108  0.0605484
-7.2912  0.0629127
-7.2716  0.0653287
-7.252  0.0677969
-7.2324  0.0703174
-7.2128  0.0728907
-7.1932  0.0755171
-7.1736  0.0781969
-7.154  0.0809305
-7.1344  0.0837185
-7.1148  0.0865611
-7.0952  0.0894589
-7.0756  0.0924126
-7.056  0.0954226
-7.0364  0.0984896
-7.0168  0.101614
-6.9972  0.104798
-6.9776  0.10804
-6.958  0.111342
-6.9384  0.114706
-6.9188  0.118132
-6.8992  0.121621
-6.8796  0.125174
-6.86  0.128793
-6.8404  0.132479
-6.8208  0.136234
-6.8012  0.140059
-6.7816  0.143956
-6.762  0.147926
-6.7424  0.151973
-6.7228  0.156097
-6.7032  0.160301
-6.6836  0.164587
-6.664  0.168959
-6.6444  0.173418
-6.6248  0.177969
-6.6052  0.182612
-6.5856  0.187353
-6.566  0.192194
-6.5464  0.19714
-6.5268  0.202193
-6.5072  0.207359
-6.4876  0.212641
-6.468  0.218045
-6.4484  0.223574
-6.4288  0.229234
-6.4092  0.235032
-6.3896  0.240971
-6.37  0.247058
-6.3504  0.2533
-6.3308  0.259704
-6.3112  0.266275
-6.2916  0.273022
-6.272  0.279952
-6.2524  0.287073
-6.2328  0.294393
-6.2132  0.301922
-6.1936  0.309669
-6.174  0.317643
-6.1544  0.325855
-6.1348  0.334314
-6.1152  0.343033
-6.0956  0.352022
-6.076  0.361294
-6.0564  0.37086
-6.0368  0.380736
-6.0172  0.390933
-5.9976  0.401466
-5.978  0.41235
-5.9584  0.4236
-5.9388  0.435233
-5.9192  0.447264
-5.8996  0.459711
-5.88  0.472593
-5.8604  0.485928
-5.8408  0.499735
-5.8212  0.514034
-5.8016  0.528846
-5.782  0.544193
-5.7624  0.560098
-5.7428  0.576583
-5.7232  0.593672
-5.7036  0.611391
-5.684  0.629764
-5.6644  0.64882
-5.6448  0.668585
-5.6252  0.689089
-5.6056  0.710359
-5.586  0.732428
-5.5664  0.755325
-5.5468  0.779085
-5.5272  0.803739
-5.5076  0.829324
-5.488  0.855875
-5.4684  0.883427
-5.4488  0.91202
-5.4292  0.941691
-5.4096  0.972483
-5.39  1.00443
-5.3704  1.03759
-5.3508  1.07199
-5.3312  1.10769
-5.3116  1.14472
-5.292  1.18314
-5.2724  1.223
-5.2528  1.26434
-5.2332  1.30723
-5.2136  1.3517
-5.194  1.39781
-5.1744  1.44563
-5.1548  1.49521
-5.1352  1.5466
-5.1156  1.59988
-5.096  1.65509
-5.0764  1.71231
-5.0568  1.77159
-5.0372  1.83301
-5.0176  1.89663
-4.998  1.96252
-4.9784  2.03076
-4.9588  2.10141
-4.9392  2.17456
-4.9196  2.25027
-4.9  2.32862
-4.8804  2.4097
-4.8608  2.49358
-4.8412  2.58035
-4.8216  2.67009
-4.802  2.76289
-4.7824  2.85883
-4.7628  2.95801
-4.7432  3.06051
-4.7236  3.16643
-4.704  3.27587
-4.6844  3.38891
-4.6648  3.50566
-4.6452  3.62622
-4.6256  3.75068
-4.606  3.87915
-4.5864  4.01174
-4.5668  4.14855
-4.5472  4.28969
-4.5276  4.43527
-4.508  4.5854
-4.4884  4.74019
-4.4688  4.89976
-4.4492  5.06422
-4.4296  5.23369
-4.41  5.40829
-4.3904  5.58814
-4.3708  5.77336
-4.3512  5.96407
-4.3316  6.16041
-4.312  6.36248
-4.2924  6.57044
-4.2728  6.78439
-4.2532  7.00448
-4.2336  7.23082
-4.214  7.46357
-4.1944  7.70284
-4.1748  7.94878
-4.1552  8.20151
-4.1356  8.46118
-4.116  8.72792
-4.0964  9.00188
-4.0768  9.28319
-4.0572  9.57198
-4.0376  9.86841
-4.018  10.1726
-3.9984  10.4847
-3.9788  10.8049
-3.9592  11.1333
-3.9396  11.47
-3.92  11.8152
-3.9004  12.169
-3.8808  12.5316
-3.8612  12.9031
-3.8416  13.2837
-3.822  13.6735
-3.8024  14.0726
-3.7828  14.4812
-3.7632  14.8995
-3.7436  15.3275
-3.724  15.7654
-3.7044  16.2134
-3.6848  16.6716
-3.6652  17.1401
-3.6456  17.6191
-3.626  18.1087
-3.6064  18.609
-3.5868  19.1202
-3.5672  19.6424
-3.5476  20.1758
-3.528  20.7204
-3.5084  21.2764
-3.4888  21.844
-3.4692  22.4231
-3.4496  23.0141
-3.43  23.6169
-3.4104  24.2317
-3.3908  24.8586
-3.3712  25.4978
-3.3516  26.1493
-3.332  26.8132
-3.3124  27.4896
-3.2928  28.1787
-3.2732  28.8805
-3.2536  29.5952
-3.234  30.3227
-3.2144  31.0632
-3.1948  31.8169
-3.1752  32.5836
-3.1556  33.3636
-3.136  34.1569
-3.1164  34.9636
-3.0968  35.7836
-3.0772  36.6172
-3.0576  37.4642
-3.038  38.3248
-3.0184  39.1991
-2.9988  40.0869
-2.9792  40.9885
-2.9596  41.9037
-2.94  42.8327
-2.9204  43.7754
-2.9008  44.7318
-2.8812  45.702
-2.8616  46.6859
-2.842  47.6835
-2.8224  48.6948
-2.8028  49.7198
-2.7832  50.7585
-2.7636  51.8108
-2.744  52.8766
-2.7244  53.956
-2.7048  55.0489
-2.6852  56.1552
-2.6656  57.2748
-2.646  58.4077
-2.6264  59.5537
-2.6068  60.7129
-2.5872  61.885
-2.5676  63.0701
-2.548  64.2679
-2.5284  65.4784
-2.5088  66.7013
-2.4892  67.9367
-2.4696  69.1844
-2.45  70.4441
-2.4304  71.7158
-2.4108  72.9992
-2.3912  74.2943
-2.3716  75.6007
-2.352  76.9184
-2.3324  78.2472
-2.3128  79.5867
-2.2932  80.9369
-2.2736  82.2975
-2.254  83.6683
-2.2344  85.049
-2.2148  86.4393
-2.1952  87.8392
-2.1756  89.2482
-2.156  90.6661
-2.1364  92.0926
-2.1168  93.5276
-2.0972  94.9706
-2.0776  96.4213
-2.058  97.8796
-2.0384  99.345
-2.0188  100.817
-1.9992  102.296
-1.9796  103.781
-1.96  105.272
-1.9404  106.768
-1.9208  108.269
-1.9012  109.776
-1.8816  111.286
-1.862  112.801
-1.8424  114.319
-1.8228  115.841
-1.8032  117.365
-1.7836  118.892
-1.764  120.421
-1.7444  121.952
-1.7248  123.484
-1.7052  125.017
-1.6856  126.55
-1.666  128.084
-1.6464  129.616
-1.6268  131.148
-1.6072  132.679
-1.5876  134.208
-1.568  135.735
-1.5484  137.259
-1.5288  138.78
-1.5092  140.297
-1.4896  141.81
-1.47  143.319
-1.4504  144.823
-1.4308  146.321
-1.4112  147.813
-1.3916  149.299
-1.372  150.779
-1.3524  152.25
-1.3328  153.714
-1.3132  155.17
-1.2936  156.617
-1.274  158.054
-1.2544  159.482
-1.2348  160.899
-1.2152  162.306
-1.1956  163.702
-1.176  165.086
-1.1564  166.457
-1.1368  167.816
-1.1172  169.162
-1.0976  170.495
-1.078  171.813
-1.0584  173.117
-1.0388  174.406
-1.0192  175.679
-0.9996  176.937
-0.98  178.178
-0.9604  179.402
-0.9408  180.609
-0.9212  181.798
-0.9016  182.969
-0.882  184.122
-0.8624  185.256
-0.8428  186.37
-0.8232  187.464
-0.8036  188.538
-0.784  189.591
-0.7644  190.624
-0.7448  191.634
-0.7252  192.623
-0.7056  193.59
-0.686  194.534
-0.6664  195.456
-0.6468  196.354
-0.6272  197.228
-0.6076  198.078
-0.588  198.904
-0.5684  199.705
-0.5488  200.482
-0.5292  201.233
-0.5096  201.959
-0.49  202.658
-0.4704  203.332
-0.4508  203.979
-0.4312  204.6
-0.4116  205.194
-0.392  205.76
-0.3724  206.3
-0.3528  206.812
-0.3332  207.296
-0.3136  207.752
-0.294  208.18
-0.2744  208.579
-0.2548  208.951
-0.2352  209.293
-0.2156  209.607
-0.196  209.893
-0.1764  210.149
-0.1568  210.376
-0.1372  210.574
-0.1176  210.743
-0.098  210.882
-0.0784  210.992
-0.0588  211.073
-0.0392  211.124
-0.0196  211.146
0  211.139
0.0196  211.102
0.0392  211.035
0.0588  210.939
0.0784  210.814
0.098  210.66
0.1176  210.476
0.1372  210.263
0.1568  210.022
0.1764  209.751
0.196  209.451
0.2156  209.123
0.2352  208.766
0.2548  208.381
0.2744  207.967
0.294  207.525
0.3136  207.056
0.3332  206.558
0.3528  206.034
0.3724  205.481
0.392  204.902
0.4116  204.296
0.4312  203.663
0.4508  203.004
0.4704  202.319
0.49  201.608
0.5096  200.872
0.5292  200.11
0.5488  199.323
0.5684  198.512
0.588  197.676
0.6076  196.817
0.6272  195.933
0.6468  195.027
0.6664  194.097
0.686  193.145
0.7056  192.171
0.7252  191.175
0.7448  190.158
0.7644  189.119
0.784  188.06
0.8036  186.98
0.8232  185.881
0.8428  184.762
0.8624  183.624
0.882  182.468
0.9016  181.293
0.9212  180.101
0.9408  178.892
0.9604  177.665
0.98  176.422
0.9996  175.164
1.0192  173.89
1.0388  172.6
1.0584  171.297
1.078  169.979
1.0976  168.647
1.1172  167.303
1.1368  165.945
1.1564  164.576
1.176  163.194
1.1956  161.802
1.2152  160.398
1.2348  158.985
1.2544  157.561
1.274  156.128
1.2936  154.687
1.3132  153.237
1.3328  151.778
1.3524  150.313
1.372  148.84
1.3916  147.361
1.4112  145.876
1.4308  144.386
1.4504  142.89
1.47  141.39
1.4896  139.885
1.5092  138.377
1.5288  136.865
1.5484  135.351
1.568  133.834
1.5876  132.316
1.6072  130.796
1.6268  129.275
1.6464  127.753
1.666  126.231
1.6856  124.71
1.7052  123.189
1.7248  121.669
1.7444  120.15
1.764  118.634
1.7836  117.12
1.8032  115.608
1.8228  114.1
1.8424  112.595
1.862  111.094
1.8816  109.597
1.9012  108.104
1.9208  106.617
1.9404  105.135
1.96  103.658
1.9796  102.187
1.9992  100.723
2.0188  99.265
2.0384  97.8141
2.058  96.3705
2.0776  94.9343
2.0972  93.5059
2.1168  92.0857
2.1364  90.6738
2.156  89.2706
2.1756  87.8762
2.1952  86.4911
2.2148  85.1153
2.2344  83.7492
2.254  82.393
2.2736  81.0469
2.2932  79.7111
2.3128  78.3859
2.3324  77.0714
2.352  75.7679
2.3716  74.4755
2.3912  73.1944
2.4108  71.9248
2.4304  70.6668
2.45  69.4206
2.4696  68.1864
2.4892  66.9643
2.5088  65.7544
2.5284  64.5569
2.548  63.3719
2.5676  62.1994
2.5872  61.0397
2.6068  59.8927
2.6264  58.7586
2.646  57.6375
2.6656  56.5295
2.6852  55.4346
2.7048  54.3528
2.7244  53.2843
2.744  52.2291
2.7636  51.1873
2.7832  50.1588
2.8028  49.1437
2.8224  48.142
2.842  47.1538
2.8616  46.1791
2.8812  45.2178
2.9008  44.27
2.9204  43.3357
2.94  42.4148
2.9596  41.5074
2.9792  40.6134
2.9988  39.7328
3.0184  38.8655
3.038  38.0116
3.0576  37.171
3.0772  36.3436
3.0968  35.5294
3.1164  34.7283
3.136  33.9403
3.1556  33.1653
3.1752  32.4032
3.1948  31.654
3.2144  30.9176
3.234  30.194
3.2536  29.4829
3.2732  28.7844
3.2928  28.0984
3.3124  27.4247
3.332  26.7633
3.3516  26.114
3.3712  25.4768
3.3908  24.8516
3.4104  24.2382
3.43  23.6365
3.4496  23.0465
3.4692  22.4679
3.4888  21.9008
3.5084  21.3449
3.528  20.8002
3.5476  20.2665
3.5672  19.7437
3.5868  19.2317
3.6064  18.7303
3.626  18.2394
3.6456  17.7589
3.6652  17.2887
3.6848  16.8286
3.7044  16.3785
3.724  15.9382
3.7436  15.5077
3.7632  15.0867
3.7828  14.6752
3.8024  14.2729
3.822  13.8799
3.8416  13.4958
3.8612  13.1207
3.8808  12.7543
3.9004  12.3965
3.92  12.0472
3.9396  11.7062
3.9592  11.3734
3.9788  11.0487
3.9984  10.7319
4.018  10.4229
4.0376  10.1216
4.0572  9.82771
4.0768  9.54124
4.0964  9.262
4.116  8.98988
4.1356  8.72472
4.1552  8.46641
4.1748  8.21481
4.1944  7.96979
4.214  7.73121
4.2336  7.49896
4.2532  7.2729
4.2728  7.05291
4.2924  6.83885
4.312  6.63061
4.3316  6.42807
4.3512  6.2311
4.3708  6.03958
4.3904  5.85339
4.41  5.67242
4.4296  5.49655
4.4492  5.32566
4.4688  5.15964
4.4884  4.99838
4.508  4.84177
4.5276  4.6897
4.5472  4.54206
4.5668  4.39875
4.5864  4.25967
4.606  4.1247
4.6256  3.99374
4.6452  3.86671
4.6648  3.7435
4.6844  3.62401
4.704  3.50816
4.7236  3.39583
4.7432  3.28696
4.7628  3.18144
4.7824  3.07918
4.802  2.9801
4.8216  2.88412
4.8412  2.79115
4.8608  2.70111
4.8804  2.61392
4.9  2.52949
4.9196  2.44776
4.9392  2.36865
4.9588  2.29207
4.9784  2.21797
4.998  2.14627
5.0176  2.07689
5.0372  2.00978
5.0568  1.94486
5.0764  1.88207
5.096  1.82135
5.1156  1.76263
5.1352  1.70586
5.1548  1.65097
5.1744  1.5979
5.194  1.54661
5.2136  1.49703
5.2332  1.44911
5.2528  1.4028
5.2724  1.35804
5.292  1.31479
5.3116  1.27301
5.3312  1.23263
5.3508  1.19362
5.3704  1.15593
5.39  1.11952
5.4096  1.08434
5.4292  1.05036
5.4488  1.01753
5.4684  0.985817
5.488  0.955179
5.5076  0.925581
5.5272  0.896987
5.5468  0.869363
5.5664  0.842675
5.586  0.816889
5.6056  0.791976
5.6252  0.767903
5.6448  0.744641
5.6644  0.722161
5.684  0.700435
5.7036  0.679436
5.7232  0.659138
5.7428  0.639516
5.7624  0.620544
5.782  0.602199
5.8016  0.584459
5.8212  0.5673
5.8408  0.550702
5.8604  0.534643
5.88  0.519104
5.8996  0.504065
5.9192  0.489508
5.9388  0.475415
5.9584  0.461767
5.978  0.44855
5.9976  0.435745
6.0172  0.423338
6.0368  0.411315
6.0564  0.399659
6.076  0.388358
6.0956  0.377399
6.1152  0.366767
6.1348  0.356452
6.1544  0.34644
6.174  0.336722
6.1936  0.327285
6.2132  0.318119
6.2328  0.309214
6.2524  0.300561
6.272  0.29215
6.2916  0.283972
6.3112  0.276019
6.3308  0.268282
6.3504  0.260754
6.37  0.253427
6.3896  0.246295
6.4092  0.239349
6.4288  0.232584
6.4484  0.225994
6.468  0.219572
6.4876  0.213312
6.5072  0.20721
6.5268  0.20126
6.5464  0.195456
6.566  0.189795
6.5856  0.184272
6.6052  0.178883
6.6248  0.173622
6.6444  0.168487
6.664  0.163474
6.6836  0.15858
6.7032  0.1538
6.7228  0.149131
6.7424  0.144572
6.762  0.140118
6.7816  0.135767
6.8012  0.131516
6.8208  0.127363
6.8404  0.123306
6.86  0.119342
6.8796  0.115469
6.8992  0.111685
6.9188  0.107988
6.9384  0.104376
6.958  0.100848
6.9776  0.0974023
6.9972  0.0940364
7.0168  0.0907493
7.0364  0.0875395
7.056  0.0844057
7.0756  0.0813466
7.0952  0.0783608
7.1148  0.0754471
7.1344  0.0726046
7.154  0.0698319
7.1736  0.0671281
7.1932  0.064492
7.2128  0.0619229
7.2324  0.0594195
7.252  0.0569812
7.2716  0.0546069
7.2912  0.0522958
7.3108  0.050047
7.3304  0.0478598
7.35  0.0457332
7.3696  0.0436666
7.3892  0.0416591
7.4088  0.0397099
7.4284  0.0378184
7.448  0.0359837
7.4676  0.0342052
7.4872  0.032482
7.5068  0.0308136
7.5264  0.029199
7.546  0.0276377
7.5656  0.0261289
7.5852  0.0246718
7.6048  0.0232659
7.6244  0.0219103
7.644  0.0206042
7.6636  0.0193471
7.6832  0.0181381
7.7028  0.0169765
7.7224  0.0158615
7.742  0.0147925
7.7616  0.0137687
7.7812  0.0127893
7.8008  0.0118535
7.8204  0.0109607
7.84  0.0101099
7.8596  0.00930045
7.8792  0.00853155
7.8988  0.00780245
7.9184  0.00711227
7.938  0.00646024
7.9576  0.00584555
7.9772  0.00526741
7.9968  0.00472498
8.0164  0.00421743
8.036  0.00374395
8.0556  0.00330372
8.0752  0.00289587
8.0948  0.00251958
8.1144  0.00217403
8.134  0.00185835
8.1536  0.00157171
8.1732  0.00131327
8.1928  0.00108218
8.2124  0.000877589
8.232  0.000698664
8.2516  0.000544561
8.2712  0.000414434
8.2908  0.000307448
8.3104  0.000222764
8.33  0.000159552
8.3496  0.000116989
8.3692  9.42383e-05
8.3888  9.04932e-05
8.4084  0.000104935
8.428  0.000136761
8.4476  0.000185171
8.4672  0.000249371
8.4868  0.000328576
8.5064  0.000422016
8.526  0.000528926
8.5456  0.000648536
8.5652  0.00078012
8.5848  0.000922921
8.6044  0.00107623
8.624  0.00123933
8.6436  0.00141151
8.6632  0.0015921
8.6828  0.0017804
8.7024  0.00197577
8.722  0.00217755
8.7416  0.0023851
8.7612  0.0025978
8.7808  0.00281506
8.8004  0.00303629
8.82  0.00326088
8.8396  0.0034883
8.8592  0.00371797
8.8788  0.0039494
8.8984  0.00418208
8.918  0.00441548
8.9376  0.00464911
8.9572  0.00488254
8.9768  0.00511531
8.9964  0.00534698
9.016  0.00557714
9.0356  0.00580539
9.0552  0.00603135
9.0748  0.00625466
9.0944  0.00647492
9.114  0.00669189
9.1336  0.00690517
9.1532  0.00711449
9.1728  0.00731959
9.1924  0.00752017
9.212  0.00771598
9.2316  0.00790679
9.2512  0.00809239
9.2708  0.00827255
9.2904  0.00844708
9.31  0.00861585
9.3296  0.00877864
9.3492  0.00893532
9.3688  0.00908579
9.3884  0.00922988
9.408  0.00936753
9.4276  0.00949864
9.4472  0.00962308
9.4668  0.00974082
9.4864  0.00985182
9.506  0.00995603
9.5256  0.0100534
9.5452  0.0101439
9.5648  0.0102276
9.5844  0.0103044
9.604  0.0103743
9.6236  0.0104375
9.6432  0.0104938
9.6628  0.0105433
9.6824  0.0105862
9.702  0.0106224
9.7216  0.010652
9.7412  0.010675
9.7608  0.0106917
9.7804  0.0107019
9.8  0.0107059
9.8196  0.0107038
9.8392  0.0106955
9.8588  0.0106813
9.8784  0.0106612
9.898  0.0106354
9.9176  0.0106041
9.9372  0.0105672
9.9568  0.0105249
9.9764  0.0104775
9.996  0.0104249
10.0156  0.0103674
10.0352  0.010305
10.0548  0.0102381
10.0744  0.0101665
10.094  0.0100906
10.1136  0.0100105
10.1332  0.00992627
10.1528  0.00983812
10.1724  0.0097462
10.192  0.0096506
10.2116  0.00955151
10.2312  0.0094491
10.2508  0.0093435
10.2704  0.00923485
10.29  0.00912331
10.3096  0.00900901
10.3292  0.00889213
10.3488  0.00877278
10.3684  0.0086511
10.388  0.00852728
10.4076  0.00840142
10.4272  0.00827364
10.4468  0.00814413
10.4664  0.008013
10.486  0.0078804
10.5056  0.00774639
10.5252  0.00761122
10.5448  0.00747489
10.5644  0.00733762
10.584  0.00719948
10.6036  0.00706063
10.6232  0.00692115
10.6428  0.00678117
10.6624  0.00664082
10.682  0.00650019
10.7016  0.00635937
10.7212  0.00621851
10.7408  0.00607767
10.7604  0.00593701
10.78  0.00579657
10.7996  0.00565647
10.8192  0.00551677
10.8388  0.00537762
10.8584  0.00523907
10.878  0.00510123
10.8976  0.00496415
10.9172  0.00482793
10.9368  0.00469265
10.9564  0.00455839
10.976  0.0044252
10.9956  0.00429319
11.0152  0.00416239
11.0348  0.00403292
11.0544  0.00390476
11.074  0.00377807
11.0936  0.00365283
11.1132  0.00352914
11.1328  0.00340706
11.1524  0.00328664
11.172  0.00316792
11.1916  0.00305094
11.2112  0.00293579
11.2308  0.00282248
11.2504  0.00271106
11.27  0.00260159
11.2896  0.00249409
11.3092  0.00238861
11.3288  0.00228518
11.3484  0.00218384
11.368  0.00208463
11.3876  0.00198757
11.4072  0.00189268
11.4268  0.00180001
11.4464  0.00170957
11.466  0.0016214
11.4856  0.0015355
11.5052  0.00145191
11.5248  0.00137064
11.5444  0.00129171
11.564  0.00121514
11.5836  0.00114093
11.6032  0.0010691
11.6228  0.000999658
11.6424  0.000932613
11.662  0.000867974
11.6816  0.000805742
11.7012  0.000745926
11.7208  0.000688524
11.7404  0.000633532
11.76  0.000580958
11.7796  0.000530779
11.7992  0.000483012
11.8188  0.000437636
11.8384  0.000394647
11.858  0.000354034
11.8776  0.000315781
11.8972  0.000279883
11.9168  0.000246317
11.9364  0.000215065
11.956  0.000186113
11.9756  0.000159431
11.9952  0.00013501
12.0148  0.000112819
12.0344  9.28333e-05
12.054  7.50267e-05
12.0736  5.93686e-05
12.0932  4.58312e-05
12.1128  3.43817e-05
12.1324  2.49892e-05
12.152  1.76163e-05
12.1716  1.2228e-05
12.1912  8.78907e-06
12.2108  7.25935e-06
12.2304  7.59925e-06
12.25  9.76728e-06
12.2696  1.3722e-05
12.2892  1.94186e-05
12.3088  2.68151e-05
12.3284  3.58659e-05
12.348  4.652e-05
12.3676  5.87323e-05
12.3872  7.2457e-05
12.4068  8.76425e-05
12.4264  0.000104238
12.446  0.000122193
12.4656  0.00014146
12.4852  0.000161979
12.5048  0.000183709
12.5244  0.000206586
12.544  0.000230566
12.5636  0.000255586
12.5832  0.000281598
12.6028  0.000308546
12.6224  0.000336376
12.642  0.000365035
12.6616  0.00039447
12.6812  0.000424629
12.7008  0.000455455
12.7204  0.00048689
12.74  0.000518887
12.7596  0.000551392
12.7792  0.000584359
12.7988  0.000617725
12.8184  0.000651448
12.838  0.000685471
12.8576  0.00071975
12.8772  0.000754243
12.8968  0.000788885
12.9164  0.000823642
12.936  0.000858471
12.9556  0.000893315
12.9752  0.000928144
12.9948  0.000962898
13.0144  0.000997568
13.034  0.00103208
13.0536  0.00106643
13.0732  0.00110055
13.0928  0.00113442
13.1124  0.001168
13.132  0.00120127
13.1516  0.0012342
13.1712  0.00126674
13.1908  0.00129888
13.2104  0.00133059
13.23  0.00136185
13.2496  0.00139264
13.2692  0.00142293
13.2888  0.00145271
13.3084  0.00148196
13.328  0.00151065
13.3476  0.0015388
13.3672  0.00156637
13.3868  0.00159336
13.4064  0.00161977
13.426  0.00164557
13.4456  0.00167078
13.4652  0.00169538
13.4848  0.00171937
13.5044  0.00174276
13.524  0.00176553
13.5436  0.00178771
13.5632  0.00180928
13.5828  0.00183027
13.6024  0.00185067
13.622  0.00187049
13.6416  0.00188974
13.6612  0.00190842
13.6808  0.00192657
13.7004  0.00194417
13.72  0.00196124
13.7396  0.00197784
13.7592  0.00199392
13.7788  0.00200953
13.7984  0.00202469
13.818  0.0020394
13.8376  0.00205369
13.8572  0.00206757
13.8768  0.00208106
13.8964  0.0020942
13.916  0.00210698
13.9356  0.00211945
13.9552  0.0021316
13.9748  0.00214347
13.9944  0.00215507
14.014  0.00216641
14.0336  0.00217754
14.0532  0.00218845
14.0728  0.00219918
14.0924  0.00220973
14.112  0.00222014
14.1316  0.00223042
14.1512  0.00224056
14.1708  0.00225061
14.1904  0.00226058
14.21  0.00227046
14.2296  0.00228029
14.2492  0.00229008
14.2688  0.00229984
14.2884  0.00230958
14.308  0.0023193
14.3276  0.00232902
14.3472  0.00233875
14.3668  0.00234848
14.3864  0.00235824
14.406  0.00236802
14.4256  0.00237783
14.4452  0.00238765
14.4648  0.00239753
14.4844  0.00240742
14.504  0.00241735
14.5236  0.00242728
14.5432  0.00243724
14.5628  0.00244722
14.5824  0.00245719
14.602  0.00246716
14.6216  0.00247712
14.6412  0.00248707
14.6608  0.00249698
14.6804  0.00250684
14.7  0.00251663
14.7196  0.00252636
14.7392  0.00253598
14.7588  0.0025455
14.7784  0.00255488
14.798  0.00256412
14.8176  0.0025732
14.8372  0.00258208
14.8568  0.00259076
14.8764  0.00259919
14.896  0.00260737
14.9156  0.00261526
14.9352  0.00262286
14.9548  0.00263011
14.9744  0.00263704
14.994  0.00264356
15.0136  0.00264969
15.0332  0.00265538
15.0528  0.00266061
15.0724  0.00266536
15.092  0.00266961
15.1116  0.00267332
15.1312  0.00267645
15.1508  0.002679
15.1704  0.00268095
15.19  0.00268225
15.2096  0.0026829
15.2292  0.00268287
15.2488  0.00268212
15.2684  0.00268065
15.288  0.00267841
15.3076  0.0026754
15.3272  0.00267162
15.3468  0.00266703
15.3664  0.0026616
15.386  0.00265533
15.4056  0.0026482
15.4252  0.0026402
15.4448  0.00263131
15.4644  0.00262153
15.484  0.00261084
15.5036  0.00259922
15.5232  0.00258669
15.5428  0.00257324
15.5624  0.00255885
15.582  0.00254352
15.6016  0.00252725
15.6212  0.00251005
15.6408  0.00249192
15.6604  0.00247286
15.68  0.00245286
15.6996  0.00243197
15.7192  0.00241016
15.7388  0.00238745
15.7584  0.00236387
15.778  0.00233941
15.7976  0.0023141
15.8172  0.00228794
15.8368  0.00226097
15.8564  0.0022332
15.876  0.00220466
15.8956  0.00217537
15.9152  0.00214535
15.9348  0.00211463
15.9544  0.00208323
15.974  0.00205119
15.9936  0.00201854
16.0132  0.00198531
16.0328  0.00195154
16.0524  0.00191725
16.072  0.00188248
16.0916  0.00184728
16.1112  0.00181167
16.1308  0.00177569
16.1504  0.0017394
16.17  0.00170281
16.1896  0.00166598
16.2092  0.00162895
16.2288  0.00159174
16.2484  0.00155443
16.268  0.00151703
16.2876  0.0014796
16.3072  0.00144217
16.3268  0.00140479
16.3464  0.00136751
16.366  0.00133037
16.3856  0.0012934
16.4052  0.00125665
16.4248  0.00122018
16.4444  0.001184
16.464  0.00114817
16.4836  0.00111274
16.5032  0.00107773
16.5228  0.00104318
16.5424  0.00100914
16.562  0.000975639
16.5816  0.000942722
16.6012  0.000910421
16.6208  0.000878774
16.6404  0.000847805
16.66  0.000817548
16.6796  0.000788045
16.6992  0.000759314
16.7188  0.000731387
16.7384  0.000704283
16.758  0.000678041
16.7776  0.000652681
16.7972  0.000628216
16.8168  0.000604676
16.8364  0.000582066
16.856  0.000560416
16.8756  0.000539732
16.8952  0.000520037
16.9148  0.000501337
16.9344  0.000483644
16.954  0.000466961
16.9736  0.000451291
16.9932  0.000436647
17.0128  0.000423026
17.0324  0.000410433
17.052  0.000398861
17.0716  0.000388308
17.0912  0.000378767
17.1108  0.000370235
17.1304  0.0003627
17.15  0.000356152
17.1696  0.00035058
17.1892  0.000345968
17.2088  0.000342306
17.2284  0.000339572
17.248  0.00033774
17.2676  0.000336803
17.2872  0.000336732
17.3068  0.000337506
17.3264  0.000339097
17.346  0.000341483
17.3656  0.000344632
17.3852  0.00034852
17.4048  0.000353117
17.4244  0.000358388
17.444  0.000364305
17.4636  0.000370831
17.4832  0.000377941
17.5028  0.000385591
17.5224  0.000393757
17.542  0.000402394
17.5616  0.000411469
17.5812  0.000420942
17.6008  0.000430782
17.6204  0.000440954
17.64  0.00045141
17.6596  0.000462122
17.6792  0.000473048
17.6988  0.000484146
17.7184  0.000495386
17.738  0.000506731
17.7576  0.000518136
17.7772  0.000529572
17.7968  0.000540992
17.8164  0.000552371
17.836  0.000563675
17.8556  0.000574858
17.8752  0.000585894
17.8948  0.000596745
17.9144  0.000607383
17.934  0.000617773
17.9536  0.000627885
17.9732  0.000637693
17.9928  0.000647152
18.0124  0.000656256
18.032  0.000664977
18.0516  0.000673274
18.0712  0.000681137
18.0908  0.000688536
18.1104  0.000695447
18.13  0.000701858
18.1496  0.000707754
18.1692  0.000713095
18.1888  0.0007179
18.2084  0.000722133
18.228  0.00072578
18.2476  0.000728826
18.2672  0.000731284
18.2868  0.000733124
18.3064  0.000734353
18.326  0.000734951
18.3456  0.000734932
18.3652  0.000734278
18.3848  0.000732996
18.4044  0.000731092
18.424  0.000728567
18.4436  0.000725412
18.4632  0.000721645
18.4828  0.000717269
18.5024  0.000712302
18.522  0.000706732
18.5416  0.000700585
18.5612  0.000693882
18.5808  0.000686608
18.6004  0.000678801
18.62  0.000670471
18.6396  0.000661636
18.6592  0.000652311
18.6788  0.000642511
18.6984  0.000632275
18.718  0.000621602
18.7376  0.000610522
18.7572  0.000599068
18.7768  0.000587246
18.7964  0.000575086
18.816  0.000562613
18.8356  0.000549862
18.8552  0.000536847
18.8748  0.000523597
18.8944  0.000510139
18.914  0.000496507
18.9336  0.000482712
18.9532  0.000468804
18.9728  0.00045479
18.9924  0.000440715
19.012  0.000426588
19.0316  0.00041245
19.0512  0.000398334
19.0708  0.000384257
19.0904  0.000370235
19.11  0.00035632
19.1296  0.000342523
19.1492  0.000328872
19.1688  0.000315399
19.1884  0.000302129
19.208  0.000289074
19.2276  0.000276276
19.2472  0.000263745
19.2668  0.000251508
19.2864  0.00023959
19.306  0.000228013
19.3256  0.000216793
19.3452  0.000205952
19.3648  0.000195512
19.3844  0.000185486
19.404  0.000175894
19.4236  0.000166749
19.4432  0.000158071
19.4628  0.000149869
19.4824  0.000142163
19.502  0.00013496
19.5216  0.000128271
19.5412  0.000122107
19.5608  0.000116478
19.5804  0.000111394
19.6  0.000106857
19.6196  0.000102876
19.6392  9.94548e-05
19.6588  9.65944e-05
19.6784  9.43038e-05
19.698  9.25809e-05
19.7176  9.1424e-05
19.7372  9.08369e-05
19.7568  9.0815e-05
19.7764  9.1357e-05
19.796  9.24619e-05
19.8156  9.41216e-05
19.8352  9.63315e-05
19.8548  9.90852e-05
19.8744  0.000102378
19.894  0.000106201
19.9136  0.000110542
19.9332  0.0001154
19.9528  0.000120754
19.9724  0.000126599
19.992  0.000132925
20.0116  0.000139719
20.0312  0.000146963
20.0508  0.000154646
20.0704  0.000162759
20.09  0.000171285
20.1096  0.000180206
20.1292  0.000189512
20.1488  0.000199178
20.1684  0.000209193
20.188  0.000219548
20.2076  0.000230218
20.2272  0.000241185
20.2468  0.000252444
20.2664  0.00026396
20.286  0.000275738
20.3056  0.000287739
20.3252  0.000299961
20.3448  0.000312378
20.3644  0.000324981
20.384  0.000337744
20.4036  0.00035066
20.4232  0.000363709
20.4428  0.000376867
20.4624  0.000390127
20.482  0.000403469
20.5016  0.00041688
20.5212  0.000430345
20.5408  0.000443847
20.5604  0.000457373
20.58  0.000470908
20.5996  0.00048444
20.6192  0.000497955
20.6388  0.000511443
20.6584  0.000524878
20.678  0.000538268
20.6976  0.000551593
20.7172  0.000564834
20.7368  0.000577996
20.7564  0.00059106
20.776  0.00060402
20.7956  0.000616868
20.8152  0.000629589
20.8348  0.000642189
20.8544  0.000654644
20.874  0.000666966
20.8936  0.000679132
20.9132  0.000691152
20.9328  0.000703009
20.9524  0.000714703
20.972  0.000726239
20.9916  0.000737602
21.0112  0.000748787
21.0308  0.000759808
21.0504  0.000770652
21.07  0.000781312
21.0896  0.000791795
21.1092  0.000802107
21.1288  0.000812244
21.1484  0.000822198
21.168  0.000831979
21.1876  0.000841575
21.2072  0.000851013
21.2268  0.000860279
21.2464  0.00086936
21.266  0.000878287
21.2856  0.000887044
21.3052  0.000895641
21.3248  0.000904078
21.3444  0.000912365
21.364  0.000920491
21.3836  0.000928472
21.4032  0.00093631
21.4228  0.000944007
21.4424  0.00095156
21.462  0.00095899
21.4816  0.000966281
21.5012  0.000973449
21.5208  0.0009805
21.5404  0.000987433
21.56  0.000994248
21.5796  0.00100095
21.5992  0.00100754
21.6188  0.00101403
21.6384  0.00102042
21.658  0.00102672
21.6776  0.00103291
21.6972  0.00103902
21.7168  0.00104504
21.7364  0.00105097
21.756  0.00105682
21.7756  0.00106258
21.7952  0.00106826
21.8148  0.00107386
21.8344  0.00107939
21.854  0.00108484
21.8736  0.00109021
21.8932  0.00109552
21.9128  0.00110074
21.9324  0.00110589
21.952  0.00111097
21.9716  0.00111597
21.9912  0.00112089
22.0108  0.00112574
22.0304  0.00113051
22.05  0.00113521
22.0696  0.00113982
22.0892  0.00114436
22.1088  0.0011488
22.1284  0.00115316
22.148  0.00115743
22.1676  0.00116161
22.1872  0.0011657
22.2068  0.0011697
22.2264  0.00117359
22.246  0.00117738
22.2656  0.00118107
22.2852  0.00118466
22.3048  0.00118812
22.3244  0.00119148
22.344  0.00119472
22.3636  0.00119784
22.3832  0.00120083
22.4028  0.00120369
22.4224  0.00120643
22.442  0.00120903
22.4616  0.00121149
22.4812  0.00121382
22.5008  0.00121599
22.5204  0.00121802
22.54  0.00121991
22.5596  0.00122164
22.5792  0.00122322
22.5988  0.00122465
22.6184  0.00122591
22.638  0.00122701
22.6576  0.00122796
22.6772  0.00122873
22.6968  0.00122934
22.7164  0.00122978
22.736  0.00123006
22.7556  0.00123017
22.7752  0.00123011
22.7948  0.00122989
22.8144  0.00122948
22.834  0.00122892
22.8536  0.00122819
22.8732  0.0012273
22.8928  0.00122623
22.9124  0.00122501
22.932  0.00122363
22.9516  0.00122209
22.9712  0.00122038
22.9908  0.00121854
23.0104  0.00121653
23.03  0.00121437
23.0496  0.00121208
23.0692  0.00120965
23.0888  0.00120707
23.1084  0.00120437
23.128  0.00120154
23.1476  0.00119858
23.1672  0.00119552
23.1868  0.00119234
23.2064  0.00118904
23.226  0.00118565
23.2456  0.00118217
23.2652  0.00117859
23.2848  0.00117493
23.3044  0.00117119
23.324  0.00116738
23.3436  0.0011635
23.3632  0.00115956
23.3828  0.00115557
23.4024  0.00115152
23.422  0.00114744
23.4416  0.00114332
23.4612  0.00113917
23.4808  0.001135
23.5004  0.00113082
23.52  0.00112662
23.5396  0.00112241
23.5592  0.00111819
23.5788  0.001114
23.5984  0.0011098
23.618  0.00110562
23.6376  0.00110145
23.6572  0.00109733
23.6768  0.00109322
23.6964  0.00108914
23.716  0.00108511
23.7356  0.00108111
23.7552  0.00107716
23.7748  0.00107324
23.7944  0.00106939
23.814  0.00106557
23.8336  0.0010618
23.8532  0.0010581
23.8728  0.00105445
23.8924  0.00105084
23.912  0.0010473
23.9316  0.00104381
23.9512  0.00104036
23.9708  0.00103699
23.9904  0.00103365
24.01  0.00103036
24.0296  0.00102712
24.0492  0.00102393
24.0688  0.00102077
24.0884  0.00101766
24.108  0.00101457
24.1276  0.00101151
24.1472  0.00100847
24.1668  0.00100547
24.1864  0.00100247
24.206  0.000999477
24.2256  0.000996487
24.2452  0.000993495
24.2648  0.000990484
24.2844  0.000987465
24.304  0.000984412
24.3236  0.000981331
24.3432  0.000978207
24.3628  0.000975029
24.3824  0.000971804
24.402  0.000968499
24.4216  0.000965127
24.4412  0.000961673
24.4608  0.000958125
24.4804  0.000954477
24.5  0.000950718
24.5196  0.000946842
24.5392  0.000942834
24.5588  0.000938705
24.5784  0.000934413
24.598  0.000929974
24.6176  0.000925366
24.6372  0.00092059
24.6568  0.000915631
24.6764  0.000910487
24.696  0.000905156
24.7156  0.000899612
24.7352  0.000893853
24.7548  0.000887885
24.7744  0.000881678
24.794  0.000875243
24.8136  0.00086858
24.8332  0.000861665
24.8528  0.000854503
24.8724  0.000847077
24.892  0.000839412
24.9116  0.000831473
24.9312  0.000823267
24.9508  0.000814801
24.9704  0.000806055
24.99  0.000797039
25.0096  0.000787747
25.0292  0.000778188
25.0488  0.000768347
25.0684  0.000758234
25.088  0.000747853
25.1076  0.000737188
25.1272  0.000726271
25.1468  0.000715087
25.1664  0.000703635
25.186  0.000691929
25.2056  0.000679978
25.2252  0.000667775
25.2448  0.000655336
25.2644  0.000642667
25.284  0.000629776
25.3036  0.000616669
25.3232  0.000603355
25.3428  0.00058985
25.3624  0.000576154
25.382  0.000562286
25.4016  0.000548259
25.4212  0.000534081
25.4408  0.000519766
25.4604  0.000505333
25.48  0.000490789
25.4996  0.00047615
25.5192  0.000461427
25.5388  0.000446651
25.5584  0.000431817
25.578  0.000416955
25.5976  0.000402078
25.6172  0.000387212
25.6368  0.000372364
25.6564  0.00035755
25.676  0.000342797
25.6956  0.000328118
25.7152  0.000313536
25.7348  0.000299063
25.7544  0.00028473
25.774  0.00027054
25.7936  0.000256522
25.8132  0.000242697
25.8328  0.000229084
25.8524  0.000215696
25.872  0.000202553
25.8916  0.000189683
25.9112  0.000177095
25.9308  0.00016482
25.9504  0.000152864
25.97  0.000141249
25.9896  0.000129997
26.0092  0.000119125
26.0288  0.000108647
26.0484  9.85857e-05
26.068  8.89506e-05
26.0876  7.97647e-05
26.1072  7.10394e-05
26.1268  6.27953e-05
26.1464  5.50438e-05
26.166  4.77981e-05
26.1856  4.10725e-05
26.2052  3.48811e-05
26.2248  2.92354e-05
26.2444  2.41486e-05
26.264  1.96299e-05
26.2836  1.56915e-05
26.3032  1.23416e-05
26.3228  9.58846e-06
26.3424  7.44155e-06
26.362  5.90655e-06
26.3816  4.99126e-06
26.4012  4.70051e-06
26.4208  5.03798e-06
26.4404  6.00986e-06
26.46  7.6173e-06
26.4796  9.86284e-06
26.4992  1.2748e-05
26.5188  1.62711e-05
26.5384  2.04345e-05
26.558  2.52351e-05
26.5776  3.06722e-05
26.5972  3.67388e-05
26.6168  4.34357e-05
26.6364  5.07527e-05
26.656  5.86838e-05
26.6756  6.72293e-05
26.6952  7.63748e-05
26.7148  8.61142e-05
26.7344  9.64394e-05
26.754  0.00010734
26.7736  0.0001188
26.7932  0.000130812
26.8128  0.000143362
26.8324  0.000156445
26.852  0.000170031
26.8716  0.000184122
26.8912  0.000198687
26.9108  0.000213722
26.9304  0.000229207
26.95  0.000245124
26.9696  0.000261456
26.9892  0.000278183
27.0088  0.000295285
27.0284  0.000312749
27.048  0.000330549
27.0676  0.000348675
27.0872  0.000367092
27.1068  0.000385783
27.1264  0.000404736
27.146  0.000423926
27.1656  0.000443324
27.1852  0.000462914
27.2048  0.000482677
27.2244  0.000502586
27.244  0.00052262
27.2636  0.000542759
27.2832  0.00056298
27.3028  0.000583256
27.3224  0.000603571
27.342  0.000623909
27.3616  0.000644233
27.3812  0.000664529
27.4008  0.000684778
27.4204  0.000704955
27.44  0.000725035
27.4596  0.000745003
27.4792  0.000764847
27.4988  0.000784531
27.5184  0.000804044
27.538  0.000823366
27.5576  0.000842483
27.5772  0.000861361
27.5968  0.000879992
27.6164  0.000898366
27.636  0.000916456
27.6556  0.000934251
27.6752  0.00095173
27.6948  0.000968885
27.7144  0.000985691
27.734  0.00100215
27.7536  0.00101824
27.7732  0.00103395
27.7928  0.00104925
27.8124  0.00106416
27.832  0.00107867
27.8516  0.00109274
27.8712  0.00110638
27.8908  0.00111956
27.9104  0.00113231
27.93  0.00114461
27.9496  0.00115644
27.9692  0.0011678
27.9888  0.00117869
28.0084  0.0011891
28.028  0.00119904
28.0476  0.00120849
28.0672  0.00121746
28.0868  0.00122594
28.1064  0.00123393
28.126  0.00124144
28.1456  0.00124848
28.1652  0.00125502
28.1848  0.00126108
28.2044  0.00126666
28.224  0.00127178
28.2436  0.00127641
28.2632  0.00128057
28.2828  0.00128429
28.3024  0.00128754
28.322  0.00129035
28.3416  0.00129271
28.3612  0.00129463
28.3808  0.00129611
28.4004  0.00129719
28.42  0.00129784
28.4396  0.00129809
28.4592  0.00129796
28.4788  0.00129742
28.4984  0.00129651
28.518  0.00129523
28.5376  0.0012936
28.5572  0.00129162
28.5768  0.00128932
28.5964  0.00128667
28.616  0.0012837
28.6356  0.00128045
28.6552  0.00127689
28.6748  0.00127306
28.6944  0.00126896
28.714  0.00126461
28.7336  0.00126
28.7532  0.00125516
28.7728  0.00125009
28.7924  0.00124483
28.812  0.00123935
28.8316  0.00123369
28.8512  0.00122784
28.8708  0.00122184
28.8904  0.00121568
28.91  0.00120938
28.9296  0.00120294
28.9492  0.00119639
28.9688  0.00118972
28.9884  0.00118294
29.008  0.00117608
29.0276  0.00116915
29.0472  0.00116214
29.0668  0.00115505
29.0864  0.00114793
29.106  0.00114077
29.1256  0.00113356
29.1452  0.00112634
29.1648  0.00111909
29.1844  0.00111184
29.204  0.0011046
29.2236  0.00109735
29.2432  0.00109012
29.2628  0.00108292
29.2824  0.00107574
29.302  0.00106861
29.3216  0.00106151
29.3412  0.00105446
29.3608  0.00104747
29.3804  0.00104054
29.4  0.00103367
