-29.4  0.0427118
-29.3804  0.0418245
-29.3608  0.0409316
-29.3412  0.0400338
-29.3216  0.0391317
-29.302  0.0382261
-29.2824  0.0373175
-29.2628  0.0364068
-29.2432  0.0354945
-29.2236  0.0345814
-29.204  0.0336682
-29.1844  0.0327556
-29.1648  0.0318443
-29.1452  0.030935
-29.1256  0.0300283
-29.106  0.0291251
-29.0864  0.0282261
-29.0668  0.0273318
-29.0472  0.026443
-29.0276  0.0255604
-29.008  0.0246848
-28.9884  0.0238168
-28.9688  0.0229571
-28.9492  0.0221063
-28.9296  0.0212653
-28.91  0.0204347
-28.8904  0.0196151
-28.8708  0.0188072
-28.8512  0.0180116
-28.8316  0.0172291
-28.812  0.0164603
-28.7924  0.0157058
-28.7728  0.0149663
-28.7532  0.0142423
-28.7336  0.0135345
-28.714  0.0128435
-28.6944  0.01217
-28.6748  0.0115144
-28.6552  0.0108774
-28.6356  0.0102595
-28.616  0.00966124
-28.5964  0.0090832
-28.5768  0.00852591
-28.5572  0.00798988
-28.5376  0.0074756
-28.518  0.00698358
-28.4984  0.00651423
-28.4788  0.00606806
-28.4592  0.0056455
-28.4396  0.00524697
-28.42  0.00487288
-28.4004  0.00452363
-28.3808  0.00419961
-28.3612  0.00390114
-28.3416  0.0036286
-28.322  0.00338232
-28.3024  0.00316258
-28.2828  0.00296969
-28.2632  0.00280393
-28.2436  0.00266554
-28.224  0.00255475
-28.2044  0.00247179
-28.1848  0.00241686
-28.1652  0.00239012
-28.1456  0.00239175
-28.126  0.00242187
-28.1064  0.00248062
-28.0868  0.00256809
-28.0672  0.00268435
-28.0476  0.00282945
-28.028  0.00300345
-28.0084  0.00320635
-27.9888  0.00343818
-27.9692  0.00369888
-27.9496  0.00398842
-27.93  0.00430673
-27.9104  0.00465372
-27.8908  0.00502929
-27.8712  0.00543334
-27.8516  0.00586568
-27.832  0.00632615
-27.8124  0.00681455
-27.7928  0.00733071
-27.7732  0.0078744
-27.7536  0.00844532
-27.734  0.00904321
-27.7144  0.00966782
-27.6948  0.0103188
-27.6752  0.0109958
-27.6556  0.0116986
-27.636  0.0124267
-27.6164  0.0131797
-27.5968  0.0139572
-27.5772  0.0147589
-27.5576  0.0155842
-27.538  0.0164327
-27.5184  0.0173039
-27.4988  0.0181974
-27.4792  0.0191125
-27.4596  0.0200488
-27.44  0.0210057
-27.4204  0.0219827
-27.4008  0.022979
-27.3812  0.0239943
-27.3616  0.0250278
-27.342  0.0260789
-27.3224  0.0271469
-27.3028  0.0282313
-27.2832  0.0293313
-27.2636  0.0304463
-27.244  0.0315755
-27.2244  0.0327182
-27.2048  0.0338737
-27.1852  0.0350413
-27.1656  0.0362203
-27.146  0.0374098
-27.1264  0.038609
-27.1068  0.0398173
-27.0872  0.0410339
-27.0676  0.0422579
-27.048  0.0434885
-27.0284  0.0447249
-27.0088  0.0459664
-26.9892  0.0472121
-26.9696  0.0484611
-26.95  0.0497126
-26.9304  0.0509658
-26.9108  0.0522198
-26.8912  0.0534739
-26.8716  0.0547271
-26.852  0.0559785
-26.8324  0.0572275
-26.8128  0.0584729
-26.7932  0.0597142
-26.7736  0.0609503
-26.754  0.0621805
-26.7344  0.0634037
-26.7148  0.0646193
-26.6952  0.0658264
-26.6756  0.0670241
-26.656  0.0682116
-26.6364  0.0693881
-26.6168  0.0705526
-26.5972  0.0717044
-26.5776  0.0728428
-26.558  0.0739666
-26.5384  0.0750754
-26.5188  0.0761683
-26.4992  0.0772445
-26.4796  0.078303
-26.46  0.0793433
-26.4404  0.0803646
-26.4208  0.081366
-26.4012  0.0823471
-26.3816  0.0833067
-26.362  0.0842445
-26.3424  0.0851594
-26.3228  0.0860512
-26.3032  0.0869188
-26.2836  0.0877618
-26.264  0.0885796
-26.2444  0.0893713
-26.2248  0.0901365
-26.2052  0.0908745
-26.1856  0.0915848
-26.166  0.0922668
-26.1464  0.0929201
-26.1268  0.093544
-26.1072  0.0941381
-26.0876  0.0947017
-26.068  0.0952348
-26.0484  0.0957365
-26.0288  0.0962066
-26.0092  0.0966448
-25.9896  0.0970504
-25.97  0.0974233
-25.9504  0.0977631
-25.9308  0.0980696
-25.9112  0.0983423
-25.8916  0.0985811
-25.872  0.0987857
-25.8524  0.0989557
-25.8328  0.0990913
-25.8132  0.0991921
-25.7936  0.0992579
-25.774  0.0992886
-25.7544  0.0992843
-25.7348  0.0992447
-25.7152  0.0991699
-25.6956  0.0990598
-25.676  0.0989145
-25.6564  0.0987338
-25.6368  0.098518
-25.6172  0.0982671
-25.5976  0.0979812
-25.578  0.0976603
-25.5584  0.0973048
-25.5388  0.0969148
-25.5192  0.0964904
-25.4996  0.096032
-25.48  0.0955397
-25.4604  0.0950139
-25.4408  0.0944548
-25.4212  0.0938629
-25.4016  0.0932383
-25.382  0.0925816
-25.3624  0.0918932
-25.3428  0.0911735
-25.3232  0.0904229
-25.3036  0.0896419
-25.284  0.0888311
-25.2644  0.0879909
-25.2448  0.0871219
-25.2252  0.0862247
-25.2056  0.0852999
-25.186  0.084348
-25.1664  0.0833698
-25.1468  0.0823659
-25.1272  0.0813371
-25.1076  0.0802839
-25.088  0.079207
-25.0684  0.0781073
-25.0488  0.0769856
-25.0292  0.0758426
-25.0096  0.0746791
-24.99  0.0734959
-24.9704  0.0722938
-24.9508  0.0710739
-24.9312  0.0698367
-24.9116  0.0685834
-24.892  0.0673147
-24.8724  0.0660316
-24.8528  0.064735
-24.8332  0.0634259
-24.8136  0.0621052
-24.794  0.060774
-24.7744  0.059433
-24.7548  0.0580835
-24.7352  0.0567263
-24.7156  0.0553625
-24.696  0.0539931
-24.6764  0.0526191
-24.6568  0.0512417
-24.6372  0.0498616
-24.6176  0.0484802
-24.598  0.0470984
-24.5784  0.0457173
-24.5588  0.0443379
-24.5392  0.0429614
-24.5196  0.0415888
-24.5  0.0402211
-24.4804  0.0388594
-24.4608  0.0375049
-24.4412  0.0361586
-24.4216  0.0348215
-24.402  0.0334948
-24.3824  0.0321795
-24.3628  0.0308767
-24.3432  0.0295874
-24.3236  0.0283127
-24.304  0.0270537
-24.2844  0.0258113
-24.2648  0.0245867
-24.2452  0.0233809
-24.2256  0.0221949
-24.206  0.0210296
-24.1864  0.0198862
-24.1668  0.0187656
-24.1472  0.0176688
-24.1276  0.0165967
-24.108  0.0155504
-24.0884  0.0145307
-24.0688  0.0135386
-24.0492  0.012575
-24.0296  0.0116407
-24.01  0.0107368
-23.9904  0.00986396
-23.9708  0.00902315
-23.9512  0.00821515
-23.9316  0.00744075
-23.912  0.00670078
-23.8924  0.00599596
-23.8728  0.00532711
-23.8532  0.0046949
-23.8336  0.00410003
-23.814  0.00354321
-23.7944  0.00302509
-23.7748  0.00254629
-23.7552  0.00210743
-23.7356  0.0017091
-23.716  0.00135185
-23.6964  0.00103622
-23.6768  0.000762708
-23.6572  0.000531802
-23.6376  0.000343948
-23.618  0.000199578
-23.5984  9.90862e-05
-23.5788  4.28419e-05
-23.5592  3.11824e-05
-23.5396  6.44219e-05
-23.52  0.000142838
-23.5004  0.000266683
-23.4808  0.00043618
-23.4612  0.000651511
-23.4416  0.000912854
-23.422  0.00122032
-23.4024  0.00157402
-23.3828  0.00197401
-23.3632  0.00242033
-23.3436  0.00291299
-23.324  0.00345195
-23.3044  0.00403716
-23.2848  0.00466852
-23.2652  0.00534592
-23.2456  0.00606918
-23.226  0.00683814
-23.2064  0.00765258
-23.1868  0.00851221
-23.1672  0.00941677
-23.1476  0.010366
-23.128  0.0113594
-23.1084  0.0123968
-23.0888  0.0134776
-23.0692  0.0146015
-23.0496  0.0157679
-23.03  0.0169764
-23.0104  0.0182265
-22.9908  0.0195174
-22.9712  0.0208487
-22.9516  0.0222199
-22.932  0.02363
-22.9124  0.0250786
-22.8928  0.0265649
-22.8732  0.0280881
-22.8536  0.0296475
-22.834  0.0312422
-22.8144  0.0328715
-22.7948  0.0345345
-22.7752  0.0362304
-22.7556  0.0379581
-22.736  0.0397168
-22.7164  0.0415056
-22.6968  0.0433234
-22.6772  0.0451693
-22.6576  0.0470422
-22.638  0.0489411
-22.6184  0.0508649
-22.5988  0.0528125
-22.5792  0.0547828
-22.5596  0.0567747
-22.54  0.058787
-22.5204  0.0608185
-22.5008  0.0628682
-22.4812  0.0649346
-22.4616  0.0670169
-22.442  0.0691134
-22.4224  0.0712232
-22.4028  0.0733448
-22.3832  0.0754771
-22.3636  0.0776187
-22.344  0.0797683
-22.3244  0.0819247
-22.3048  0.0840865
-22.2852  0.0862523
-22.2656  0.088421
-22.246  0.090591
-22.2264  0.092761
-22.2068  0.0949297
-22.1872  0.0970958
-22.1676  0.0992579
-22.148  0.101415
-22.1284  0.103564
-22.1088  0.105706
-22.0892  0.107839
-22.0696  0.10996
-22.05  0.112069
-22.0304  0.114165
-22.0108  0.116246
-21.9912  0.11831
-21.9716  0.120357
-21.952  0.122385
-21.9324  0.124392
-21.9128  0.126378
-21.8932  0.128341
-21.8736  0.13028
-21.854  0.132193
-21.8344  0.13408
-21.8148  0.135938
-21.7952  0.137767
-21.7756  0.139566
-21.756  0.141333
-21.7364  0.143066
-21.7168  0.144766
-21.6972  0.14643
-21.6776  0.148058
-21.658  0.149649
-21.6384  0.1512
-21.6188  0.152712
-21.5992  0.154184
-21.5796  0.155613
-21.56  0.156999
-21.5404  0.158342
-21.5208  0.15964
-21.5012  0.160892
-21.4816  0.162097
-21.462  0.163255
-21.4424  0.164365
-21.4228  0.165425
-21.4032  0.166436
-21.3836  0.167395
-21.364  0.168304
-21.3444  0.16916
-21.3248  0.169963
-21.3052  0.170714
-21.2856  0.17141
-21.266  0.172051
-21.2464  0.172638
-21.2268  0.173169
-21.2072  0.173643
-21.1876  0.174062
-21.168  0.174424
-21.1484  0.174728
-21.1288  0.174976
-21.1092  0.175165
-21.0896  0.175297
-21.07  0.17537
-21.0504  0.175385
-21.0308  0.175342
-21.0112  0.175241
-20.9916  0.175081
-20.972  0.174862
-20.9524  0.174585
-20.9328  0.17425
-20.9132  0.173857
-20.8936  0.173405
-20.874  0.172896
-20.8544  0.172329
-20.8348  0.171705
-20.8152  0.171024
-20.7956  0.170287
-20.776  0.169493
-20.7564  0.168643
-20.7368  0.167738
-20.7172  0.166779
-20.6976  0.165765
-20.678  0.164698
-20.6584  0.163578
-20.6388  0.162405
-20.6192  0.161181
-20.5996  0.159906
-20.58  0.158582
-20.5604  0.157208
-20.5408  0.155786
-20.5212  0.154316
-20.5016  0.1528
-20.482  0.151238
-20.4624  0.149632
-20.4428  0.147982
-20.4232  0.14629
-20.4036  0.144557
-20.384  0.142783
-20.3644  0.140971
-20.3448  0.13912
-20.3252  0.137233
-20.3056  0.135311
-20.286  0.133354
-20.2664  0.131365
-20.2468  0.129344
-20.2272  0.127293
-20.2076  0.125213
-20.188  0.123106
-20.1684  0.120974
-20.1488  0.118816
-20.1292  0.116636
-20.1096  0.114434
-20.09  0.112213
-20.0704  0.109973
-20.0508  0.107716
-20.0312  0.105443
-20.0116  0.103157
-19.992  0.100859
-19.9724  0.09855
-19.9528  0.0962321
-19.9332  0.0939068
-19.9136  0.0915759
-19.894  0.089241
-19.8744  0.0869036
-19.8548  0.0845655
-19.8352  0.0822283
-19.8156  0.0798937
-19.796  0.0775633
-19.7764  0.0752389
-19.7568  0.072922
-19.7372  0.0706144
-19.7176  0.0683178
-19.698  0.0660337
-19.6784  0.0637639
-19.6588  0.0615101
-19.6392  0.0592737
-19.6196  0.0570567
-19.6  0.0548604
-19.5804  0.0526867
-19.5608  0.0505371
-19.5412  0.0484131
-19.5216  0.0463165
-19.502  0.0442487
-19.4824  0.0422113
-19.4628  0.0402059
-19.4432  0.038234
-19.4236  0.036297
-19.404  0.0343966
-19.3844  0.0325341
-19.3648  0.030711
-19.3452  0.0289287
-19.3256  0.0271886
-19.306  0.0254921
-19.2864  0.0238405
-19.2668  0.0222351
-19.2472  0.0206772
-19.2276  0.0191681
-19.208  0.017709
-19.1884  0.016301
-19.1688  0.0149454
-19.1492  0.0136433
-19.1296  0.0123958
-19.11  0.0112039
-19.0904  0.0100686
-19.0708  0.00899099
-19.0512  0.00797199
-19.0316  0.00701249
-19.012  0.00611332
-18.9924  0.00527534
-18.9728  0.00449938
-18.9532  0.00378612
-18.9336  0.00313633
-18.914  0.0025506
-18.8944  0.00202963
-18.8748  0.00157395
-18.8552  0.0011841
-18.8356  0.000860563
-18.816  0.000603788
-18.7964  0.000414162
-18.7768  0.000292037
-18.7572  0.000237721
-18.7376  0.000251458
-18.718  0.000333465
-18.6984  0.000483895
-18.6788  0.00070285
-18.6592  0.000990418
-18.6396  0.0013466
-18.62  0.00177135
-18.6004  0.0022646
-18.5808  0.00282621
-18.5612  0.00345602
-18.5416  0.00415375
-18.522  0.00491918
-18.5024  0.00575195
-18.4828  0.00665166
-18.4632  0.00761794
-18.4436  0.00865028
-18.424  0.00974817
-18.4044  0.010911
-18.3848  0.0121382
-18.3652  0.0134291
-18.3456  0.014783
-18.326  0.016199
-18.3064  0.0176765
-18.2868  0.0192144
-18.2672  0.0208121
-18.2476  0.0224684
-18.228  0.0241824
-18.2084  0.0259531
-18.1888  0.0277793
-18.1692  0.02966
-18.1496  0.0315941
-18.13  0.0335801
-18.1104  0.035617
-18.0908  0.0377035
-18.0712  0.0398382
-18.0516  0.0420197
-18.032  0.0442467
-18.0124  0.0465176
-17.9928  0.0488311
-17.9732  0.0511857
-17.9536  0.0535796
-17.934  0.0560114
-17.9144  0.0584795
-17.8948  0.0609822
-17.8752  0.0635178
-17.8556  0.0660847
-17.836  0.0686811
-17.8164  0.0713052
-17.7968  0.0739552
-17.7772  0.0766295
-17.7576  0.079326
-17.738  0.082043
-17.7184  0.0847785
-17.6988  0.0875308
-17.6792  0.0902979
-17.6596  0.0930778
-17.64  0.0958685
-17.6204  0.0986683
-17.6008  0.101475
-17.5812  0.104287
-17.5616  0.107101
-17.542  0.109917
-17.5224  0.112732
-17.5028  0.115543
-17.4832  0.11835
-17.4636  0.121149
-17.444  0.12394
-17.4244  0.126719
-17.4048  0.129485
-17.3852  0.132236
-17.3656  0.13497
-17.346  0.137684
-17.3264  0.140378
-17.3068  0.143048
-17.2872  0.145693
-17.2676  0.148311
-17.248  0.1509
-17.2284  0.153458
-17.2088  0.155982
-17.1892  0.158472
-17.1696  0.160926
-17.15  0.16334
-17.1304  0.165714
-17.1108  0.168046
-17.0912  0.170334
-17.0716  0.172576
-17.052  0.17477
-17.0324  0.176916
-17.0128  0.179009
-16.9932  0.181051
-16.9736  0.183038
-16.954  0.184969
-16.9344  0.186843
-16.9148  0.188658
-16.8952  0.190413
-16.8756  0.192106
-16.856  0.193736
-16.8364  0.195301
-16.8168  0.1968
-16.7972  0.198233
-16.7776  0.199597
-16.758  0.200891
-16.7384  0.202115
-16.7188  0.203267
-16.6992  0.204347
-16.6796  0.205353
-16.66  0.206285
-16.6404  0.207141
-16.6208  0.20792
-16.6012  0.208623
-16.5816  0.209248
-16.562  0.209795
-16.5424  0.210263
-16.5228  0.210651
-16.5032  0.21096
-16.4836  0.211188
-16.464  0.211336
-16.4444  0.211402
-16.4248  0.211387
-16.4052  0.211291
-16.3856  0.211113
-16.366  0.210854
-16.3464  0.210513
-16.3268  0.210091
-16.3072  0.209587
-16.2876  0.209003
-16.268  0.208337
-16.2484  0.207591
-16.2288  0.206764
-16.2092  0.205858
-16.1896  0.204873
-16.17  0.203809
-16.1504  0.202667
-16.1308  0.201448
-16.1112  0.200152
-16.0916  0.19878
-16.072  0.197334
-16.0524  0.195814
-16.0328  0.194221
-16.0132  0.192556
-15.9936  0.19082
-15.974  0.189015
-15.9544  0.187142
-15.9348  0.185202
-15.9152  0.183196
-15.8956  0.181126
-15.876  0.178994
-15.8564  0.1768
-15.8368  0.174547
-15.8172  0.172236
-15.7976  0.169869
-15.778  0.167447
-15.7584  0.164973
-15.7388  0.162448
-15.7192  0.159874
-15.6996  0.157253
-15.68  0.154588
-15.6604  0.151879
-15.6408  0.149129
-15.6212  0.146341
-15.6016  0.143516
-15.582  0.140657
-15.5624  0.137766
-15.5428  0.134845
-15.5232  0.131896
-15.5036  0.128923
-15.484  0.125926
-15.4644  0.122909
-15.4448  0.119875
-15.4252  0.116825
-15.4056  0.113761
-15.386  0.110688
-15.3664  0.107607
-15.3468  0.10452
-15.3272  0.101431
-15.3076  0.0983413
-15.288  0.0952543
-15.2684  0.0921725
-15.2488  0.0890984
-15.2292  0.0860348
-15.2096  0.0829843
-15.19  0.0799495
-15.1704  0.0769332
-15.1508  0.073938
-15.1312  0.0709665
-15.1116  0.0680215
-15.092  0.0651056
-15.0724  0.0622216
-15.0528  0.0593719
-15.0332  0.0565593
-15.0136  0.0537865
-14.994  0.051056
-14.9744  0.0483705
-14.9548  0.0457325
-14.9352  0.0431446
-14.9156  0.0406094
-14.896  0.0381294
-14.8764  0.035707
-14.8568  0.0333448
-14.8372  0.0310452
-14.8176  0.0288106
-14.798  0.0266434
-14.7784  0.0245459
-14.7588  0.0225204
-14.7392  0.0205693
-14.7196  0.0186946
-14.7  0.0168987
-14.6804  0.0151836
-14.6608  0.0135514
-14.6412  0.0120042
-14.6216  0.010544
-14.602  0.00917263
-14.5824  0.00789209
-14.5628  0.00670416
-14.5432  0.00561064
-14.5236  0.0046132
-14.504  0.00371355
-14.4844  0.00291323
-14.4648  0.00221383
-14.4452  0.00161677
-14.4256  0.00112348
-14.406  0.000735257
-14.3864  0.000453389
-14.3668  0.000279059
-14.3472  0.000213389
-14.3276  0.000257427
-14.308  0.00041214
-14.2884  0.000678436
-14.2688  0.00105713
-14.2492  0.00154897
-14.2296  0.00215461
-14.21  0.00287465
-14.1904  0.00370958
-14.1708  0.00465983
-14.1512  0.00572576
-14.1316  0.00690762
-14.112  0.00820557
-14.0924  0.00961974
-14.0728  0.0111501
-14.0532  0.0127965
-14.0336  0.014559
-14.014  0.0164371
-13.9944  0.0184306
-13.9748  0.0205391
-13.9552  0.022762
-13.9356  0.0250987
-13.916  0.0275486
-13.8964  0.0301109
-13.8768  0.0327847
-13.8572  0.0355691
-13.8376  0.038463
-13.818  0.0414654
-13.7984  0.044575
-13.7788  0.0477905
-13.7592  0.0511106
-13.7396  0.0545337
-13.72  0.0580585
-13.7004  0.0616831
-13.6808  0.0654059
-13.6612  0.0692251
-13.6416  0.0731387
-13.622  0.0771451
-13.6024  0.0812419
-13.5828  0.0854271
-13.5632  0.0896984
-13.5436  0.0940538
-13.524  0.0984907
-13.5044  0.103007
-13.4848  0.107599
-13.4652  0.112266
-13.4456  0.117004
-13.426  0.121811
-13.4064  0.126684
-13.3868  0.13162
-13.3672  0.136616
-13.3476  0.14167
-13.328  0.146777
-13.3084  0.151936
-13.2888  0.157143
-13.2692  0.162394
-13.2496  0.167687
-13.23  0.173018
-13.2104  0.178385
-13.1908  0.183782
-13.1712  0.189208
-13.1516  0.194658
-13.132  0.200129
-13.1124  0.205618
-13.0928  0.21112
-13.0732  0.216633
-13.0536  0.222152
-13.034  0.227674
-13.0144  0.233196
-12.9948  0.238712
-12.9752  0.244221
-12.9556  0.249717
-12.936  0.255198
-12.9164  0.260659
-12.8968  0.266096
-12.8772  0.271506
-12.8576  0.276885
-12.838  0.282229
-12.8184  0.287534
-12.7988  0.292797
-12.7792  0.298013
-12.7596  0.30318
-12.74  0.308292
-12.7204  0.313346
-12.7008  0.31834
-12.6812  0.323268
-12.6616  0.328127
-12.642  0.332913
-12.6224  0.337624
-12.6028  0.342255
-12.5832  0.346802
-12.5636  0.351263
-12.544  0.355633
-12.5244  0.359909
-12.5048  0.364089
-12.4852  0.368167
-12.4656  0.372142
-12.446  0.37601
-12.4264  0.379768
-12.4068  0.383413
-12.3872  0.386941
-12.3676  0.39035
-12.348  0.393636
-12.3284  0.396798
-12.3088  0.399832
-12.2892  0.402735
-12.2696  0.405506
-12.25  0.408141
-12.2304  0.410637
-12.2108  0.412994
-12.1912  0.415208
-12.1716  0.417277
-12.152  0.4192
-12.1324  0.420974
-12.1128  0.422597
-12.0932  0.424068
-12.0736  0.425385
-12.054  0.426547
-12.0344  0.427551
-12.0148  0.428398
-11.9952  0.429084
-11.9756  0.429611
-11.956  0.429975
-11.9364  0.430178
-11.9168  0.430217
-11.8972  0.430092
-11.8776  0.429803
-11.858  0.42935
-11.8384  0.428731
-11.8188  0.427948
-11.7992  0.426999
-11.7796  0.425885
-11.76  0.424607
-11.7404  0.423164
-11.7208  0.421558
-11.7012  0.419788
-11.6816  0.417856
-11.662  0.415762
-11.6424  0.413508
-11.6228  0.411094
-11.6032  0.408523
-11.5836  0.405795
-11.564  0.402911
-11.5444  0.399875
-11.5248  0.396686
-11.5052  0.393348
-11.4856  0.389863
-11.466  0.386232
-11.4464  0.382458
-11.4268  0.378544
-11.4072  0.374492
-11.3876  0.370305
-11.368  0.365985
-11.3484  0.361536
-11.3288  0.356961
-11.3092  0.352262
-11.2896  0.347444
-11.27  0.34251
-11.2504  0.337463
-11.2308  0.332307
-11.2112  0.327046
-11.1916  0.321683
-11.172  0.316224
-11.1524  0.310671
-11.1328  0.30503
-11.1132  0.299304
-11.0936  0.293498
-11.074  0.287617
-11.0544  0.281664
-11.0348  0.275646
-11.0152  0.269567
-10.9956  0.263431
-10.976  0.257244
-10.9564  0.25101
-10.9368  0.244736
-10.9172  0.238425
-10.8976  0.232084
-10.878  0.225718
-10.8584  0.219332
-10.8388  0.212932
-10.8192  0.206523
-10.7996  0.200111
-10.78  0.193702
-10.7604  0.187301
-10.7408  0.180914
-10.7212  0.174547
-10.7016  0.168205
-10.682  0.161895
-10.6624  0.155622
-10.6428  0.149393
-10.6232  0.143212
-10.6036  0.137087
-10.584  0.131023
-10.5644  0.125026
-10.5448  0.119102
-10.5252  0.113256
-10.5056  0.107495
-10.486  0.101825
-10.4664  0.0962518
-10.4468  0.0907806
-10.4272  0.0854177
-10.4076  0.0801687
-10.388  0.0750395
-10.3684  0.0700358
-10.3488  0.0651633
-10.3292  0.0604276
-10.3096  0.055834
-10.29  0.0513884
-10.2704  0.0470959
-10.2508  0.0429621
-10.2312  0.0389921
-10.2116  0.0351911
-10.192  0.0315643
-10.1724  0.0281167
-10.1528  0.0248531
-10.1332  0.0217784
-10.1136  0.0188973
-10.094  0.0162144
-10.0744  0.0137341
-10.0548  0.0114609
-10.0352  0.00939893
-10.0156  0.00755232
-9.996  0.00592508
-9.9764  0.00452099
-9.9568  0.00334376
-9.9372  0.00239693
-9.9176  0.0016839
-9.898  0.00120791
-9.8784  0.000972025
-9.8588  0.000979161
-9.8392  0.00123207
-9.8196  0.00173332
-9.8  0.0024853
-9.7804  0.00349023
-9.7608  0.00475018
-9.7412  0.00626696
-9.7216  0.00804224
-9.702  0.0100775
-9.6824  0.012374
-9.6628  0.0149328
-9.6432  0.0177548
-9.6236  0.0208406
-9.604  0.0241908
-9.5844  0.0278054
-9.5648  0.0316847
-9.5452  0.0358284
-9.5256  0.0402361
-9.506  0.0449072
-9.4864  0.0498409
-9.4668  0.055036
-9.4472  0.0604914
-9.4276  0.0662054
-9.408  0.0721763
-9.3884  0.0784022
-9.3688  0.084881
-9.3492  0.09161
-9.3296  0.0985868
-9.31  0.105808
-9.2904  0.113272
-9.2708  0.120973
-9.2512  0.12891
-9.2316  0.137077
-9.212  0.145471
-9.1924  0.154088
-9.1728  0.162922
-9.1532  0.171971
-9.1336  0.181227
-9.114  0.190687
-9.0944  0.200344
-9.0748  0.210194
-9.0552  0.22023
-9.0356  0.230446
-9.016  0.240836
-8.9964  0.251393
-8.9768  0.262111
-8.9572  0.272983
-8.9376  0.284001
-8.918  0.295159
-8.8984  0.306448
-8.8788  0.317862
-8.8592  0.329391
-8.8396  0.341028
-8.82  0.352765
-8.8004  0.364594
-8.7808  0.376504
-8.7612  0.388489
-8.7416  0.400538
-8.722  0.412643
-8.7024  0.424795
-8.6828  0.436983
-8.6632  0.449199
-8.6436  0.461433
-8.624  0.473674
-8.6044  0.485914
-8.5848  0.498141
-8.5652  0.510346
-8.5456  0.522519
-8.526  0.534648
-8.5064  0.546724
-8.4868  0.558737
-8.4672  0.570675
-8.4476  0.582528
-8.428  0.594286
-8.4084  0.605937
-8.3888  0.61747
-8.3692  0.628876
-8.3496  0.640143
-8.33  0.65126
-8.3104  0.662217
-8.2908  0.673003
-8.2712  0.683606
-8.2516  0.694017
-8.232  0.704224
-8.2124  0.714217
-8.1928  0.723985
-8.1732  0.733519
-8.1536  0.742806
-8.134  0.751837
-8.1144  0.760602
-8.0948  0.769091
-8.0752  0.777294
-8.0556  0.7852
-8.036  0.7928
-8.0164  0.800085
-7.9968  0.807045
-7.9772  0.813671
-7.9576  0.819954
-7.938  0.825886
-7.9184  0.831457
-7.8988  0.836659
-7.8792  0.841485
-7.8596  0.845926
-7.84  0.849975
-7.8204  0.853625
-7.8008  0.856869
-7.7812  0.8597
-7.7616  0.862111
-7.742  0.864097
-7.7224  0.865652
-7.7028  0.866771
-7.6832  0.867448
-7.6636  0.86768
-7.644  0.867462
-7.6244  0.866789
-7.6048  0.86566
-7.5852  0.864071
-7.5656  0.862019
-7.546  0.859503
-7.5264  0.856521
-7.5068  0.853071
-7.4872  0.849154
-7.4676  0.844769
-7.448  0.839917
-7.4284  0.834598
-7.4088  0.828814
-7.3892  0.822568
-7.3696  0.815861
-7.35  0.808698
-7.3304  0.801081
-7.3108  0.793016
-7.2912  0.784507
-7.2716  0.775559
-7.252  0.76618
-7.2324  0.756375
-7.2128  0.746153
-7.1932  0.735522
-7.1736  0.724491
-7.154  0.713068
-7.1344  0.701265
-7.1148  0.689092
-7.0952  0.676562
-7.0756  0.663685
-7.056  0.650477
-7.0364  0.636949
-7.0168  0.623118
-6.9972  0.608998
-6.9776  0.594606
-6.958  0.579958
-6.9384  0.565072
-6.9188  0.549966
-6.8992  0.534661
-6.8796  0.519175
-6.86  0.50353
-6.8404  0.487747
-6.8208  0.47185
-6.8012  0.45586
-6.7816  0.439803
-6.762  0.423703
-6.7424  0.407587
-6.7228  0.39148
-6.7032  0.37541
-6.6836  0.359406
-6.664  0.343498
-6.6444  0.327714
-6.6248  0.312086
-6.6052  0.296646
-6.5856  0.281426
-6.566  0.26646
-6.5464  0.251782
-6.5268  0.237428
-6.5072  0.223434
-6.4876  0.209836
-6.468  0.196672
-6.4484  0.183982
-6.4288  0.171805
-6.4092  0.16018
-6.3896  0.14915
-6.37  0.138757
-6.3504  0.129043
-6.3308  0.120053
-6.3112  0.11183
-6.2916  0.104422
-6.272  0.0978731
-6.2524  0.0922315
-6.2328  0.0875452
-6.2132  0.0838629
-6.1936  0.0812343
-6.174  0.0797098
-6.1544  0.0793406
-6.1348  0.0801789
-6.1152  0.0822774
-6.0956  0.0856898
-6.076  0.0904702
-6.0564  0.096674
-6.0368  0.104357
-6.0172  0.113575
-5.9976  0.124387
-5.978  0.13685
-5.9584  0.151022
-5.9388  0.166964
-5.9192  0.184734
-5.8996  0.204395
-5.88  0.226006
-5.8604  0.249632
-5.8408  0.275333
-5.8212  0.303173
-5.8016  0.333216
-5.782  0.365526
-5.7624  0.400169
-5.7428  0.437209
-5.7232  0.476713
-5.7036  0.518747
-5.684  0.563377
-5.6644  0.610673
-5.6448  0.660701
-5.6252  0.71353
-5.6056  0.769228
-5.586  0.827865
-5.5664  0.889509
-5.5468  0.954231
-5.5272  1.0221
-5.5076  1.09319
-5.488  1.16757
-5.4684  1.24531
-5.4488  1.32647
-5.4292  1.41115
-5.4096  1.49939
-5.39  1.59128
-5.3704  1.68689
-5.3508  1.78629
-5.3312  1.88955
-5.3116  1.99675
-5.292  2.10795
-5.2724  2.22323
-5.2528  2.34266
-5.2332  2.46631
-5.2136  2.59426
-5.194  2.72658
-5.1744  2.86334
-5.1548  3.0046
-5.1352  3.15045
-5.1156  3.30095
-5.096  3.45618
-5.0764  3.6162
-5.0568  3.78109
-5.0372  3.95092
-5.0176  4.12575
-4.998  4.30566
-4.9784  4.49071
-4.9588  4.68098
-4.9392  4.87653
-4.9196  5.07743
-4.9  5.28374
-4.8804  5.49554
-4.8608  5.7129
-4.8412  5.93586
-4.8216  6.16451
-4.802  6.3989
-4.7824  6.6391
-4.7628  6.88517
-4.7432  7.13718
-4.7236  7.39518
-4.704  7.65923
-4.6844  7.9294
-4.6648  8.20574
-4.6452  8.48831
-4.6256  8.77717
-4.606  9.07237
-4.5864  9.37397
-4.5668  9.68202
-4.5472  9.99657
-4.5276  10.3177
-4.508  10.6454
-4.4884  10.9798
-4.4688  11.3209
-4.4492  11.6687
-4.4296  12.0233
-4.41  12.3848
-4.3904  12.7532
-4.3708  13.1284
-4.3512  13.5107
-4.3316  13.8999
-4.312  14.2962
-4.2924  14.6996
-4.2728  15.1101
-4.2532  15.5278
-4.2336  15.9526
-4.214  16.3846
-4.1944  16.8239
-4.1748  17.2705
-4.1552  17.7243
-4.1356  18.1854
-4.116  18.6539
-4.0964  19.1298
-4.0768  19.613
-4.0572  20.1037
-4.0376  20.6017
-4.018  21.1072
-3.9984  21.62
-3.9788  22.1404
-3.9592  22.6682
-3.9396  23.2034
-3.92  23.7462
-3.9004  24.2964
-3.8808  24.854
-3.8612  25.4191
-3.8416  25.9917
-3.822  26.5718
-3.8024  27.1593
-3.7828  27.7542
-3.7632  28.3566
-3.7436  28.9664
-3.724  29.5836
-3.7044  30.2081
-3.6848  30.8401
-3.6652  31.4793
-3.6456  32.1259
-3.626  32.7798
-3.6064  33.441
-3.5868  34.1094
-3.5672  34.785
-3.5476  35.4677
-3.528  36.1576
-3.5084  36.8546
-3.4888  37.5586
-3.4692  38.2697
-3.4496  38.9877
-3.43  39.7126
-3.4104  40.4444
-3.3908  41.183
-3.3712  41.9284
-3.3516  42.6804
-3.332  43.4392
-3.3124  44.2045
-3.2928  44.9763
-3.2732  45.7546
-3.2536  46.5392
-3.234  47.3302
-3.2144  48.1275
-3.1948  48.9309
-3.1752  49.7404
-3.1556  50.5559
-3.136  51.3774
-3.1164  52.2047
-3.0968  53.0379
-3.0772  53.8766
-3.0576  54.721
-3.038  55.5709
-3.0184  56.4263
-2.9988  57.2869
-2.9792  58.1527
-2.9596  59.0237
-2.94  59.8997
-2.9204  60.7806
-2.9008  61.6663
-2.8812  62.5567
-2.8616  63.4518
-2.842  64.3513
-2.8224  65.2551
-2.8028  66.1633
-2.7832  67.0755
-2.7636  67.9918
-2.744  68.912
-2.7244  69.8359
-2.7048  70.7635
-2.6852  71.6946
-2.6656  72.6291
-2.646  73.5669
-2.6264  74.5078
-2.6068  75.4517
-2.5872  76.3984
-2.5676  77.3479
-2.548  78.3
-2.5284  79.2545
-2.5088  80.2114
-2.4892  81.1703
-2.4696  82.1314
-2.45  83.0942
-2.4304  84.0588
-2.4108  85.025
-2.3912  85.9926
-2.3716  86.9615
-2.352  87.9315
-2.3324  88.9025
-2.3128  89.8743
-2.2932  90.8467
-2.2736  91.8197
-2.254  92.793
-2.2344  93.7664
-2.2148  94.7399
-2.1952  95.7132
-2.1756  96.6863
-2.156  97.6588
-2.1364  98.6308
-2.1168  99.6019
-2.0972  100.572
-2.0776  101.541
-2.058  102.509
-2.0384  103.475
-2.0188  104.44
-1.9992  105.403
-1.9796  106.363
-1.96  107.322
-1.9404  108.279
-1.9208  109.232
-1.9012  110.184
-1.8816  111.132
-1.862  112.078
-1.8424  113.02
-1.8228  113.959
-1.8032  114.894
-1.7836  115.826
-1.764  116.754
-1.7444  117.678
-1.7248  118.597
-1.7052  119.512
-1.6856  120.423
-1.666  121.329
-1.6464  122.23
-1.6268  123.126
-1.6072  124.017
-1.5876  124.902
-1.568  125.782
-1.5484  126.656
-1.5288  127.524
-1.5092  128.386
-1.4896  129.242
-1.47  130.091
-1.4504  130.934
-1.4308  131.77
-1.4112  132.599
-1.3916  133.421
-1.372  134.236
-1.3524  135.044
-1.3328  135.843
-1.3132  136.636
-1.2936  137.42
-1.274  138.196
-1.2544  138.964
-1.2348  139.724
-1.2152  140.475
-1.1956  141.218
-1.176  141.951
-1.1564  142.676
-1.1368  143.392
-1.1172  144.098
-1.0976  144.795
-1.078  145.483
-1.0584  146.161
-1.0388  146.829
-1.0192  147.487
-0.9996  148.135
-0.98  148.773
-0.9604  149.4
-0.9408  150.017
-0.9212  150.624
-0.9016  151.219
-0.882  151.804
-0.8624  152.378
-0.8428  152.941
-0.8232  153.492
-0.8036  154.033
-0.784  154.561
-0.7644  155.078
-0.7448  155.584
-0.7252  156.078
-0.7056  156.56
-0.686  157.029
-0.6664  157.487
-0.6468  157.933
-0.6272  158.366
-0.6076  158.787
-0.588  159.196
-0.5684  159.592
-0.5488  159.975
-0.5292  160.346
-0.5096  160.704
-0.49  161.049
-0.4704  161.381
-0.4508  161.7
-0.4312  162.006
-0.4116  162.299
-0.392  162.579
-0.3724  162.845
-0.3528  163.098
-0.3332  163.338
-0.3136  163.564
-0.294  163.777
-0.2744  163.976
-0.2548  164.162
-0.2352  164.334
-0.2156  164.493
-0.196  164.638
-0.1764  164.769
-0.1568  164.886
-0.1372  164.99
-0.1176  165.08
-0.098  165.156
-0.0784  165.218
-0.0588  165.267
-0.0392  165.301
-0.0196  165.322
0  165.329
0.0196  165.322
0.0392  165.301
0.0588  165.267
0.0784  165.218
0.098  165.156
0.1176  165.08
0.1372  164.99
0.1568  164.886
0.1764  164.769
0.196  164.637
0.2156  164.492
0.2352  164.334
0.2548  164.162
0.2744  163.976
0.294  163.777
0.3136  163.564
0.3332  163.337
0.3528  163.097
0.3724  162.844
0.392  162.578
0.4116  162.298
0.4312  162.005
0.4508  161.699
0.4704  161.38
0.49  161.048
0.5096  160.703
0.5292  160.345
0.5488  159.974
0.5684  159.591
0.588  159.195
0.6076  158.786
0.6272  158.365
0.6468  157.932
0.6664  157.486
0.686  157.028
0.7056  156.558
0.7252  156.076
0.7448  155.582
0.7644  155.077
0.784  154.56
0.8036  154.031
0.8232  153.491
0.8428  152.939
0.8624  152.376
0.882  151.803
0.9016  151.218
0.9212  150.622
0.9408  150.016
0.9604  149.398
0.98  148.771
0.9996  148.133
1.0192  147.485
1.0388  146.827
1.0584  146.159
1.078  145.481
1.0976  144.793
1.1172  144.096
1.1368  143.39
1.1564  142.674
1.176  141.949
1.1956  141.215
1.2152  140.473
1.2348  139.721
1.2544  138.962
1.274  138.193
1.2936  137.417
1.3132  136.633
1.3328  135.841
1.3524  135.041
1.372  134.233
1.3916  133.418
1.4112  132.596
1.4308  131.767
1.4504  130.931
1.47  130.088
1.4896  129.239
1.5092  128.383
1.5288  127.521
1.5484  126.653
1.568  125.779
1.5876  124.899
1.6072  124.013
1.6268  123.123
1.6464  122.227
1.666  121.325
1.6856  120.419
1.7052  119.509
1.7248  118.593
1.7444  117.674
1.764  116.75
1.7836  115.822
1.8032  114.89
1.8228  113.955
1.8424  113.016
1.862  112.074
1.8816  111.128
1.9012  110.18
1.9208  109.228
1.9404  108.274
1.96  107.318
1.9796  106.359
1.9992  105.398
2.0188  104.435
2.0384  103.471
2.058  102.504
2.0776  101.536
2.0972  100.567
2.1168  99.5971
2.1364  98.6259
2.156  97.654
2.1756  96.6813
2.1952  95.7083
2.2148  94.7349
2.2344  93.7613
2.254  92.7878
2.2736  91.8145
2.2932  90.8415
2.3128  89.869
2.3324  88.8972
2.352  87.9262
2.3716  86.9561
2.3912  85.9872
2.4108  85.0195
2.4304  84.0533
2.45  83.0886
2.4696  82.1257
2.4892  81.1646
2.5088  80.2056
2.5284  79.2487
2.548  78.2941
2.5676  77.342
2.5872  76.3925
2.6068  75.4457
2.6264  74.5017
2.646  73.5608
2.6656  72.623
2.6852  71.6884
2.7048  70.7573
2.7244  69.8296
2.744  68.9056
2.7636  67.9854
2.7832  67.0691
2.8028  66.1568
2.8224  65.2486
2.842  64.3447
2.8616  63.4452
2.8812  62.5501
2.9008  61.6596
2.9204  60.7739
2.94  59.8929
2.9596  59.0169
2.9792  58.1459
2.9988  57.28
3.0184  56.4193
3.038  55.564
3.0576  54.714
3.0772  53.8696
3.0968  53.0308
3.1164  52.1976
3.136  51.3703
3.1556  50.5487
3.1752  49.7332
3.1948  48.9236
3.2144  48.1202
3.234  47.3229
3.2536  46.5319
3.2732  45.7472
3.2928  44.9689
3.3124  44.197
3.332  43.4317
3.3516  42.6729
3.3712  41.9208
3.3908  41.1754
3.4104  40.4368
3.43  39.705
3.4496  38.98
3.4692  38.262
3.4888  37.5509
3.5084  36.8468
3.528  36.1498
3.5476  35.4599
3.5672  34.7771
3.5868  34.1015
3.6064  33.4331
3.626  32.7719
3.6456  32.118
3.6652  31.4714
3.6848  30.8321
3.7044  30.2001
3.724  29.5755
3.7436  28.9583
3.7632  28.3485
3.7828  27.7461
3.8024  27.1512
3.822  26.5637
3.8416  25.9836
3.8612  25.411
3.8808  24.8459
3.9004  24.2882
3.92  23.738
3.9396  23.1953
3.9592  22.66
3.9788  22.1322
3.9984  21.6118
4.018  21.0989
4.0376  20.5934
4.0572  20.0954
4.0768  19.6048
4.0964  19.1215
4.116  18.6457
4.1356  18.1772
4.1552  17.716
4.1748  17.2622
4.1944  16.8156
4.214  16.3763
4.2336  15.9443
4.2532  15.5195
4.2728  15.1018
4.2924  14.6913
4.312  14.2879
4.3316  13.8916
4.3512  13.5024
4.3708  13.1201
4.3904  12.7449
4.41  12.3765
4.4296  12.015
4.4492  11.6604
4.4688  11.3126
4.4884  10.9715
4.508  10.6371
4.5276  10.3094
4.5472  9.98832
4.5668  9.67378
4.5864  9.36573
4.606  9.06414
4.6256  8.76895
4.6452  8.48011
4.6648  8.19755
4.6844  7.92122
4.704  7.65107
4.7236  7.38703
4.7432  7.12904
4.7628  6.87705
4.7824  6.631
4.802  6.39081
4.8216  6.15644
4.8412  5.92781
4.8608  5.70486
4.8804  5.48753
4.9  5.27575
4.9196  5.06945
4.9392  4.86857
4.9588  4.67304
4.9784  4.48279
4.998  4.29776
5.0176  4.11788
5.0372  3.94307
5.0568  3.77327
5.0764  3.6084
5.096  3.4484
5.1156  3.2932
5.1352  3.14273
5.1548  2.9969
5.1744  2.85566
5.194  2.71894
5.2136  2.58665
5.2332  2.45872
5.2528  2.3351
5.2724  2.2157
5.292  2.10045
5.3116  1.98927
5.3312  1.88211
5.3508  1.77888
5.3704  1.67951
5.39  1.58393
5.4096  1.49207
5.4292  1.40386
5.4488  1.31922
5.4684  1.23808
5.488  1.16038
5.5076  1.08604
5.5272  1.01498
5.5468  0.947145
5.5664  0.882457
5.586  0.820848
5.6056  0.762246
5.6252  0.706584
5.6448  0.653791
5.6644  0.603799
5.684  0.55654
5.7036  0.511946
5.7232  0.469949
5.7428  0.430483
5.7624  0.39348
5.782  0.358876
5.8016  0.326604
5.8212  0.296599
5.8408  0.268798
5.8604  0.243136
5.88  0.219549
5.8996  0.197977
5.9192  0.178356
5.9388  0.160625
5.9584  0.144724
5.978  0.130592
5.9976  0.118169
6.0172  0.107398
6.0368  0.0982204
6.0564  0.0905784
6.076  0.0844157
6.0956  0.0796764
6.1152  0.0763054
6.1348  0.0742484
6.1544  0.0734517
6.174  0.0738627
6.1936  0.0754291
6.2132  0.0780997
6.2328  0.0818241
6.2524  0.0865527
6.272  0.0922366
6.2916  0.0988277
6.3112  0.106279
6.3308  0.114544
6.3504  0.123577
6.37  0.133334
6.3896  0.14377
6.4092  0.154843
6.4288  0.16651
6.4484  0.17873
6.468  0.191464
6.4876  0.20467
6.5072  0.218312
6.5268  0.232349
6.5464  0.246746
6.566  0.261467
6.5856  0.276476
6.6052  0.291739
6.6248  0.307223
6.6444  0.322894
6.664  0.338721
6.6836  0.354673
6.7032  0.37072
6.7228  0.386833
6.7424  0.402983
6.762  0.419143
6.7816  0.435286
6.8012  0.451386
6.8208  0.467419
6.8404  0.48336
6.86  0.499186
6.8796  0.514874
6.8992  0.530402
6.9188  0.545751
6.9384  0.560899
6.958  0.575828
6.9776  0.590519
6.9972  0.604954
7.0168  0.619116
7.0364  0.63299
7.056  0.64656
7.0756  0.659811
7.0952  0.67273
7.1148  0.685303
7.1344  0.697518
7.154  0.709363
7.1736  0.720827
7.1932  0.731901
7.2128  0.742573
7.2324  0.752837
7.252  0.762683
7.2716  0.772104
7.2912  0.781093
7.3108  0.789643
7.3304  0.79775
7.35  0.805408
7.3696  0.812612
7.3892  0.819359
7.4088  0.825646
7.4284  0.83147
7.448  0.836829
7.4676  0.841722
7.4872  0.846147
7.5068  0.850104
7.5264  0.853593
7.546  0.856615
7.5656  0.859171
7.5852  0.861262
7.6048  0.862891
7.6244  0.864059
7.644  0.86477
7.6636  0.865027
7.6832  0.864834
7.7028  0.864195
7.7224  0.863114
7.742  0.861598
7.7616  0.85965
7.7812  0.857276
7.8008  0.854483
7.8204  0.851277
7.84  0.847664
7.8596  0.843652
7.8792  0.839248
7.8988  0.834458
7.9184  0.829293
7.938  0.823758
7.9576  0.817863
7.9772  0.811616
7.9968  0.805025
8.0164  0.798101
8.036  0.790851
8.0556  0.783286
8.0752  0.775415
8.0948  0.767247
8.1144  0.758793
8.134  0.750062
8.1536  0.741065
8.1732  0.731811
8.1928  0.722312
8.2124  0.712577
8.232  0.702617
8.2516  0.692443
8.2712  0.682065
8.2908  0.671494
8.3104  0.660741
8.33  0.649816
8.3496  0.638731
8.3692  0.627495
8.3888  0.616121
8.4084  0.604619
8.428  0.592999
8.4476  0.581272
8.4672  0.569449
8.4868  0.557541
8.5064  0.545558
8.526  0.533512
8.5456  0.521411
8.5652  0.509268
8.5848  0.497092
8.6044  0.484893
8.624  0.472682
8.6436  0.460468
8.6632  0.448262
8.6828  0.436074
8.7024  0.423913
8.722  0.411788
8.7416  0.39971
8.7612  0.387687
8.7808  0.375728
8.8004  0.363843
8.82  0.35204
8.8396  0.340328
8.8592  0.328716
8.8788  0.317211
8.8984  0.305822
8.918  0.294556
8.9376  0.283422
8.9572  0.272427
8.9768  0.261579
8.9964  0.250883
9.016  0.240348
9.0356  0.22998
9.0552  0.219786
9.0748  0.209771
9.0944  0.199943
9.114  0.190306
9.1336  0.180867
9.1532  0.17163
9.1728  0.162602
9.1924  0.153786
9.212  0.145188
9.2316  0.136813
9.2512  0.128664
9.2708  0.120746
9.2904  0.113062
9.31  0.105616
9.3296  0.0984107
9.3492  0.0914505
9.3688  0.0847376
9.3884  0.0782746
9.408  0.0720641
9.4276  0.0661082
9.4472  0.0604089
9.4668  0.0549678
9.4864  0.0497866
9.506  0.0448665
9.5256  0.0402086
9.5452  0.0358137
9.5648  0.0316824
9.5844  0.0278152
9.604  0.0242121
9.6236  0.0208733
9.6432  0.0177983
9.6628  0.0149868
9.6824  0.0124381
9.702  0.0101514
9.7216  0.00812553
9.7412  0.00635921
9.7608  0.004851
9.7804  0.00359923
9.8  0.0026021
9.8196  0.00185752
9.8392  0.00136329
9.8588  0.001117
9.8784  0.0011161
9.898  0.00135782
9.9176  0.00183926
9.9372  0.00255735
9.9568  0.00350884
9.9764  0.00469034
9.996  0.00609832
10.0156  0.00772905
10.0352  0.00957877
10.0548  0.0116435
10.0744  0.013919
10.094  0.0164012
10.1136  0.0190857
10.1332  0.021968
10.1528  0.0250435
10.1724  0.0283075
10.192  0.0317551
10.2116  0.0353815
10.2312  0.0391818
10.2508  0.0431507
10.2704  0.047283
10.29  0.0515737
10.3096  0.0560171
10.3292  0.060608
10.3488  0.0653408
10.3684  0.07021
10.388  0.07521
10.4076  0.0803352
10.4272  0.0855797
10.4468  0.0909379
10.4664  0.096404
10.486  0.101972
10.5056  0.107636
10.5252  0.113391
10.5448  0.11923
10.5644  0.125148
10.584  0.131138
10.6036  0.137194
10.6232  0.143312
10.6428  0.149484
10.6624  0.155705
10.682  0.161969
10.7016  0.16827
10.7212  0.174602
10.7408  0.18096
10.7604  0.187337
10.78  0.193728
10.7996  0.200127
10.8192  0.206528
10.8388  0.212926
10.8584  0.219315
10.878  0.225689
10.8976  0.232044
10.9172  0.238373
10.9368  0.244671
10.9564  0.250933
10.976  0.257154
10.9956  0.263328
11.0152  0.269451
11.0348  0.275517
11.0544  0.281522
11.074  0.28746
11.0936  0.293327
11.1132  0.299119
11.1328  0.304831
11.1524  0.310458
11.172  0.315996
11.1916  0.32144
11.2112  0.326788
11.2308  0.332034
11.2504  0.337175
11.27  0.342206
11.2896  0.347125
11.3092  0.351928
11.3288  0.35661
11.3484  0.36117
11.368  0.365603
11.3876  0.369907
11.4072  0.374078
11.4268  0.378114
11.4464  0.382012
11.466  0.38577
11.4856  0.389384
11.5052  0.392853
11.5248  0.396175
11.5444  0.399347
11.564  0.402367
11.5836  0.405234
11.6032  0.407946
11.6228  0.410502
11.6424  0.412899
11.662  0.415137
11.6816  0.417214
11.7012  0.41913
11.7208  0.420884
11.7404  0.422475
11.76  0.423901
11.7796  0.425164
11.7992  0.426262
11.8188  0.427195
11.8384  0.427963
11.858  0.428566
11.8776  0.429004
11.8972  0.429278
11.9168  0.429387
11.9364  0.429333
11.956  0.429116
11.9756  0.428737
11.9952  0.428196
12.0148  0.427495
12.0344  0.426635
12.054  0.425616
12.0736  0.424441
12.0932  0.423111
12.1128  0.421627
12.1324  0.41999
12.152  0.418204
12.1716  0.416269
12.1912  0.414187
12.2108  0.411961
12.2304  0.409593
12.25  0.407085
12.2696  0.404439
12.2892  0.401658
12.3088  0.398744
12.3284  0.3957
12.348  0.392528
12.3676  0.389232
12.3872  0.385814
12.4068  0.382277
12.4264  0.378624
12.446  0.374858
12.4656  0.370982
12.4852  0.367
12.5048  0.362914
12.5244  0.358728
12.544  0.354445
12.5636  0.350069
12.5832  0.345603
12.6028  0.34105
12.6224  0.336415
12.642  0.3317
12.6616  0.32691
12.6812  0.322047
12.7008  0.317116
12.7204  0.31212
12.74  0.307064
12.7596  0.30195
12.7792  0.296782
12.7988  0.291565
12.8184  0.286302
12.838  0.280997
12.8576  0.275653
12.8772  0.270276
12.8968  0.264867
12.9164  0.259432
12.936  0.253973
12.9556  0.248496
12.9752  0.243003
12.9948  0.237499
13.0144  0.231986
13.034  0.22647
13.0536  0.220953
13.0732  0.21544
13.0928  0.209933
13.1124  0.204438
13.132  0.198957
13.1516  0.193494
13.1712  0.188052
13.1908  0.182635
13.2104  0.177247
13.23  0.171891
13.2496  0.166571
13.2692  0.161289
13.2888  0.156049
13.3084  0.150854
13.328  0.145708
13.3476  0.140613
13.3672  0.135573
13.3868  0.130591
13.4064  0.12567
13.426  0.120812
13.4456  0.116021
13.4652  0.111299
13.4848  0.106649
13.5044  0.102073
13.524  0.0975747
13.5436  0.0931559
13.5632  0.0888192
13.5828  0.084567
13.6024  0.0804014
13.622  0.0763247
13.6416  0.0723389
13.6612  0.0684463
13.6808  0.0646487
13.7004  0.0609479
13.72  0.0573457
13.7396  0.0538439
13.7592  0.0504442
13.7788  0.047148
13.7984  0.0439568
13.818  0.0408719
13.8376  0.0378947
13.8572  0.0350264
13.8768  0.0322682
13.8964  0.0296208
13.916  0.0270854
13.9356  0.0246629
13.9552  0.0223539
13.9748  0.0201592
13.9944  0.0180792
14.014  0.0161147
14.0336  0.0142659
14.0532  0.0125331
14.0728  0.0109167
14.0924  0.00941679
14.112  0.0080334
14.1316  0.00676658
14.1512  0.0056162
14.1708  0.00458208
14.1904  0.00366395
14.21  0.00286147
14.2296  0.00217419
14.2492  0.00160161
14.2688  0.00114313
14.2884  0.000798073
14.308  0.000565691
14.3276  0.000445161
14.3472  0.000435567
14.3668  0.000535929
14.3864  0.000745195
14.406  0.00106223
14.4256  0.00148584
14.4452  0.00201473
14.4648  0.0026476
14.4844  0.00338301
14.504  0.00421951
14.5236  0.00515553
14.5432  0.00618949
14.5628  0.00731969
14.5824  0.00854446
14.602  0.00986196
14.6216  0.0112704
14.6412  0.0127679
14.6608  0.0143524
14.6804  0.0160219
14.7  0.0177745
14.7196  0.019608
14.7392  0.0215203
14.7588  0.0235091
14.7784  0.0255723
14.798  0.0277076
14.8176  0.0299125
14.8372  0.032185
14.8568  0.0345223
14.8764  0.0369223
14.896  0.0393824
14.9156  0.0419002
14.9352  0.0444731
14.9548  0.0470985
14.9744  0.0497741
14.994  0.0524971
15.0136  0.055265
15.0332  0.0580751
15.0528  0.0609248
15.0724  0.0638116
15.092  0.0667325
15.1116  0.0696852
15.1312  0.0726668
15.1508  0.0756748
15.1704  0.0787063
15.19  0.0817588
15.2096  0.0848294
15.2292  0.0879156
15.2488  0.0910147
15.2684  0.0941241
15.288  0.0972409
15.3076  0.100363
15.3272  0.103487
15.3468  0.10661
15.3664  0.109731
15.386  0.112846
15.4056  0.115953
15.4252  0.119049
15.4448  0.122132
15.4644  0.125199
15.484  0.128247
15.5036  0.131276
15.5232  0.134281
15.5428  0.13726
15.5624  0.140212
15.582  0.143133
15.6016  0.146022
15.6212  0.148876
15.6408  0.151693
15.6604  0.154472
15.68  0.157208
15.6996  0.159902
15.7192  0.16255
15.7388  0.165151
15.7584  0.167702
15.778  0.170202
15.7976  0.172649
15.8172  0.175041
15.8368  0.177376
15.8564  0.179653
15.876  0.18187
15.8956  0.184025
15.9152  0.186117
15.9348  0.188144
15.9544  0.190105
15.974  0.191999
15.9936  0.193824
16.0132  0.195579
16.0328  0.197263
16.0524  0.198874
16.072  0.200412
16.0916  0.201875
16.1112  0.203263
16.1308  0.204575
16.1504  0.205809
16.17  0.206965
16.1896  0.208043
16.2092  0.209042
16.2288  0.209961
16.2484  0.210799
16.268  0.211557
16.2876  0.212233
16.3072  0.212828
16.3268  0.213341
16.3464  0.213772
16.366  0.21412
16.3856  0.214387
16.4052  0.214571
16.4248  0.214673
16.4444  0.214694
16.464  0.214632
16.4836  0.214488
16.5032  0.214263
16.5228  0.213957
16.5424  0.213571
16.562  0.213104
16.5816  0.212558
16.6012  0.211932
16.6208  0.211229
16.6404  0.210447
16.66  0.209589
16.6796  0.208654
16.6992  0.207644
16.7188  0.20656
16.7384  0.205403
16.758  0.204173
16.7776  0.202872
16.7972  0.2015
16.8168  0.20006
16.8364  0.198552
16.856  0.196977
16.8756  0.195337
16.8952  0.193633
16.9148  0.191867
16.9344  0.19004
16.954  0.188153
16.9736  0.186208
16.9932  0.184206
17.0128  0.18215
17.0324  0.18004
17.052  0.177878
17.0716  0.175667
17.0912  0.173407
17.1108  0.171101
17.1304  0.16875
17.15  0.166356
17.1696  0.163921
17.1892  0.161447
17.2088  0.158935
17.2284  0.156388
17.248  0.153807
17.2676  0.151194
17.2872  0.148552
17.3068  0.145882
17.3264  0.143186
17.346  0.140466
17.3656  0.137725
17.3852  0.134964
17.4048  0.132185
17.4244  0.12939
17.444  0.126581
17.4636  0.123761
17.4832  0.120931
17.5028  0.118094
17.5224  0.115251
17.542  0.112404
17.5616  0.109556
17.5812  0.106708
17.6008  0.103862
17.6204  0.101022
17.64  0.0981871
17.6596  0.0953612
17.6792  0.0925456
17.6988  0.0897423
17.7184  0.0869534
17.738  0.0841807
17.7576  0.081426
17.7772  0.0786915
17.7968  0.0759787
17.8164  0.0732897
17.836  0.0706263
17.8556  0.0679901
17.8752  0.0653831
17.8948  0.0628069
17.9144  0.0602632
17.934  0.0577538
17.9536  0.0552803
17.9732  0.0528444
17.9928  0.0504474
18.0124  0.0480912
18.032  0.0457772
18.0516  0.0435069
18.0712  0.0412817
18.0908  0.0391031
18.1104  0.0369724
18.13  0.034891
18.1496  0.0328602
18.1692  0.0308812
18.1888  0.0289553
18.2084  0.0270836
18.228  0.0252673
18.2476  0.0235074
18.2672  0.0218051
18.2868  0.0201612
18.3064  0.0185769
18.326  0.0170529
18.3456  0.0155902
18.3652  0.0141895
18.3848  0.0128517
18.4044  0.0115775
18.424  0.0103675
18.4436  0.00922247
18.4632  0.00814287
18.4828  0.00712928
18.5024  0.00618221
18.522  0.00530203
18.5416  0.0044892
18.5612  0.00374404
18.5808  0.00306681
18.6004  0.00245779
18.62  0.00191716
18.6396  0.00144507
18.6592  0.0010416
18.6788  0.000706808
18.6984  0.000440696
18.718  0.000243202
18.7376  0.000114231
18.7572  5.36356e-05
18.7768  6.12198e-05
18.7964  0.00013674
18.816  0.00027991
18.8356  0.000490386
18.8552  0.000767791
18.8748  0.00111169
18.8944  0.00152162
18.914  0.00199704
18.9336  0.00253742
18.9532  0.0031421
18.9728  0.00381048
18.9924  0.00454182
19.012  0.00533544
19.0316  0.00619051
19.0512  0.0071062
19.0708  0.00808168
19.0904  0.00911611
19.11  0.0102084
19.1296  0.0113578
19.1492  0.0125631
19.1688  0.0138233
19.1884  0.0151373
19.208  0.016504
19.2276  0.0179223
19.2472  0.019391
19.2668  0.0209089
19.2864  0.0224747
19.306  0.0240871
19.3256  0.0257448
19.3452  0.0274466
19.3648  0.0291909
19.3844  0.0309766
19.404  0.0328021
19.4236  0.034666
19.4432  0.0365668
19.4628  0.0385032
19.4824  0.0404735
19.502  0.0424763
19.5216  0.04451
19.5412  0.0465731
19.5608  0.048664
19.5804  0.0507811
19.6  0.0529229
19.6196  0.0550877
19.6392  0.0572739
19.6588  0.0594799
19.6784  0.061704
19.698  0.0639446
19.7176  0.0662001
19.7372  0.0684687
19.7568  0.0707489
19.7764  0.0730389
19.796  0.0753372
19.8156  0.0776419
19.8352  0.0799515
19.8548  0.0822642
19.8744  0.0845786
19.894  0.0868928
19.9136  0.0892052
19.9332  0.0915141
19.9528  0.0938181
19.9724  0.0961154
19.992  0.0984042
20.0116  0.100683
20.0312  0.102951
20.0508  0.105205
20.0704  0.107445
20.09  0.109668
20.1096  0.111873
20.1292  0.11406
20.1488  0.116225
20.1684  0.118368
20.188  0.120488
20.2076  0.122582
20.2272  0.124649
20.2468  0.126689
20.2664  0.128699
20.286  0.130678
20.3056  0.132625
20.3252  0.134538
20.3448  0.136417
20.3644  0.13826
20.384  0.140066
20.4036  0.141834
20.4232  0.143561
20.4428  0.145249
20.4624  0.146894
20.482  0.148497
20.5016  0.150056
20.5212  0.151569
20.5408  0.153037
20.5604  0.154459
20.58  0.155832
20.5996  0.157157
20.6192  0.158433
20.6388  0.159659
20.6584  0.160833
20.678  0.161956
20.6976  0.163027
20.7172  0.164045
20.7368  0.165009
20.7564  0.165919
20.776  0.166774
20.7956  0.167575
20.8152  0.168319
20.8348  0.169008
20.8544  0.16964
20.874  0.170216
20.8936  0.170734
20.9132  0.171196
20.9328  0.171599
20.9524  0.171945
20.972  0.172234
20.9916  0.172464
21.0112  0.172637
21.0308  0.172751
21.0504  0.172808
21.07  0.172807
21.0896  0.172748
21.1092  0.172632
21.1288  0.172458
21.1484  0.172226
21.168  0.171938
21.1876  0.171593
21.2072  0.171192
21.2268  0.170735
21.2464  0.170223
21.266  0.169655
21.2856  0.169032
21.3052  0.168356
21.3248  0.167625
21.3444  0.166842
21.364  0.166006
21.3836  0.165119
21.4032  0.16418
21.4228  0.163192
21.4424  0.162153
21.462  0.161066
21.4816  0.159931
21.5012  0.158748
21.5208  0.157519
21.5404  0.156245
21.56  0.154926
21.5796  0.153564
21.5992  0.152159
21.6188  0.150713
21.6384  0.149225
21.658  0.147699
21.6776  0.146134
21.6972  0.144531
21.7168  0.142892
21.7364  0.141219
21.756  0.139511
21.7756  0.13777
21.7952  0.135998
21.8148  0.134196
21.8344  0.132364
21.854  0.130504
21.8736  0.128618
21.8932  0.126706
21.9128  0.12477
21.9324  0.122812
21.952  0.120831
21.9716  0.118831
21.9912  0.116811
22.0108  0.114774
22.0304  0.112721
22.05  0.110653
22.0696  0.108572
22.0892  0.106478
22.1088  0.104373
22.1284  0.102259
22.148  0.100137
22.1676  0.0980076
22.1872  0.095873
22.2068  0.0937345
22.2264  0.0915932
22.246  0.0894506
22.2656  0.087308
22.2852  0.0851667
22.3048  0.0830281
22.3244  0.0808934
22.344  0.0787641
22.3636  0.0766415
22.3832  0.0745268
22.4028  0.0724212
22.4224  0.0703262
22.442  0.0682429
22.4616  0.0661727
22.4812  0.0641167
22.5008  0.0620763
22.5204  0.0600525
22.54  0.0580467
22.5596  0.05606
22.5792  0.0540935
22.5988  0.0521485
22.6184  0.0502259
22.638  0.048327
22.6576  0.0464527
22.6772  0.0446043
22.6968  0.0427827
22.7164  0.040989
22.736  0.0392241
22.7556  0.037489
22.7752  0.0357847
22.7948  0.034112
22.8144  0.032472
22.834  0.0308654
22.8536  0.0292932
22.8732  0.027756
22.8928  0.0262549
22.9124  0.0247904
22.932  0.0233634
22.9516  0.0219745
22.9712  0.0206244
22.9908  0.0193139
23.0104  0.0180435
23.03  0.0168137
23.0496  0.0156252
23.0692  0.0144786
23.0888  0.0133743
23.1084  0.0123127
23.128  0.0112943
23.1476  0.0103196
23.1672  0.0093889
23.1868  0.00850256
23.2064  0.0076609
23.226  0.00686417
23.2456  0.00611266
23.2652  0.0054066
23.2848  0.00474614
23.3044  0.00413147
23.324  0.00356269
23.3436  0.00303992
23.3632  0.00256319
23.3828  0.00213255
23.4024  0.001748
23.422  0.0014095
23.4416  0.00111698
23.4612  0.000870356
23.4808  0.000669503
23.5004  0.000514255
23.52  0.000404426
23.5396  0.000339798
23.5592  0.00032012
23.5788  0.000345127
23.5984  0.000414496
23.618  0.000527902
23.6376  0.000684975
23.6572  0.000885335
23.6768  0.00112854
23.6964  0.00141415
23.716  0.00174169
23.7356  0.00211067
23.7552  0.00252053
23.7748  0.00297075
23.7944  0.00346073
23.814  0.00398987
23.8336  0.00455753
23.8532  0.00516309
23.8728  0.00580584
23.8924  0.00648507
23.912  0.00720014
23.9316  0.00795021
23.9512  0.00873457
23.9708  0.00955242
23.9904  0.0104029
24.01  0.0112854
24.0296  0.0121988
24.0492  0.0131424
24.0688  0.0141153
24.0884  0.0151166
24.108  0.0161454
24.1276  0.0172007
24.1472  0.0182818
24.1668  0.0193875
24.1864  0.0205169
24.206  0.021669
24.2256  0.0228429
24.2452  0.0240376
24.2648  0.025252
24.2844  0.0264851
24.304  0.027736
24.3236  0.0290034
24.3432  0.0302866
24.3628  0.0315843
24.3824  0.0328956
24.402  0.0342193
24.4216  0.0355545
24.4412  0.0369
24.4608  0.0382547
24.4804  0.0396176
24.5  0.0409877
24.5196  0.0423639
24.5392  0.043745
24.5588  0.0451301
24.5784  0.046518
24.598  0.0479077
24.6176  0.0492982
24.6372  0.0506883
24.6568  0.0520771
24.6764  0.0534633
24.696  0.0548461
24.7156  0.0562244
24.7352  0.0575972
24.7548  0.0589634
24.7744  0.0603221
24.794  0.0616722
24.8136  0.0630128
24.8332  0.0643428
24.8528  0.0656613
24.8724  0.0669674
24.892  0.06826
24.9116  0.0695384
24.9312  0.0708015
24.9508  0.0720485
24.9704  0.0732784
24.99  0.0744904
25.0096  0.0756838
25.0292  0.0768575
25.0488  0.0780107
25.0684  0.0791428
25.088  0.0802529
25.1076  0.0813403
25.1272  0.0824042
25.1468  0.0834438
25.1664  0.0844584
25.186  0.0854475
25.2056  0.0864104
25.2252  0.0873462
25.2448  0.0882546
25.2644  0.0891347
25.284  0.0899862
25.3036  0.0908083
25.3232  0.0916007
25.3428  0.0923628
25.3624  0.0930939
25.382  0.093794
25.4016  0.0944623
25.4212  0.0950985
25.4408  0.0957021
25.4604  0.0962729
25.48  0.0968105
25.4996  0.0973145
25.5192  0.0977848
25.5388  0.0982209
25.5584  0.0986228
25.578  0.0989901
25.5976  0.0993227
25.6172  0.0996205
25.6368  0.0998831
25.6564  0.100111
25.676  0.100303
25.6956  0.10046
25.7152  0.100582
25.7348  0.100668
25.7544  0.100719
25.774  0.100735
25.7936  0.100715
25.8132  0.100661
25.8328  0.100571
25.8524  0.100446
25.872  0.100287
25.8916  0.100093
25.9112  0.099865
25.9308  0.0996026
25.9504  0.0993064
25.97  0.0989766
25.9896  0.0986135
26.0092  0.0982175
26.0288  0.0977888
26.0484  0.0973278
26.068  0.096835
26.0876  0.0963106
26.1072  0.0957554
26.1268  0.0951695
26.1464  0.0945534
26.166  0.0939077
26.1856  0.093233
26.2052  0.0925296
26.2248  0.0917981
26.2444  0.0910392
26.264  0.0902533
26.2836  0.089441
26.3032  0.0886031
26.3228  0.0877402
26.3424  0.0868527
26.362  0.0859415
26.3816  0.0850072
26.4012  0.0840505
26.4208  0.0830719
26.4404  0.0820724
26.46  0.0810526
26.4796  0.0800133
26.4992  0.0789551
26.5188  0.0778789
26.5384  0.0767853
26.558  0.0756753
26.5776  0.0745496
26.5972  0.0734088
26.6168  0.072254
26.6364  0.0710858
26.656  0.0699051
26.6756  0.0687127
26.6952  0.0675094
26.7148  0.0662961
26.7344  0.0650735
26.754  0.0638426
26.7736  0.0626041
26.7932  0.0613589
26.8128  0.0601078
26.8324  0.0588518
26.852  0.0575915
26.8716  0.056328
26.8912  0.0550618
26.9108  0.0537941
26.9304  0.0525255
26.95  0.051257
26.9696  0.0499894
26.9892  0.0487234
27.0088  0.0474598
27.0284  0.0461997
27.048  0.0449436
27.0676  0.0436926
27.0872  0.0424473
27.1068  0.0412084
27.1264  0.0399769
27.146  0.0387536
27.1656  0.0375391
27.1852  0.0363342
27.2048  0.0351397
27.2244  0.0339563
27.244  0.0327848
27.2636  0.0316259
27.2832  0.0304802
27.3028  0.0293485
27.3224  0.0282314
27.342  0.0271297
27.3616  0.0260439
27.3812  0.0249748
27.4008  0.0239228
27.4204  0.0228888
27.44  0.0218732
27.4596  0.0208766
27.4792  0.0198995
27.4988  0.0189427
27.5184  0.0180065
27.538  0.0170916
27.5576  0.0161983
27.5772  0.0153272
27.5968  0.0144787
27.6164  0.0136533
27.636  0.0128515
27.6556  0.0120735
27.6752  0.0113199
27.6948  0.010591
27.7144  0.00988712
27.734  0.00920859
27.7536  0.00855578
27.7732  0.00792895
27.7928  0.00732837
27.8124  0.00675432
27.832  0.00620704
27.8516  0.00568671
27.8712  0.00519355
27.8908  0.00472775
27.9104  0.00428942
27.93  0.00387874
27.9496  0.0034958
27.9692  0.00314073
27.9888  0.00281356
28.0084  0.00251435
28.028  0.00224317
28.0476  0.00199999
28.0672  0.00178485
28.0868  0.00159769
28.1064  0.00143848
28.126  0.00130714
28.1456  0.00120361
28.1652  0.00112776
28.1848  0.00107946
28.2044  0.0010586
28.224  0.00106499
28.2436  0.00109846
28.2632  0.00115882
28.2828  0.00124582
28.3024  0.00135925
28.322  0.00149884
28.3416  0.00166434
28.3612  0.00185543
28.3808  0.00207183
28.4004  0.00231319
28.42  0.00257919
28.4396  0.00286947
28.4592  0.00318363
28.4788  0.00352133
28.4984  0.00388213
28.518  0.00426561
28.5376  0.00467134
28.5572  0.00509889
28.5768  0.00554776
28.5964  0.00601753
28.616  0.00650769
28.6356  0.00701768
28.6552  0.00754708
28.6748  0.00809528
28.6944  0.0086618
28.714  0.00924603
28.7336  0.0098475
28.7532  0.0104656
28.7728  0.0110997
28.7924  0.0117492
28.812  0.0124137
28.8316  0.0130923
28.8512  0.0137846
28.8708  0.01449
28.8904  0.0152077
28.91  0.0159371
28.9296  0.0166777
28.9492  0.0174287
28.9688  0.0181895
28.9884  0.0189595
29.008  0.019738
29.0276  0.0205242
29.0472  0.0213177
29.0668  0.0221177
29.0864  0.0229235
29.106  0.0237344
29.1256  0.0245498
29.1452  0.025369
29.1648  0.0261913
29.1844  0.027016
29.204  0.0278426
29.2236  0.0286702
29.2432  0.0294983
29.2628  0.0303261
29.2824  0.031153
29.302  0.0319783
29.3216  0.0328014
29.3412  0.0336217
29.3608  0.0344383
29.3804  0.0352508
29.4  0.0360585
