-29.4  0.0351062
-29.3804  0.03419
-29.3608  0.0332703
-29.3412  0.0323477
-29.3216  0.0314229
-29.302  0.0304967
-29.2824  0.0295701
-29.2628  0.0286438
-29.2432  0.0277185
-29.2236  0.0267952
-29.204  0.0258745
-29.1844  0.0249575
-29.1648  0.0240448
-29.1452  0.0231374
-29.1256  0.0222359
-29.106  0.0213414
-29.0864  0.0204545
-29.0668  0.0195762
-29.0472  0.0187072
-29.0276  0.0178483
-29.008  0.0170005
-28.9884  0.0161645
-28.9688  0.0153412
-28.9492  0.0145312
-28.9296  0.0137355
-28.91  0.0129549
-28.8904  0.0121902
-28.8708  0.011442
-28.8512  0.0107113
-28.8316  0.00999883
-28.812  0.00930533
-28.7924  0.00863154
-28.7728  0.00797824
-28.7532  0.00734613
-28.7336  0.00673598
-28.714  0.00614848
-28.6944  0.00558439
-28.6748  0.00504434
-28.6552  0.00452905
-28.6356  0.00403916
-28.616  0.00357537
-28.5964  0.00313826
-28.5768  0.00272849
-28.5572  0.00234668
-28.5376  0.00199341
-28.518  0.00166927
-28.4984  0.00137479
-28.4788  0.00111055
-28.4592  0.000877053
-28.4396  0.00067482
-28.42  0.000504338
-28.4004  0.00036608
-28.3808  0.000260497
-28.3612  0.000188012
-28.3416  0.000149048
-28.322  0.000143993
-28.3024  0.00017321
-28.2828  0.00023706
-28.2632  0.000335858
-28.2436  0.000469922
-28.224  0.000639534
-28.2044  0.000844936
-28.1848  0.00108639
-28.1652  0.0013641
-28.1456  0.00167825
-28.126  0.002029
-28.1064  0.00241654
-28.0868  0.00284094
-28.0672  0.00330233
-28.0476  0.00380074
-28.028  0.00433627
-28.0084  0.00490889
-27.9888  0.00551866
-27.9692  0.00616549
-27.9496  0.00684934
-27.93  0.00757017
-27.9104  0.00832784
-27.8908  0.00912224
-27.8712  0.00995322
-27.8516  0.0108206
-27.832  0.0117241
-27.8124  0.0126636
-27.7928  0.0136389
-27.7732  0.0146496
-27.7536  0.0156953
-27.734  0.0167759
-27.7144  0.017891
-27.6948  0.0190401
-27.6752  0.0202228
-27.6556  0.0214389
-27.636  0.0226877
-27.6164  0.0239688
-27.5968  0.0252817
-27.5772  0.0266259
-27.5576  0.0280009
-27.538  0.029406
-27.5184  0.0308408
-27.4988  0.0323045
-27.4792  0.0337966
-27.4596  0.0353163
-27.44  0.0368631
-27.4204  0.0384362
-27.4008  0.0400349
-27.3812  0.0416584
-27.3616  0.043306
-27.342  0.0449769
-27.3224  0.0466703
-27.3028  0.0483855
-27.2832  0.0501215
-27.2636  0.0518775
-27.244  0.0536526
-27.2244  0.055446
-27.2048  0.0572568
-27.1852  0.059084
-27.1656  0.0609267
-27.146  0.062784
-27.1264  0.0646548
-27.1068  0.0665382
-27.0872  0.0684334
-27.0676  0.0703392
-27.048  0.0722545
-27.0284  0.0741785
-27.0088  0.0761101
-26.9892  0.0780483
-26.9696  0.0799919
-26.95  0.0819399
-26.9304  0.0838914
-26.9108  0.0858451
-26.8912  0.0878001
-26.8716  0.0897552
-26.852  0.0917093
-26.8324  0.0936614
-26.8128  0.0956103
-26.7932  0.0975551
-26.7736  0.0994945
-26.754  0.101428
-26.7344  0.103353
-26.7148  0.10527
-26.6952  0.107177
-26.6756  0.109073
-26.656  0.110957
-26.6364  0.112828
-26.6168  0.114686
-26.5972  0.116527
-26.5776  0.118353
-26.558  0.120161
-26.5384  0.121951
-26.5188  0.123722
-26.4992  0.125471
-26.4796  0.1272
-26.46  0.128905
-26.4404  0.130587
-26.4208  0.132244
-26.4012  0.133876
-26.3816  0.135481
-26.362  0.137059
-26.3424  0.138607
-26.3228  0.140127
-26.3032  0.141616
-26.2836  0.143073
-26.264  0.144498
-26.2444  0.14589
-26.2248  0.147249
-26.2052  0.148572
-26.1856  0.149859
-26.166  0.15111
-26.1464  0.152324
-26.1268  0.153499
-26.1072  0.154636
-26.0876  0.155733
-26.068  0.15679
-26.0484  0.157806
-26.0288  0.158781
-26.0092  0.159713
-25.9896  0.160602
-25.97  0.161448
-25.9504  0.16225
-25.9308  0.163008
-25.9112  0.16372
-25.8916  0.164387
-25.872  0.165009
-25.8524  0.165583
-25.8328  0.166111
-25.8132  0.166592
-25.7936  0.167025
-25.774  0.16741
-25.7544  0.167748
-25.7348  0.168037
-25.7152  0.168277
-25.6956  0.168468
-25.676  0.168611
-25.6564  0.168705
-25.6368  0.168749
-25.6172  0.168744
-25.5976  0.168689
-25.578  0.168585
-25.5584  0.168432
-25.5388  0.16823
-25.5192  0.167978
-25.4996  0.167677
-25.48  0.167327
-25.4604  0.166928
-25.4408  0.166481
-25.4212  0.165985
-25.4016  0.16544
-25.382  0.164848
-25.3624  0.164209
-25.3428  0.163522
-25.3232  0.162788
-25.3036  0.162007
-25.284  0.161181
-25.2644  0.160309
-25.2448  0.159392
-25.2252  0.15843
-25.2056  0.157424
-25.186  0.156375
-25.1664  0.155283
-25.1468  0.154149
-25.1272  0.152973
-25.1076  0.151756
-25.088  0.150499
-25.0684  0.149202
-25.0488  0.147867
-25.0292  0.146494
-25.0096  0.145084
-24.99  0.143637
-24.9704  0.142155
-24.9508  0.140638
-24.9312  0.139088
-24.9116  0.137505
-24.892  0.13589
-24.8724  0.134245
-24.8528  0.132569
-24.8332  0.130865
-24.8136  0.129133
-24.794  0.127374
-24.7744  0.12559
-24.7548  0.123781
-24.7352  0.121948
-24.7156  0.120093
-24.696  0.118216
-24.6764  0.11632
-24.6568  0.114404
-24.6372  0.11247
-24.6176  0.11052
-24.598  0.108554
-24.5784  0.106573
-24.5588  0.10458
-24.5392  0.102574
-24.5196  0.100558
-24.5  0.0985324
-24.4804  0.0964985
-24.4608  0.0944574
-24.4412  0.0924106
-24.4216  0.0903592
-24.402  0.0883044
-24.3824  0.0862475
-24.3628  0.0841898
-24.3432  0.0821325
-24.3236  0.0800769
-24.304  0.0780242
-24.2844  0.0759756
-24.2648  0.0739324
-24.2452  0.0718958
-24.2256  0.0698669
-24.206  0.0678472
-24.1864  0.0658378
-24.1668  0.0638399
-24.1472  0.0618546
-24.1276  0.0598832
-24.108  0.0579269
-24.0884  0.0559868
-24.0688  0.0540641
-24.0492  0.05216
-24.0296  0.0502755
-24.01  0.0484118
-23.9904  0.0465699
-23.9708  0.0447512
-23.9512  0.0429564
-23.9316  0.0411868
-23.912  0.0394433
-23.8924  0.0377269
-23.8728  0.0360388
-23.8532  0.0343798
-23.8336  0.0327509
-23.814  0.031153
-23.7944  0.0295871
-23.7748  0.0280541
-23.7552  0.0265548
-23.7356  0.02509
-23.716  0.0236606
-23.6964  0.0222675
-23.6768  0.0209112
-23.6572  0.0195927
-23.6376  0.0183125
-23.618  0.0170715
-23.5984  0.0158702
-23.5788  0.0147093
-23.5592  0.0135894
-23.5396  0.0125111
-23.52  0.0114748
-23.5004  0.0104812
-23.4808  0.00953073
-23.4612  0.00862381
-23.4416  0.00776082
-23.422  0.00694222
-23.4024  0.00616834
-23.3828  0.00543952
-23.3632  0.00475604
-23.3436  0.00411814
-23.324  0.00352609
-23.3044  0.00298004
-23.2848  0.00248019
-23.2652  0.00202662
-23.2456  0.00161947
-23.226  0.00125876
-23.2064  0.00094454
-23.1868  0.000676798
-23.1672  0.000455488
-23.1476  0.000280535
-23.128  0.000151821
-23.1084  6.92175e-05
-23.0888  3.25374e-05
-23.0692  4.15731e-05
-23.0496  9.60803e-05
-23.03  0.000195782
-23.0104  0.000340367
-22.9908  0.000529485
-22.9712  0.000762773
-22.9516  0.00103982
-22.932  0.00136018
-22.9124  0.00172337
-22.8928  0.00212892
-22.8732  0.00257625
-22.8536  0.00306483
-22.834  0.00359403
-22.8144  0.00416326
-22.7948  0.00477184
-22.7752  0.0054191
-22.7556  0.0061043
-22.736  0.00682673
-22.7164  0.00758558
-22.6968  0.00838008
-22.6772  0.00920942
-22.6576  0.0100727
-22.638  0.0109691
-22.6184  0.0118977
-22.5988  0.0128576
-22.5792  0.0138478
-22.5596  0.0148674
-22.54  0.0159153
-22.5204  0.0169905
-22.5008  0.0180921
-22.4812  0.0192189
-22.4616  0.02037
-22.442  0.0215442
-22.4224  0.0227403
-22.4028  0.0239573
-22.3832  0.0251941
-22.3636  0.0264493
-22.344  0.027722
-22.3244  0.0290109
-22.3048  0.0303149
-22.2852  0.0316326
-22.2656  0.032963
-22.246  0.0343048
-22.2264  0.0356566
-22.2068  0.0370174
-22.1872  0.0383858
-22.1676  0.0397607
-22.148  0.0411406
-22.1284  0.0425244
-22.1088  0.0439109
-22.0892  0.0452986
-22.0696  0.0466864
-22.05  0.048073
-22.0304  0.0494572
-22.0108  0.0508375
-21.9912  0.0522129
-21.9716  0.0535821
-21.952  0.0549437
-21.9324  0.0562966
-21.9128  0.0576394
-21.8932  0.058971
-21.8736  0.0602902
-21.854  0.0615957
-21.8344  0.0628864
-21.8148  0.0641609
-21.7952  0.0654183
-21.7756  0.0666572
-21.756  0.0678766
-21.7364  0.0690752
-21.7168  0.0702521
-21.6972  0.0714061
-21.6776  0.0725362
-21.658  0.0736411
-21.6384  0.0747201
-21.6188  0.0757719
-21.5992  0.0767956
-21.5796  0.0777903
-21.56  0.0787549
-21.5404  0.0796887
-21.5208  0.0805906
-21.5012  0.0814598
-21.4816  0.0822955
-21.462  0.0830968
-21.4424  0.083863
-21.4228  0.0845933
-21.4032  0.0852869
-21.3836  0.0859433
-21.364  0.0865615
-21.3444  0.0871413
-21.3248  0.0876818
-21.3052  0.0881825
-21.2856  0.0886428
-21.266  0.0890624
-21.2464  0.0894408
-21.2268  0.0897773
-21.2072  0.0900718
-21.1876  0.0903238
-21.168  0.0905331
-21.1484  0.0906993
-21.1288  0.0908223
-21.1092  0.0909018
-21.0896  0.0909376
-21.07  0.0909296
-21.0504  0.0908779
-21.0308  0.0907821
-21.0112  0.0906425
-20.9916  0.0904591
-20.972  0.0902318
-20.9524  0.0899607
-20.9328  0.0896463
-20.9132  0.0892884
-20.8936  0.0888875
-20.874  0.0884436
-20.8544  0.0879573
-20.8348  0.0874288
-20.8152  0.0868586
-20.7956  0.0862471
-20.776  0.0855947
-20.7564  0.084902
-20.7368  0.0841695
-20.7172  0.0833978
-20.6976  0.0825877
-20.678  0.0817396
-20.6584  0.0808544
-20.6388  0.0799329
-20.6192  0.0789756
-20.5996  0.0779837
-20.58  0.0769578
-20.5604  0.0758989
-20.5408  0.0748079
-20.5212  0.0736858
-20.5016  0.0725337
-20.482  0.0713525
-20.4624  0.0701433
-20.4428  0.0689073
-20.4232  0.0676456
-20.4036  0.0663593
-20.384  0.0650496
-20.3644  0.0637179
-20.3448  0.0623654
-20.3252  0.0609933
-20.3056  0.0596031
-20.286  0.0581959
-20.2664  0.0567733
-20.2468  0.0553366
-20.2272  0.0538873
-20.2076  0.0524268
-20.188  0.0509565
-20.1684  0.049478
-20.1488  0.0479929
-20.1292  0.0465026
-20.1096  0.0450085
-20.09  0.0435125
-20.0704  0.0420161
-20.0508  0.0405207
-20.0312  0.0390281
-20.0116  0.03754
-19.992  0.0360579
-19.9724  0.0345835
-19.9528  0.0331184
-19.9332  0.0316643
-19.9136  0.030223
-19.894  0.0287961
-19.8744  0.0273853
-19.8548  0.0259922
-19.8352  0.0246186
-19.8156  0.0232663
-19.796  0.0219368
-19.7764  0.0206318
-19.7568  0.0193532
-19.7372  0.0181024
-19.7176  0.0168814
-19.698  0.0156916
-19.6784  0.0145348
-19.6588  0.0134127
-19.6392  0.0123268
-19.6196  0.0112789
-19.6  0.0102705
-19.5804  0.00930333
-19.5608  0.00837891
-19.5412  0.00749881
-19.5216  0.0066646
-19.502  0.00587784
-19.4824  0.00514003
-19.4628  0.00445268
-19.4432  0.00381725
-19.4236  0.00323521
-19.404  0.00270795
-19.3844  0.0022369
-19.3648  0.00182341
-19.3452  0.00146884
-19.3256  0.00117447
-19.306  0.000941593
-19.2864  0.000771459
-19.2668  0.000665258
-19.2472  0.000624193
-19.2276  0.000649384
-19.208  0.000741928
-19.1884  0.000902905
-19.1688  0.00113333
-19.1492  0.00143419
-19.1296  0.00180644
-19.11  0.00225096
-19.0904  0.0027686
-19.0708  0.00336022
-19.0512  0.00402653
-19.0316  0.00476828
-19.012  0.00558615
-18.9924  0.0064808
-18.9728  0.00745272
-18.9532  0.00850254
-18.9336  0.00963066
-18.914  0.0108376
-18.8944  0.0121236
-18.8748  0.0134892
-18.8552  0.0149345
-18.8356  0.0164597
-18.816  0.0180651
-18.7964  0.0197508
-18.7768  0.0215168
-18.7572  0.0233632
-18.7376  0.0252898
-18.718  0.0272966
-18.6984  0.0293834
-18.6788  0.03155
-18.6592  0.0337962
-18.6396  0.0361216
-18.62  0.0385259
-18.6004  0.0410085
-18.5808  0.043569
-18.5612  0.0462069
-18.5416  0.0489214
-18.522  0.051712
-18.5024  0.0545781
-18.4828  0.0575185
-18.4632  0.0605328
-18.4436  0.0636199
-18.424  0.0667789
-18.4044  0.0700087
-18.3848  0.0733084
-18.3652  0.0766768
-18.3456  0.0801128
-18.326  0.083615
-18.3064  0.0871823
-18.2868  0.0908132
-18.2672  0.0945066
-18.2476  0.0982607
-18.228  0.102074
-18.2084  0.105946
-18.1888  0.109874
-18.1692  0.113856
-18.1496  0.117892
-18.13  0.121978
-18.1104  0.126114
-18.0908  0.130298
-18.0712  0.134528
-18.0516  0.138801
-18.032  0.143116
-18.0124  0.147472
-17.9928  0.151865
-17.9732  0.156294
-17.9536  0.160757
-17.934  0.165251
-17.9144  0.169774
-17.8948  0.174325
-17.8752  0.178901
-17.8556  0.183499
-17.836  0.188118
-17.8164  0.192754
-17.7968  0.197406
-17.7772  0.202071
-17.7576  0.206747
-17.738  0.211431
-17.7184  0.216121
-17.6988  0.220815
-17.6792  0.225509
-17.6596  0.230201
-17.64  0.23489
-17.6204  0.239571
-17.6008  0.244243
-17.5812  0.248903
-17.5616  0.253549
-17.542  0.258177
-17.5224  0.262786
-17.5028  0.267372
-17.4832  0.271933
-17.4636  0.276467
-17.444  0.28097
-17.4244  0.285441
-17.4048  0.289876
-17.3852  0.294273
-17.3656  0.29863
-17.346  0.302943
-17.3264  0.307211
-17.3068  0.31143
-17.2872  0.315599
-17.2676  0.319714
-17.248  0.323773
-17.2284  0.327774
-17.2088  0.331714
-17.1892  0.33559
-17.1696  0.339401
-17.15  0.343144
-17.1304  0.346817
-17.1108  0.350416
-17.0912  0.353941
-17.0716  0.357388
-17.052  0.360756
-17.0324  0.364042
-17.0128  0.367244
-16.9932  0.37036
-16.9736  0.373388
-16.954  0.376326
-16.9344  0.379171
-16.9148  0.381923
-16.8952  0.384579
-16.8756  0.387137
-16.856  0.389596
-16.8364  0.391953
-16.8168  0.394208
-16.7972  0.396358
-16.7776  0.398402
-16.758  0.400338
-16.7384  0.402166
-16.7188  0.403882
-16.6992  0.405488
-16.6796  0.40698
-16.66  0.408358
-16.6404  0.409621
-16.6208  0.410767
-16.6012  0.411797
-16.5816  0.412707
-16.562  0.413499
-16.5424  0.414171
-16.5228  0.414722
-16.5032  0.415152
-16.4836  0.41546
-16.464  0.415645
-16.4444  0.415708
-16.4248  0.415648
-16.4052  0.415465
-16.3856  0.415158
-16.366  0.414727
-16.3464  0.414173
-16.3268  0.413495
-16.3072  0.412693
-16.2876  0.411768
-16.268  0.410721
-16.2484  0.40955
-16.2288  0.408257
-16.2092  0.406842
-16.1896  0.405306
-16.17  0.403649
-16.1504  0.401873
-16.1308  0.399978
-16.1112  0.397964
-16.0916  0.395834
-16.072  0.393587
-16.0524  0.391226
-16.0328  0.388751
-16.0132  0.386164
-15.9936  0.383465
-15.974  0.380657
-15.9544  0.37774
-15.9348  0.374718
-15.9152  0.37159
-15.8956  0.368359
-15.876  0.365027
-15.8564  0.361596
-15.8368  0.358067
-15.8172  0.354442
-15.7976  0.350724
-15.778  0.346915
-15.7584  0.343017
-15.7388  0.339032
-15.7192  0.334963
-15.6996  0.330811
-15.68  0.32658
-15.6604  0.322272
-15.6408  0.31789
-15.6212  0.313436
-15.6016  0.308912
-15.582  0.304322
-15.5624  0.299669
-15.5428  0.294955
-15.5232  0.290183
-15.5036  0.285356
-15.484  0.280477
-15.4644  0.275549
-15.4448  0.270575
-15.4252  0.265559
-15.4056  0.260502
-15.386  0.25541
-15.3664  0.250284
-15.3468  0.245128
-15.3272  0.239946
-15.3076  0.23474
-15.288  0.229514
-15.2684  0.224271
-15.2488  0.219015
-15.2292  0.213748
-15.2096  0.208475
-15.19  0.203199
-15.1704  0.197923
-15.1508  0.192651
-15.1312  0.187386
-15.1116  0.182131
-15.092  0.17689
-15.0724  0.171667
-15.0528  0.166464
-15.0332  0.161285
-15.0136  0.156135
-14.994  0.151015
-14.9744  0.14593
-14.9548  0.140883
-14.9352  0.135877
-14.9156  0.130915
-14.896  0.126002
-14.8764  0.12114
-14.8568  0.116332
-14.8372  0.111582
-14.8176  0.106893
-14.798  0.102269
-14.7784  0.0977116
-14.7588  0.0932247
-14.7392  0.0888115
-14.7196  0.0844747
-14.7  0.0802176
-14.6804  0.0760429
-14.6608  0.0719536
-14.6412  0.0679525
-14.6216  0.0640423
-14.602  0.060226
-14.5824  0.056506
-14.5628  0.052885
-14.5432  0.0493656
-14.5236  0.0459501
-14.504  0.0426411
-14.4844  0.0394409
-14.4648  0.0363517
-14.4452  0.0333759
-14.4256  0.0305154
-14.406  0.0277724
-14.3864  0.0251488
-14.3668  0.0226465
-14.3472  0.0202673
-14.3276  0.0180131
-14.308  0.0158854
-14.2884  0.0138858
-14.2688  0.0120157
-14.2492  0.0102766
-14.2296  0.0086698
-14.21  0.00719646
-14.1904  0.00585773
-14.1708  0.00465461
-14.1512  0.00358803
-14.1316  0.00265885
-14.112  0.00186779
-14.0924  0.00121549
-14.0728  0.000702515
-14.0532  0.000329299
-14.0336  9.61802e-05
-14.014  3.41158e-06
-13.9944  5.11349e-05
-13.9748  0.000239396
-13.9552  0.000568132
-13.9356  0.00103718
-13.916  0.00164629
-13.8964  0.00239509
-13.8768  0.00328312
-13.8572  0.00430977
-13.8376  0.00547442
-13.818  0.00677627
-13.7984  0.00821446
-13.7788  0.00978795
-13.7592  0.0114957
-13.7396  0.0133365
-13.72  0.0153092
-13.7004  0.0174122
-13.6808  0.0196441
-13.6612  0.0220034
-13.6416  0.0244882
-13.622  0.027097
-13.6024  0.0298277
-13.5828  0.0326785
-13.5632  0.0356471
-13.5436  0.0387315
-13.524  0.0419295
-13.5044  0.0452385
-13.4848  0.0486563
-13.4652  0.0521803
-13.4456  0.0558079
-13.426  0.0595363
-13.4064  0.0633628
-13.3868  0.0672846
-13.3672  0.0712986
-13.3476  0.0754018
-13.328  0.0795913
-13.3084  0.0838637
-13.2888  0.0882158
-13.2692  0.0926444
-13.2496  0.0971459
-13.23  0.101717
-13.2104  0.106354
-13.1908  0.111054
-13.1712  0.115812
-13.1516  0.120626
-13.132  0.125491
-13.1124  0.130403
-13.0928  0.135359
-13.0732  0.140355
-13.0536  0.145387
-13.034  0.150451
-13.0144  0.155543
-12.9948  0.160659
-12.9752  0.165794
-12.9556  0.170945
-12.936  0.176107
-12.9164  0.181277
-12.8968  0.18645
-12.8772  0.191622
-12.8576  0.196788
-12.838  0.201946
-12.8184  0.207089
-12.7988  0.212214
-12.7792  0.217318
-12.7596  0.222394
-12.74  0.227441
-12.7204  0.232452
-12.7008  0.237424
-12.6812  0.242353
-12.6616  0.247234
-12.642  0.252064
-12.6224  0.256838
-12.6028  0.261553
-12.5832  0.266203
-12.5636  0.270785
-12.544  0.275296
-12.5244  0.279731
-12.5048  0.284086
-12.4852  0.288357
-12.4656  0.292541
-12.446  0.296634
-12.4264  0.300632
-12.4068  0.304531
-12.3872  0.308329
-12.3676  0.312021
-12.348  0.315604
-12.3284  0.319075
-12.3088  0.32243
-12.2892  0.325667
-12.2696  0.328782
-12.25  0.331772
-12.2304  0.334634
-12.2108  0.337366
-12.1912  0.339964
-12.1716  0.342427
-12.152  0.344751
-12.1324  0.346935
-12.1128  0.348975
-12.0932  0.35087
-12.0736  0.352617
-12.054  0.354215
-12.0344  0.355662
-12.0148  0.356955
-11.9952  0.358094
-11.9756  0.359077
-11.956  0.359902
-11.9364  0.360568
-11.9168  0.361074
-11.8972  0.36142
-11.8776  0.361603
-11.858  0.361624
-11.8384  0.361483
-11.8188  0.361177
-11.7992  0.360708
-11.7796  0.360074
-11.76  0.359277
-11.7404  0.358316
-11.7208  0.357191
-11.7012  0.355904
-11.6816  0.354453
-11.662  0.352841
-11.6424  0.351067
-11.6228  0.349134
-11.6032  0.347041
-11.5836  0.344791
-11.564  0.342385
-11.5444  0.339824
-11.5248  0.33711
-11.5052  0.334245
-11.4856  0.331232
-11.466  0.328072
-11.4464  0.324767
-11.4268  0.32132
-11.4072  0.317735
-11.3876  0.314012
-11.368  0.310157
-11.3484  0.30617
-11.3288  0.302057
-11.3092  0.297819
-11.2896  0.293461
-11.27  0.288986
-11.2504  0.284398
-11.2308  0.279701
-11.2112  0.274899
-11.1916  0.269996
-11.172  0.264996
-11.1524  0.259904
-11.1328  0.254725
-11.1132  0.249462
-11.0936  0.244121
-11.074  0.238707
-11.0544  0.233224
-11.0348  0.227678
-11.0152  0.222074
-10.9956  0.216418
-10.976  0.210714
-10.9564  0.204968
-10.9368  0.199187
-10.9172  0.193375
-10.8976  0.187539
-10.878  0.181684
-10.8584  0.175817
-10.8388  0.169943
-10.8192  0.164069
-10.7996  0.1582
-10.78  0.152343
-10.7604  0.146505
-10.7408  0.140692
-10.7212  0.134909
-10.7016  0.129165
-10.682  0.123464
-10.6624  0.117814
-10.6428  0.112221
-10.6232  0.106692
-10.6036  0.101234
-10.584  0.095853
-10.5644  0.0905557
-10.5448  0.0853489
-10.5252  0.0802393
-10.5056  0.0752335
-10.486  0.0703382
-10.4664  0.0655601
-10.4468  0.0609057
-10.4272  0.0563817
-10.4076  0.0519947
-10.388  0.0477512
-10.3684  0.0436577
-10.3488  0.0397207
-10.3292  0.0359466
-10.3096  0.0323416
-10.29  0.0289122
-10.2704  0.0256645
-10.2508  0.0226046
-10.2312  0.0197387
-10.2116  0.0170726
-10.192  0.0146124
-10.1724  0.0123638
-10.1528  0.0103324
-10.1332  0.00852386
-10.1136  0.00694368
-10.094  0.00559717
-10.0744  0.00448957
-10.0548  0.00362599
-10.0352  0.00301137
-10.0156  0.00265056
-9.996  0.00254826
-9.9764  0.00270895
-9.9568  0.00313704
-9.9372  0.00383674
-9.9176  0.00481211
-9.898  0.00606699
-9.8784  0.00760512
-9.8588  0.00943001
-9.8392  0.011545
-9.8196  0.0139533
-9.8  0.0166577
-9.7804  0.0196611
-9.7608  0.0229661
-9.7412  0.0265748
-9.7216  0.0304896
-9.702  0.0347122
-9.6824  0.0392444
-9.6628  0.0440877
-9.6432  0.0492433
-9.6236  0.0547122
-9.604  0.0604952
-9.5844  0.0665928
-9.5648  0.0730054
-9.5452  0.0797329
-9.5256  0.0867752
-9.506  0.0941319
-9.4864  0.101802
-9.4668  0.109785
-9.4472  0.11808
-9.4276  0.126684
-9.408  0.135597
-9.3884  0.144816
-9.3688  0.154339
-9.3492  0.164164
-9.3296  0.174287
-9.31  0.184707
-9.2904  0.195418
-9.2708  0.206418
-9.2512  0.217703
-9.2316  0.229269
-9.212  0.241111
-9.1924  0.253224
-9.1728  0.265605
-9.1532  0.278246
-9.1336  0.291144
-9.114  0.304292
-9.0944  0.317684
-9.0748  0.331313
-9.0552  0.345175
-9.0356  0.35926
-9.016  0.373563
-8.9964  0.388076
-8.9768  0.402791
-8.9572  0.417701
-8.9376  0.432798
-8.918  0.448072
-8.8984  0.463517
-8.8788  0.479121
-8.8592  0.494878
-8.8396  0.510777
-8.82  0.526808
-8.8004  0.542963
-8.7808  0.55923
-8.7612  0.575601
-8.7416  0.592064
-8.722  0.608609
-8.7024  0.625225
-8.6828  0.641901
-8.6632  0.658626
-8.6436  0.675389
-8.624  0.692178
-8.6044  0.708981
-8.5848  0.725787
-8.5652  0.742583
-8.5456  0.759357
-8.526  0.776098
-8.5064  0.792793
-8.4868  0.809428
-8.4672  0.825993
-8.4476  0.842473
-8.428  0.858856
-8.4084  0.875129
-8.3888  0.89128
-8.3692  0.907294
-8.3496  0.92316
-8.33  0.938863
-8.3104  0.954391
-8.2908  0.969731
-8.2712  0.984868
-8.2516  0.999791
-8.232  1.01448
-8.2124  1.02894
-8.1928  1.04314
-8.1732  1.05707
-8.1536  1.07071
-8.134  1.08407
-8.1144  1.09712
-8.0948  1.10985
-8.0752  1.12224
-8.0556  1.13429
-8.036  1.14599
-8.0164  1.15731
-7.9968  1.16825
-7.9772  1.1788
-7.9576  1.18894
-7.938  1.19866
-7.9184  1.20795
-7.8988  1.2168
-7.8792  1.2252
-7.8596  1.23314
-7.84  1.2406
-7.8204  1.24758
-7.8008  1.25407
-7.7812  1.26005
-7.7616  1.26552
-7.742  1.27047
-7.7224  1.27489
-7.7028  1.27876
-7.6832  1.28209
-7.6636  1.28487
-7.644  1.28708
-7.6244  1.28873
-7.6048  1.28979
-7.5852  1.29028
-7.5656  1.29018
-7.546  1.28949
-7.5264  1.2882
-7.5068  1.28631
-7.4872  1.28381
-7.4676  1.28071
-7.448  1.27699
-7.4284  1.27267
-7.4088  1.26773
-7.3892  1.26217
-7.3696  1.256
-7.35  1.24922
-7.3304  1.24182
-7.3108  1.2338
-7.2912  1.22518
-7.2716  1.21595
-7.252  1.20611
-7.2324  1.19568
-7.2128  1.18465
-7.1932  1.17302
-7.1736  1.16082
-7.154  1.14804
-7.1344  1.13468
-7.1148  1.12077
-7.0952  1.10631
-7.0756  1.0913
-7.056  1.07577
-7.0364  1.05971
-7.0168  1.04314
-6.9972  1.02609
-6.9776  1.00855
-6.958  0.990543
-6.9384  0.972088
-6.9188  0.9532
-6.8992  0.933895
-6.8796  0.914192
-6.86  0.894109
-6.8404  0.873667
-6.8208  0.852886
-6.8012  0.831788
-6.7816  0.810396
-6.762  0.788732
-6.7424  0.766822
-6.7228  0.744689
-6.7032  0.722361
-6.6836  0.699865
-6.664  0.677229
-6.6444  0.654482
-6.6248  0.631653
-6.6052  0.608773
-6.5856  0.585875
-6.566  0.56299
-6.5464  0.540153
-6.5268  0.517398
-6.5072  0.494761
-6.4876  0.472279
-6.468  0.449988
-6.4484  0.427927
-6.4288  0.406136
-6.4092  0.384655
-6.3896  0.363525
-6.37  0.342788
-6.3504  0.322489
-6.3308  0.302669
-6.3112  0.283376
-6.2916  0.264654
-6.272  0.246551
-6.2524  0.229115
-6.2328  0.212394
-6.2132  0.196438
-6.1936  0.181297
-6.174  0.167024
-6.1544  0.153669
-6.1348  0.141288
-6.1152  0.129934
-6.0956  0.119661
-6.076  0.110527
-6.0564  0.102587
-6.0368  0.0958988
-6.0172  0.0905216
-5.9976  0.0865141
-5.978  0.0839367
-5.9584  0.0828501
-5.9388  0.0833159
-5.9192  0.0853965
-5.8996  0.0891551
-5.88  0.0946557
-5.8604  0.101963
-5.8408  0.111142
-5.8212  0.12226
-5.8016  0.135382
-5.782  0.150576
-5.7624  0.167911
-5.7428  0.187455
-5.7232  0.209277
-5.7036  0.233447
-5.684  0.260036
-5.6644  0.289116
-5.6448  0.320756
-5.6252  0.355031
-5.6056  0.392011
-5.586  0.431771
-5.5664  0.474384
-5.5468  0.519924
-5.5272  0.568466
-5.5076  0.620083
-5.488  0.674852
-5.4684  0.732848
-5.4488  0.794146
-5.4292  0.858824
-5.4096  0.926956
-5.39  0.998621
-5.3704  1.07389
-5.3508  1.15285
-5.3312  1.23558
-5.3116  1.32214
-5.292  1.41262
-5.2724  1.5071
-5.2528  1.60565
-5.2332  1.70835
-5.2136  1.81527
-5.194  1.92651
-5.1744  2.04213
-5.1548  2.16221
-5.1352  2.28683
-5.1156  2.41606
-5.096  2.54999
-5.0764  2.68869
-5.0568  2.83223
-5.0372  2.9807
-5.0176  3.13416
-4.998  3.2927
-4.9784  3.45639
-4.9588  3.62531
-4.9392  3.79952
-4.9196  3.97911
-4.9  4.16414
-4.8804  4.3547
-4.8608  4.55085
-4.8412  4.75266
-4.8216  4.96021
-4.802  5.17357
-4.7824  5.39281
-4.7628  5.61799
-4.7432  5.84918
-4.7236  6.08646
-4.704  6.32989
-4.6844  6.57954
-4.6648  6.83547
-4.6452  7.09774
-4.6256  7.36642
-4.606  7.64157
-4.5864  7.92326
-4.5668  8.21154
-4.5472  8.50647
-4.5276  8.80812
-4.508  9.11653
-4.4884  9.43177
-4.4688  9.75389
-4.4492  10.0829
-4.4296  10.419
-4.41  10.762
-4.3904  11.1122
-4.3708  11.4695
-4.3512  11.8339
-4.3316  12.2056
-4.312  12.5846
-4.2924  12.9709
-4.2728  13.3645
-4.2532  13.7655
-4.2336  14.174
-4.214  14.5899
-4.1944  15.0134
-4.1748  15.4443
-4.1552  15.8828
-4.1356  16.329
-4.116  16.7827
-4.0964  17.2441
-4.0768  17.7132
-4.0572  18.19
-4.0376  18.6745
-4.018  19.1667
-3.9984  19.6667
-3.9788  20.1744
-3.9592  20.69
-3.9396  21.2133
-3.92  21.7444
-3.9004  22.2834
-3.8808  22.8301
-3.8612  23.3847
-3.8416  23.9471
-3.822  24.5174
-3.8024  25.0954
-3.7828  25.6812
-3.7632  26.2749
-3.7436  26.8764
-3.724  27.4856
-3.7044  28.1026
-3.6848  28.7273
-3.6652  29.3598
-3.6456  30
-3.626  30.6479
-3.6064  31.3035
-3.5868  31.9667
-3.5672  32.6375
-3.5476  33.3159
-3.528  34.0019
-3.5084  34.6953
-3.4888  35.3963
-3.4692  36.1046
-3.4496  36.8204
-3.43  37.5434
-3.4104  38.2738
-3.3908  39.0114
-3.3712  39.7563
-3.3516  40.5082
-3.332  41.2672
-3.3124  42.0333
-3.2928  42.8063
-3.2732  43.5861
-3.2536  44.3729
-3.234  45.1663
-3.2144  45.9665
-3.1948  46.7733
-3.1752  47.5866
-3.1556  48.4063
-3.136  49.2325
-3.1164  50.0649
-3.0968  50.9035
-3.0772  51.7483
-3.0576  52.5991
-3.038  53.4558
-3.0184  54.3184
-2.9988  55.1867
-2.9792  56.0607
-2.9596  56.9402
-2.94  57.8251
-2.9204  58.7154
-2.9008  59.611
-2.8812  60.5116
-2.8616  61.4173
-2.842  62.3278
-2.8224  63.2432
-2.8028  64.1631
-2.7832  65.0877
-2.7636  66.0166
-2.744  66.9499
-2.7244  67.8873
-2.7048  68.8287
-2.6852  69.7741
-2.6656  70.7232
-2.646  71.676
-2.6264  72.6322
-2.6068  73.5919
-2.5872  74.5547
-2.5676  75.5207
-2.548  76.4896
-2.5284  77.4613
-2.5088  78.4356
-2.4892  79.4125
-2.4696  80.3917
-2.45  81.3731
-2.4304  82.3565
-2.4108  83.3418
-2.3912  84.3289
-2.3716  85.3176
-2.352  86.3076
-2.3324  87.299
-2.3128  88.2914
-2.2932  89.2848
-2.2736  90.2789
-2.254  91.2736
-2.2344  92.2688
-2.2148  93.2643
-2.1952  94.2598
-2.1756  95.2553
-2.156  96.2506
-2.1364  97.2454
-2.1168  98.2397
-2.0972  99.2331
-2.0776  100.226
-2.058  101.217
-2.0384  102.207
-2.0188  103.196
-1.9992  104.183
-1.9796  105.168
-1.96  106.152
-1.9404  107.133
-1.9208  108.112
-1.9012  109.088
-1.8816  110.061
-1.862  111.032
-1.8424  112
-1.8228  112.964
-1.8032  113.925
-1.7836  114.882
-1.764  115.835
-1.7444  116.785
-1.7248  117.73
-1.7052  118.671
-1.6856  119.608
-1.666  120.54
-1.6464  121.466
-1.6268  122.388
-1.6072  123.305
-1.5876  124.216
-1.568  125.122
-1.5484  126.021
-1.5288  126.915
-1.5092  127.803
-1.4896  128.685
-1.47  129.559
-1.4504  130.428
-1.4308  131.289
-1.4112  132.144
-1.3916  132.991
-1.372  133.831
-1.3524  134.663
-1.3328  135.488
-1.3132  136.305
-1.2936  137.114
-1.274  137.914
-1.2544  138.707
-1.2348  139.49
-1.2152  140.266
-1.1956  141.032
-1.176  141.789
-1.1564  142.537
-1.1368  143.276
-1.1172  144.005
-1.0976  144.725
-1.078  145.435
-1.0584  146.135
-1.0388  146.825
-1.0192  147.505
-0.9996  148.174
-0.98  148.833
-0.9604  149.482
-0.9408  150.119
-0.9212  150.746
-0.9016  151.361
-0.882  151.966
-0.8624  152.559
-0.8428  153.14
-0.8232  153.711
-0.8036  154.269
-0.784  154.816
-0.7644  155.35
-0.7448  155.873
-0.7252  156.384
-0.7056  156.882
-0.686  157.368
-0.6664  157.842
-0.6468  158.303
-0.6272  158.751
-0.6076  159.186
-0.588  159.609
-0.5684  160.019
-0.5488  160.415
-0.5292  160.799
-0.5096  161.169
-0.49  161.526
-0.4704  161.87
-0.4508  162.2
-0.4312  162.517
-0.4116  162.82
-0.392  163.11
-0.3724  163.385
-0.3528  163.647
-0.3332  163.896
-0.3136  164.13
-0.294  164.35
-0.2744  164.557
-0.2548  164.749
-0.2352  164.927
-0.2156  165.091
-0.196  165.241
-0.1764  165.377
-0.1568  165.499
-0.1372  165.606
-0.1176  165.699
-0.098  165.778
-0.0784  165.842
-0.0588  165.893
-0.0392  165.928
-0.0196  165.95
0  165.957
0.0196  165.95
0.0392  165.928
0.0588  165.893
0.0784  165.842
0.098  165.778
0.1176  165.699
0.1372  165.606
0.1568  165.499
0.1764  165.377
0.196  165.241
0.2156  165.091
0.2352  164.927
0.2548  164.749
0.2744  164.557
0.294  164.35
0.3136  164.13
0.3332  163.896
0.3528  163.647
0.3724  163.385
0.392  163.11
0.4116  162.82
0.4312  162.517
0.4508  162.2
0.4704  161.87
0.49  161.526
0.5096  161.169
0.5292  160.799
0.5488  160.415
0.5684  160.019
0.588  159.609
0.6076  159.186
0.6272  158.751
0.6468  158.302
0.6664  157.841
0.686  157.368
0.7056  156.882
0.7252  156.384
0.7448  155.873
0.7644  155.35
0.784  154.815
0.8036  154.269
0.8232  153.71
0.8428  153.14
0.8624  152.558
0.882  151.965
0.9016  151.361
0.9212  150.745
0.9408  150.119
0.9604  149.481
0.98  148.833
0.9996  148.174
1.0192  147.504
1.0388  146.825
1.0584  146.135
1.078  145.435
1.0976  144.725
1.1172  144.005
1.1368  143.276
1.1564  142.537
1.176  141.789
1.1956  141.031
1.2152  140.265
1.2348  139.49
1.2544  138.706
1.274  137.914
1.2936  137.113
1.3132  136.304
1.3328  135.488
1.3524  134.663
1.372  133.83
1.3916  132.99
1.4112  132.143
1.4308  131.289
1.4504  130.427
1.47  129.559
1.4896  128.684
1.5092  127.803
1.5288  126.915
1.5484  126.021
1.568  125.121
1.5876  124.216
1.6072  123.304
1.6268  122.388
1.6464  121.466
1.666  120.539
1.6856  119.607
1.7052  118.671
1.7248  117.73
1.7444  116.784
1.764  115.835
1.7836  114.882
1.8032  113.924
1.8228  112.963
1.8424  111.999
1.862  111.032
1.8816  110.061
1.9012  109.087
1.9208  108.111
1.9404  107.132
1.96  106.151
1.9796  105.168
1.9992  104.183
2.0188  103.196
2.0384  102.207
2.058  101.217
2.0776  100.225
2.0972  99.2327
2.1168  98.2392
2.1364  97.245
2.156  96.2501
2.1756  95.2549
2.1952  94.2594
2.2148  93.2638
2.2344  92.2684
2.254  91.2732
2.2736  90.2785
2.2932  89.2844
2.3128  88.291
2.3324  87.2986
2.352  86.3072
2.3716  85.3172
2.3912  84.3285
2.4108  83.3415
2.4304  82.3561
2.45  81.3727
2.4696  80.3913
2.4892  79.4121
2.5088  78.4353
2.5284  77.4609
2.548  76.4892
2.5676  75.5204
2.5872  74.5544
2.6068  73.5915
2.6264  72.6319
2.646  71.6756
2.6656  70.7229
2.6852  69.7738
2.7048  68.8284
2.7244  67.887
2.744  66.9496
2.7636  66.0163
2.7832  65.0874
2.8028  64.1629
2.8224  63.2429
2.842  62.3276
2.8616  61.417
2.8812  60.5114
2.9008  59.6107
2.9204  58.7152
2.94  57.8249
2.9596  56.9399
2.9792  56.0604
2.9988  55.1865
3.0184  54.3182
3.038  53.4556
3.0576  52.5989
3.0772  51.7481
3.0968  50.9033
3.1164  50.0647
3.136  49.2323
3.1556  48.4062
3.1752  47.5864
3.1948  46.7731
3.2144  45.9663
3.234  45.1662
3.2536  44.3727
3.2732  43.586
3.2928  42.8061
3.3124  42.0331
3.332  41.2671
3.3516  40.5081
3.3712  39.7562
3.3908  39.0114
3.4104  38.2737
3.43  37.5434
3.4496  36.8203
3.4692  36.1046
3.4888  35.3962
3.5084  34.6953
3.528  34.0019
3.5476  33.3159
3.5672  32.6375
3.5868  31.9667
3.6064  31.3035
3.626  30.6479
3.6456  30
3.6652  29.3598
3.6848  28.7274
3.7044  28.1026
3.724  27.4856
3.7436  26.8764
3.7632  26.2749
3.7828  25.6813
3.8024  25.0954
3.822  24.5174
3.8416  23.9472
3.8612  23.3848
3.8808  22.8302
3.9004  22.2835
3.92  21.7445
3.9396  21.2134
3.9592  20.6901
3.9788  20.1745
3.9984  19.6668
4.018  19.1668
4.0376  18.6746
4.0572  18.1901
4.0768  17.7133
4.0964  17.2442
4.116  16.7828
4.1356  16.3291
4.1552  15.883
4.1748  15.4444
4.1944  15.0135
4.214  14.5901
4.2336  14.1741
4.2532  13.7657
4.2728  13.3647
4.2924  12.971
4.312  12.5848
4.3316  12.2058
4.3512  11.8341
4.3708  11.4696
4.3904  11.1124
4.41  10.7622
4.4296  10.4191
4.4492  10.0831
4.4688  9.75405
4.4884  9.43194
4.508  9.11671
4.5276  8.80829
4.5472  8.50665
4.5668  8.21172
4.5864  7.92344
4.606  7.64175
4.6256  7.3666
4.6452  7.09792
4.6648  6.83565
4.6844  6.57972
4.704  6.33008
4.7236  6.08665
4.7432  5.84937
4.7628  5.61817
4.7824  5.39299
4.802  5.17376
4.8216  4.9604
4.8412  4.75285
4.8608  4.55103
4.8804  4.35488
4.9  4.16433
4.9196  3.97929
4.9392  3.7997
4.9588  3.62548
4.9784  3.45657
4.998  3.29288
5.0176  3.13434
5.0372  2.98087
5.0568  2.8324
5.0764  2.68886
5.096  2.55016
5.1156  2.41623
5.1352  2.28699
5.1548  2.16237
5.1744  2.04229
5.194  1.92667
5.2136  1.81543
5.2332  1.7085
5.2528  1.60579
5.2724  1.50724
5.292  1.41276
5.3116  1.32228
5.3312  1.23571
5.3508  1.15299
5.3704  1.07402
5.39  0.998747
5.4096  0.927079
5.4292  0.858943
5.4488  0.794262
5.4684  0.73296
5.488  0.67496
5.5076  0.620187
5.5272  0.568566
5.5468  0.520021
5.5664  0.474477
5.586  0.43186
5.6056  0.392095
5.6252  0.35511
5.6448  0.320832
5.6644  0.289186
5.684  0.260103
5.7036  0.233509
5.7232  0.209334
5.7428  0.187507
5.7624  0.167959
5.782  0.150619
5.8016  0.13542
5.8212  0.122293
5.8408  0.111171
5.8604  0.101987
5.88  0.0946743
5.8996  0.0891688
5.9192  0.0854051
5.9388  0.0833194
5.9584  0.0828486
5.978  0.0839301
5.9976  0.0865024
6.0172  0.0905047
6.0368  0.0958767
6.0564  0.102559
6.076  0.110494
6.0956  0.119624
6.1152  0.129891
6.1348  0.14124
6.1544  0.153616
6.174  0.166965
6.1936  0.181233
6.2132  0.196369
6.2328  0.21232
6.2524  0.229036
6.272  0.246467
6.2916  0.264565
6.3112  0.283281
6.3308  0.302569
6.3504  0.322383
6.37  0.342678
6.3896  0.36341
6.4092  0.384535
6.4288  0.406011
6.4484  0.427797
6.468  0.449852
6.4876  0.472138
6.5072  0.494616
6.5268  0.517248
6.5464  0.539998
6.566  0.56283
6.5856  0.58571
6.6052  0.608604
6.6248  0.631479
6.6444  0.654304
6.664  0.677047
6.6836  0.699678
6.7032  0.72217
6.7228  0.744493
6.7424  0.766622
6.762  0.788528
6.7816  0.810187
6.8012  0.831576
6.8208  0.85267
6.8404  0.873447
6.86  0.893885
6.8796  0.913964
6.8992  0.933663
6.9188  0.952964
6.9384  0.971849
6.958  0.9903
6.9776  1.0083
6.9972  1.02584
7.0168  1.04289
7.0364  1.05945
7.056  1.07551
7.0756  1.09104
7.0952  1.10604
7.1148  1.1205
7.1344  1.13441
7.154  1.14776
7.1736  1.16054
7.1932  1.17275
7.2128  1.18436
7.2324  1.19539
7.252  1.20583
7.2716  1.21566
7.2912  1.22489
7.3108  1.23351
7.3304  1.24152
7.35  1.24892
7.3696  1.2557
7.3892  1.26187
7.4088  1.26743
7.4284  1.27237
7.448  1.27669
7.4676  1.2804
7.4872  1.28351
7.5068  1.286
7.5264  1.28789
7.546  1.28918
7.5656  1.28987
7.5852  1.28997
7.6048  1.28949
7.6244  1.28842
7.644  1.28677
7.6636  1.28456
7.6832  1.28178
7.7028  1.27845
7.7224  1.27458
7.742  1.27016
7.7616  1.26521
7.7812  1.25974
7.8008  1.25376
7.8204  1.24728
7.84  1.2403
7.8596  1.23283
7.8792  1.2249
7.8988  1.2165
7.9184  1.20765
7.938  1.19836
7.9576  1.18864
7.9772  1.1785
7.9968  1.16795
8.0164  1.15701
8.036  1.14569
8.0556  1.134
8.0752  1.12195
8.0948  1.10956
8.1144  1.09683
8.134  1.08378
8.1536  1.07043
8.1732  1.05678
8.1928  1.04285
8.2124  1.02866
8.232  1.01421
8.2516  0.999515
8.2712  0.984595
8.2908  0.96946
8.3104  0.954123
8.33  0.938598
8.3496  0.922897
8.3692  0.907034
8.3888  0.891023
8.4084  0.874875
8.428  0.858604
8.4476  0.842224
8.4672  0.825747
8.4868  0.809186
8.5064  0.792553
8.526  0.775861
8.5456  0.759124
8.5652  0.742352
8.5848  0.725559
8.6044  0.708757
8.624  0.691957
8.6436  0.675172
8.6632  0.658412
8.6828  0.64169
8.7024  0.625018
8.722  0.608405
8.7416  0.591863
8.7612  0.575404
8.7808  0.559037
8.8004  0.542773
8.82  0.526622
8.8396  0.510594
8.8592  0.494698
8.8788  0.478946
8.8984  0.463344
8.918  0.447904
8.9376  0.432633
8.9572  0.41754
8.9768  0.402634
8.9964  0.387922
9.016  0.373413
9.0356  0.359113
9.0552  0.345031
9.0748  0.331174
9.0944  0.317548
9.114  0.304159
9.1336  0.291015
9.1532  0.278121
9.1728  0.265483
9.1924  0.253106
9.212  0.240996
9.2316  0.229158
9.2512  0.217595
9.2708  0.206314
9.2904  0.195317
9.31  0.184609
9.3296  0.174194
9.3492  0.164074
9.3688  0.154252
9.3884  0.144732
9.408  0.135517
9.4276  0.126607
9.4472  0.118006
9.4668  0.109714
9.4864  0.101735
9.506  0.0940674
9.5256  0.0867138
9.5452  0.0796745
9.5648  0.07295
9.5844  0.0665404
9.604  0.0604457
9.6236  0.0546655
9.6432  0.0491995
9.6628  0.0440466
9.6824  0.0392061
9.702  0.0346766
9.7216  0.0304566
9.7412  0.0265444
9.7608  0.0229382
9.7804  0.0196357
9.8  0.0166347
9.8196  0.0139327
9.8392  0.0115267
9.8588  0.00941397
9.8784  0.00759129
9.898  0.00605531
9.9176  0.00480253
9.9372  0.0038292
9.9568  0.00313149
9.9764  0.00270532
9.996  0.0025465
10.0156  0.00265061
10.0352  0.00301317
10.0548  0.00362948
10.0744  0.0044947
10.094  0.00560388
10.1136  0.0069519
10.1332  0.00853354
10.1528  0.0103435
10.1724  0.0123762
10.192  0.0146261
10.2116  0.0170875
10.2312  0.0197548
10.2508  0.0226218
10.2704  0.0256827
10.29  0.0289314
10.3096  0.0323617
10.3292  0.0359676
10.3488  0.0397425
10.3684  0.0436802
10.388  0.0477744
10.4076  0.0520186
10.4272  0.0564061
10.4468  0.0609306
10.4664  0.0655855
10.486  0.070364
10.5056  0.0752596
10.5252  0.0802657
10.5448  0.0853756
10.5644  0.0905825
10.584  0.09588
10.6036  0.101261
10.6232  0.106719
10.6428  0.112248
10.6624  0.117841
10.682  0.123491
10.7016  0.129191
10.7212  0.134936
10.7408  0.140718
10.7604  0.146531
10.78  0.152369
10.7996  0.158225
10.8192  0.164093
10.8388  0.169967
10.8584  0.17584
10.878  0.181707
10.8976  0.187561
10.9172  0.193397
10.9368  0.199208
10.9564  0.204989
10.976  0.210733
10.9956  0.216436
11.0152  0.222092
11.0348  0.227695
11.0544  0.23324
11.074  0.238722
11.0936  0.244135
11.1132  0.249475
11.1328  0.254737
11.1524  0.259915
11.172  0.265006
11.1916  0.270005
11.2112  0.274907
11.2308  0.279708
11.2504  0.284404
11.27  0.288991
11.2896  0.293464
11.3092  0.297821
11.3288  0.302057
11.3484  0.30617
11.368  0.310155
11.3876  0.314009
11.4072  0.31773
11.4268  0.321315
11.4464  0.32476
11.466  0.328063
11.4856  0.331222
11.5052  0.334234
11.5248  0.337098
11.5444  0.33981
11.564  0.34237
11.5836  0.344775
11.6032  0.347023
11.6228  0.349115
11.6424  0.351047
11.662  0.352819
11.6816  0.35443
11.7012  0.355879
11.7208  0.357166
11.7404  0.358289
11.76  0.359249
11.7796  0.360045
11.7992  0.360677
11.8188  0.361145
11.8384  0.361449
11.858  0.36159
11.8776  0.361567
11.8972  0.361383
11.9168  0.361036
11.9364  0.360529
11.956  0.359861
11.9756  0.359035
11.9952  0.358051
12.0148  0.356911
12.0344  0.355617
12.054  0.354169
12.0736  0.35257
12.0932  0.350822
12.1128  0.348926
12.1324  0.346885
12.152  0.344701
12.1716  0.342375
12.1912  0.339912
12.2108  0.337312
12.2304  0.33458
12.25  0.331717
12.2696  0.328726
12.2892  0.32561
12.3088  0.322373
12.3284  0.319017
12.348  0.315545
12.3676  0.311962
12.3872  0.308269
12.4068  0.304471
12.4264  0.300571
12.446  0.296573
12.4656  0.292479
12.4852  0.288295
12.5048  0.284023
12.5244  0.279668
12.544  0.275233
12.5636  0.270722
12.5832  0.266139
12.6028  0.261489
12.6224  0.256775
12.642  0.252
12.6616  0.24717
12.6812  0.242289
12.7008  0.23736
12.7204  0.232388
12.74  0.227377
12.7596  0.222331
12.7792  0.217254
12.7988  0.212151
12.8184  0.207026
12.838  0.201882
12.8576  0.196726
12.8772  0.191559
12.8968  0.186388
12.9164  0.181215
12.936  0.176046
12.9556  0.170884
12.9752  0.165733
12.9948  0.160598
13.0144  0.155483
13.034  0.150392
13.0536  0.145329
13.0732  0.140298
13.0928  0.135302
13.1124  0.130347
13.132  0.125435
13.1516  0.120571
13.1712  0.115758
13.1908  0.111
13.2104  0.106302
13.23  0.101665
13.2496  0.0970953
13.2692  0.0925947
13.2888  0.0881671
13.3084  0.0838159
13.328  0.0795445
13.3476  0.0753561
13.3672  0.0712538
13.3868  0.0672409
13.4064  0.0633203
13.426  0.0594949
13.4456  0.0557676
13.4652  0.0521412
13.4848  0.0486184
13.5044  0.0452019
13.524  0.041894
13.5436  0.0386973
13.5632  0.0356142
13.5828  0.0326468
13.6024  0.0297974
13.622  0.027068
13.6416  0.0244606
13.6612  0.0219771
13.6808  0.0196192
13.7004  0.0173887
13.72  0.0152871
13.7396  0.0133158
13.7592  0.0114764
13.7788  0.00977013
13.7984  0.00819809
13.818  0.00676138
13.8376  0.005461
13.8572  0.00429784
13.8768  0.00327269
13.8964  0.00238617
13.916  0.00163888
13.9356  0.0010313
13.9552  0.000563776
13.9748  0.000236578
13.9944  4.98601e-05
14.014  3.68605e-06
14.0336  9.8009e-05
14.0532  0.000332687
14.0728  0.000707466
14.0924  0.00122201
14.112  0.00187588
14.1316  0.00266851
14.1512  0.00359927
14.1708  0.00466742
14.1904  0.00587212
14.21  0.00721243
14.2296  0.00868734
14.2492  0.0102957
14.2688  0.0120364
14.2884  0.013908
14.308  0.0159093
14.3276  0.0180385
14.3472  0.0202943
14.3668  0.022675
14.3864  0.0251789
14.406  0.027804
14.4256  0.0305487
14.4452  0.0334107
14.4648  0.0363881
14.4844  0.0394788
14.504  0.0426806
14.5236  0.0459911
14.5432  0.0494081
14.5628  0.052929
14.5824  0.0565515
14.602  0.060273
14.6216  0.0640909
14.6412  0.0680026
14.6608  0.0720051
14.6804  0.0760959
14.7  0.0802721
14.7196  0.0845307
14.7392  0.0888689
14.7588  0.0932836
14.7784  0.097772
14.798  0.102331
14.8176  0.106957
14.8372  0.111647
14.8568  0.116398
14.8764  0.121207
14.896  0.126071
14.9156  0.130986
14.9352  0.135949
14.9548  0.140956
14.9744  0.146004
14.994  0.151091
15.0136  0.156212
15.0332  0.161364
15.0528  0.166544
15.0724  0.171748
15.092  0.176972
15.1116  0.182215
15.1312  0.187471
15.1508  0.192738
15.1704  0.198011
15.19  0.203288
15.2096  0.208566
15.2292  0.21384
15.2488  0.219107
15.2684  0.224365
15.288  0.229609
15.3076  0.234836
15.3272  0.240044
15.3468  0.245227
15.3664  0.250384
15.386  0.255511
15.4056  0.260605
15.4252  0.265663
15.4448  0.27068
15.4644  0.275655
15.484  0.280584
15.5036  0.285464
15.5232  0.290293
15.5428  0.295066
15.5624  0.299781
15.582  0.304436
15.6016  0.309027
15.6212  0.313551
15.6408  0.318007
15.6604  0.322391
15.68  0.3267
15.6996  0.330932
15.7192  0.335084
15.7388  0.339155
15.7584  0.343141
15.778  0.34704
15.7976  0.350851
15.8172  0.35457
15.8368  0.358195
15.8564  0.361725
15.876  0.365158
15.8956  0.368491
15.9152  0.371723
15.9348  0.374852
15.9544  0.377876
15.974  0.380793
15.9936  0.383602
16.0132  0.386302
16.0328  0.38889
16.0524  0.391367
16.072  0.393729
16.0916  0.395977
16.1112  0.398108
16.1308  0.400123
16.1504  0.402019
16.17  0.403796
16.1896  0.405454
16.2092  0.406991
16.2288  0.408407
16.2484  0.409701
16.268  0.410873
16.2876  0.411922
16.3072  0.412848
16.3268  0.41365
16.3464  0.414329
16.366  0.414885
16.3856  0.415317
16.4052  0.415624
16.4248  0.415809
16.4444  0.41587
16.464  0.415808
16.4836  0.415623
16.5032  0.415316
16.5228  0.414887
16.5424  0.414337
16.562  0.413666
16.5816  0.412876
16.6012  0.411966
16.6208  0.410938
16.6404  0.409792
16.66  0.40853
16.6796  0.407153
16.6992  0.405662
16.7188  0.404057
16.7384  0.402341
16.758  0.400515
16.7776  0.398579
16.7972  0.396536
16.8168  0.394387
16.8364  0.392133
16.856  0.389776
16.8756  0.387319
16.8952  0.384761
16.9148  0.382106
16.9344  0.379355
16.954  0.37651
16.9736  0.373573
16.9932  0.370545
17.0128  0.36743
17.0324  0.364229
17.052  0.360943
17.0716  0.357576
17.0912  0.354129
17.1108  0.350606
17.1304  0.347006
17.15  0.343334
17.1696  0.339592
17.1892  0.335781
17.2088  0.331905
17.2284  0.327966
17.248  0.323965
17.2676  0.319906
17.2872  0.315792
17.3068  0.311623
17.3264  0.307404
17.346  0.303137
17.3656  0.298824
17.3852  0.294467
17.4048  0.29007
17.4244  0.285635
17.444  0.281164
17.4636  0.276661
17.4832  0.272127
17.5028  0.267566
17.5224  0.262979
17.542  0.258371
17.5616  0.253742
17.5812  0.249096
17.6008  0.244436
17.6204  0.239764
17.64  0.235082
17.6596  0.230393
17.6792  0.2257
17.6988  0.221006
17.7184  0.216312
17.738  0.211621
17.7576  0.206936
17.7772  0.20226
17.7968  0.197594
17.8164  0.192941
17.836  0.188304
17.8556  0.183684
17.8752  0.179085
17.8948  0.174508
17.9144  0.169957
17.934  0.165432
17.9536  0.160937
17.9732  0.156473
17.9928  0.152043
18.0124  0.147648
18.032  0.143292
18.0516  0.138975
18.0712  0.1347
18.0908  0.130469
18.1104  0.126284
18.13  0.122146
18.1496  0.118058
18.1692  0.11402
18.1888  0.110036
18.2084  0.106107
18.228  0.102234
18.2476  0.0984179
18.2672  0.0946618
18.2868  0.0909665
18.3064  0.0873335
18.326  0.083764
18.3456  0.0802597
18.3652  0.0768215
18.3848  0.0734509
18.4044  0.0701489
18.424  0.0669167
18.4436  0.0637553
18.4632  0.0606657
18.4828  0.0576489
18.5024  0.0547059
18.522  0.0518373
18.5416  0.0490439
18.5612  0.0463267
18.5808  0.0436861
18.6004  0.0411227
18.62  0.0386373
18.6396  0.0362301
18.6592  0.0339018
18.6788  0.0316526
18.6984  0.0294829
18.718  0.027393
18.7376  0.0253831
18.7572  0.0234533
18.7768  0.0216038
18.7964  0.0198345
18.816  0.0181456
18.8356  0.0165368
18.8552  0.0150082
18.8748  0.0135595
18.8944  0.0121906
18.914  0.0109011
18.9336  0.00969064
18.9532  0.008559
18.9728  0.00750563
18.9924  0.00653012
19.012  0.00563187
19.0316  0.00481035
19.0512  0.00406495
19.0708  0.00339495
19.0904  0.00279962
19.11  0.00227825
19.1296  0.00182998
19.1492  0.00145397
19.1688  0.00114932
19.1884  0.0009151
19.208  0.00075031
19.2276  0.000653942
19.2472  0.000624916
19.2668  0.000662138
19.2864  0.000764488
19.306  0.000930765
19.3256  0.00115978
19.3452  0.00145029
19.3648  0.001801
19.3844  0.00221062
19.404  0.00267781
19.4236  0.00320121
19.4432  0.0037794
19.4628  0.00441099
19.4824  0.00509451
19.502  0.00582849
19.5216  0.00661145
19.5412  0.00744186
19.5608  0.00831818
19.5804  0.00923884
19.6  0.0102023
19.6196  0.0112069
19.6392  0.0122512
19.6588  0.0133334
19.6784  0.0144519
19.698  0.015605
19.7176  0.0167912
19.7372  0.0180087
19.7568  0.019256
19.7764  0.0205312
19.796  0.0218326
19.8156  0.0231588
19.8352  0.0245078
19.8548  0.025878
19.8744  0.0272678
19.894  0.0286754
19.9136  0.0300992
19.9332  0.0315373
19.9528  0.0329884
19.9724  0.0344504
19.992  0.0359218
20.0116  0.0374011
20.0312  0.0388864
20.0508  0.0403762
20.0704  0.0418688
20.09  0.0433626
20.1096  0.044856
20.1292  0.0463475
20.1488  0.0478354
20.1684  0.0493181
20.188  0.0507943
20.2076  0.0522623
20.2272  0.0537206
20.2468  0.0551679
20.2664  0.0566025
20.286  0.0580232
20.3056  0.0594285
20.3252  0.0608169
20.3448  0.0621873
20.3644  0.0635382
20.384  0.0648684
20.4036  0.0661765
20.4232  0.0674614
20.4428  0.0687219
20.4624  0.0699567
20.482  0.0711647
20.5016  0.0723449
20.5212  0.073496
20.5408  0.0746173
20.5604  0.0757075
20.58  0.0767657
20.5996  0.077791
20.6192  0.0787825
20.6388  0.0797394
20.6584  0.0806606
20.678  0.0815456
20.6976  0.0823935
20.7172  0.0832036
20.7368  0.0839753
20.7564  0.084708
20.776  0.085401
20.7956  0.0860537
20.8152  0.0866656
20.8348  0.0872364
20.8544  0.0877655
20.874  0.0882524
20.8936  0.0886971
20.9132  0.0890989
20.9328  0.0894578
20.9524  0.0897733
20.972  0.0900454
20.9916  0.090274
21.0112  0.0904587
21.0308  0.0905997
21.0504  0.0906971
21.07  0.0907504
21.0896  0.09076
21.1092  0.090726
21.1288  0.0906483
21.1484  0.0905272
21.168  0.090363
21.1876  0.0901557
21.2072  0.0899058
21.2268  0.0896136
21.2464  0.0892794
21.266  0.0889034
21.2856  0.0884862
21.3052  0.0880284
21.3248  0.0875302
21.3444  0.0869923
21.364  0.0864153
21.3836  0.0857998
21.4032  0.0851462
21.4228  0.0844554
21.4424  0.0837281
21.462  0.0829649
21.4816  0.0821666
21.5012  0.0813339
21.5208  0.0804679
21.5404  0.0795691
21.56  0.0786385
21.5796  0.0776771
21.5992  0.0766857
21.6188  0.0756653
21.6384  0.0746168
21.658  0.0735412
21.6776  0.0724396
21.6972  0.0713129
21.7168  0.0701624
21.7364  0.0689889
21.756  0.0677937
21.7756  0.0665777
21.7952  0.0653423
21.8148  0.0640884
21.8344  0.0628173
21.854  0.0615301
21.8736  0.0602281
21.8932  0.0589123
21.9128  0.0575842
21.9324  0.0562448
21.952  0.0548952
21.9716  0.053537
21.9912  0.0521711
22.0108  0.0507991
22.0304  0.049422
22.05  0.048041
22.0696  0.0466576
22.0892  0.045273
22.1088  0.0438884
22.1284  0.0425049
22.148  0.0411242
22.1676  0.0397472
22.1872  0.0383752
22.2068  0.0370096
22.2264  0.0356516
22.246  0.0343024
22.2656  0.0329633
22.2852  0.0316354
22.3048  0.0303201
22.3244  0.0290185
22.344  0.0277319
22.3636  0.0264614
22.3832  0.0252082
22.4028  0.0239734
22.4224  0.0227583
22.442  0.0215639
22.4616  0.0203914
22.4812  0.0192419
22.5008  0.0181165
22.5204  0.0170162
22.54  0.0159422
22.5596  0.0148953
22.5792  0.0138767
22.5988  0.0128873
22.6184  0.0119281
22.638  0.011
22.6576  0.0101039
22.6772  0.00924087
22.6968  0.00841161
22.7164  0.00761704
22.736  0.00685797
22.7556  0.00613516
22.7752  0.00544942
22.7948  0.00480145
22.8144  0.004192
22.834  0.00362173
22.8536  0.00309131
22.8732  0.00260135
22.8928  0.00215246
22.9124  0.00174517
22.932  0.00138006
22.9516  0.0010576
22.9712  0.000778262
22.9908  0.000542498
23.0104  0.000350715
23.03  0.000203274
23.0496  0.000100523
23.0692  4.27712e-05
23.0888  3.02944e-05
23.1084  6.33349e-05
23.128  0.000142099
23.1476  0.000266772
23.1672  0.000437482
23.1868  0.000654344
23.2064  0.000917433
23.226  0.0012268
23.2456  0.00158244
23.2652  0.00198431
23.2848  0.00243239
23.3044  0.00292656
23.324  0.0034667
23.3436  0.00405264
23.3632  0.00468421
23.3828  0.00536115
23.4024  0.00608322
23.422  0.00685014
23.4416  0.00766156
23.4612  0.00851716
23.4808  0.00941648
23.5004  0.0103592
23.52  0.0113448
23.5396  0.0123728
23.5592  0.0134426
23.5788  0.0145539
23.5984  0.0157059
23.618  0.0168981
23.6376  0.0181299
23.6572  0.0194006
23.6768  0.0207094
23.6964  0.0220558
23.716  0.0234389
23.7356  0.0248579
23.7552  0.0263122
23.7748  0.0278008
23.7944  0.029323
23.814  0.0308778
23.8336  0.0324644
23.8532  0.0340818
23.8728  0.0357292
23.8924  0.0374055
23.912  0.0391098
23.9316  0.0408411
23.9512  0.0425984
23.9708  0.0443806
23.9904  0.0461867
24.01  0.0480156
24.0296  0.0498663
24.0492  0.0517376
24.0688  0.0536283
24.0884  0.0555375
24.108  0.057464
24.1276  0.0594064
24.1472  0.0613639
24.1668  0.063335
24.1864  0.0653188
24.206  0.0673138
24.2256  0.069319
24.2452  0.0713333
24.2648  0.0733551
24.2844  0.0753835
24.304  0.0774172
24.3236  0.0794547
24.3432  0.0814952
24.3628  0.0835373
24.3824  0.0855796
24.402  0.087621
24.4216  0.0896603
24.4412  0.0916961
24.4608  0.0937272
24.4804  0.0957526
24.5  0.0977707
24.5196  0.0997806
24.5392  0.101781
24.5588  0.10377
24.5784  0.105748
24.598  0.107712
24.6176  0.109662
24.6372  0.111596
24.6568  0.113514
24.6764  0.115414
24.696  0.117294
24.7156  0.119155
24.7352  0.120994
24.7548  0.12281
24.7744  0.124604
24.794  0.126372
24.8136  0.128115
24.8332  0.129831
24.8528  0.131519
24.8724  0.133179
24.892  0.134808
24.9116  0.136407
24.9312  0.137974
24.9508  0.139509
24.9704  0.14101
24.99  0.142476
25.0096  0.143908
25.0292  0.145303
25.0488  0.14666
25.0684  0.147981
25.088  0.149262
25.1076  0.150504
25.1272  0.151707
25.1468  0.152868
25.1664  0.153988
25.186  0.155066
25.2056  0.156101
25.2252  0.157092
25.2448  0.15804
25.2644  0.158944
25.284  0.159802
25.3036  0.160615
25.3232  0.161382
25.3428  0.162103
25.3624  0.162777
25.382  0.163405
25.4016  0.163984
25.4212  0.164517
25.4408  0.165
25.4604  0.165436
25.48  0.165824
25.4996  0.166162
25.5192  0.166452
25.5388  0.166693
25.5584  0.166885
25.578  0.167028
25.5976  0.167122
25.6172  0.167167
25.6368  0.167163
25.6564  0.167109
25.676  0.167007
25.6956  0.166856
25.7152  0.166656
25.7348  0.166408
25.7544  0.166111
25.774  0.165766
25.7936  0.165374
25.8132  0.164934
25.8328  0.164447
25.8524  0.163913
25.872  0.163332
25.8916  0.162706
25.9112  0.162033
25.9308  0.161316
25.9504  0.160554
25.97  0.159748
25.9896  0.158898
26.0092  0.158005
26.0288  0.15707
26.0484  0.156092
26.068  0.155074
26.0876  0.154015
26.1072  0.152916
26.1268  0.151778
26.1464  0.150601
26.166  0.149387
26.1856  0.148136
26.2052  0.146848
26.2248  0.145526
26.2444  0.144168
26.264  0.142778
26.2836  0.141354
26.3032  0.139898
26.3228  0.138412
26.3424  0.136895
26.362  0.135349
26.3816  0.133775
26.4012  0.132174
26.4208  0.130546
26.4404  0.128894
26.46  0.127217
26.4796  0.125516
26.4992  0.123794
26.5188  0.12205
26.5384  0.120286
26.558  0.118503
26.5776  0.116702
26.5972  0.114884
26.6168  0.11305
26.6364  0.111201
26.656  0.109338
26.6756  0.107463
26.6952  0.105576
26.7148  0.103679
26.7344  0.101772
26.754  0.099857
26.7736  0.0979347
26.7932  0.0960064
26.8128  0.094073
26.8324  0.0921359
26.852  0.0901959
26.8716  0.0882543
26.8912  0.0863119
26.9108  0.0843701
26.9304  0.0824298
26.95  0.0804922
26.9696  0.0785582
26.9892  0.076629
27.0088  0.0747055
27.0284  0.072789
27.048  0.0708803
27.0676  0.0689806
27.0872  0.0670908
27.1068  0.0652118
27.1264  0.0633448
27.146  0.0614908
27.1656  0.0596506
27.1852  0.0578251
27.2048  0.0560155
27.2244  0.0542226
27.244  0.0524473
27.2636  0.0506905
27.2832  0.0489531
27.3028  0.0472359
27.3224  0.0455398
27.342  0.0438657
27.3616  0.0422143
27.3812  0.0405864
27.4008  0.0389828
27.4204  0.0374043
27.44  0.0358515
27.4596  0.0343252
27.4792  0.0328261
27.4988  0.031355
27.5184  0.0299123
27.538  0.0284987
27.5576  0.0271149
27.5772  0.0257615
27.5968  0.0244389
27.6164  0.0231477
27.636  0.0218885
27.6556  0.0206618
27.6752  0.0194679
27.6948  0.0183074
27.7144  0.0171807
27.734  0.0160881
27.7536  0.01503
27.7732  0.0140069
27.7928  0.0130189
27.8124  0.0120664
27.832  0.0111498
27.8516  0.0102691
27.8712  0.00942462
27.8908  0.0086166
27.9104  0.00784518
27.93  0.00711051
27.9496  0.0064127
27.9692  0.00575188
27.9888  0.00512807
28.0084  0.00454132
28.028  0.00399172
28.0476  0.00347917
28.0672  0.00300372
28.0868  0.00256525
28.1064  0.00216372
28.126  0.00179901
28.1456  0.00147102
28.1652  0.00117957
28.1848  0.000924497
28.2044  0.000705594
28.224  0.000522656
28.2436  0.000375417
28.2632  0.000263624
28.2828  0.000186989
28.3024  0.00014519
28.322  0.000137901
28.3416  0.000164756
28.3612  0.000225387
28.3808  0.000319399
28.4004  0.000446358
28.42  0.000605839
28.4396  0.000797384
28.4592  0.00102051
28.4788  0.00127473
28.4984  0.00155951
28.518  0.00187434
28.5376  0.00221865
28.5572  0.00259188
28.5768  0.00299345
28.5964  0.00342277
28.616  0.00387922
28.6356  0.00436212
28.6552  0.0048709
28.6748  0.00540484
28.6944  0.0059633
28.714  0.00654557
28.7336  0.00715098
28.7532  0.00777881
28.7728  0.00842832
28.7924  0.00909877
28.812  0.00978944
28.8316  0.0104995
28.8512  0.0112284
28.8708  0.0119751
28.8904  0.012739
28.91  0.0135192
28.9296  0.014315
28.9492  0.0151255
28.9688  0.0159501
28.9884  0.0167877
29.008  0.0176377
29.0276  0.0184991
29.0472  0.0193713
29.0668  0.0202533
29.0864  0.0211443
29.106  0.0220435
29.1256  0.0229501
29.1452  0.0238632
29.1648  0.024782
29.1844  0.0257057
29.204  0.0266334
29.2236  0.0275644
29.2432  0.0284977
29.2628  0.0294326
29.2824  0.0303683
29.302  0.0313039
29.3216  0.0322386
29.3412  0.0331716
29.3608  0.0341022
29.3804  0.0350295
29.4  0.0359528
