-44.1  0.00814362
-44.0706  0.00856285
-44.0412  0.00899983
-44.0118  0.0094528
-43.9824  0.00992008
-43.953  0.0103997
-43.9236  0.0108897
-43.8942  0.0113881
-43.8648  0.0118928
-43.8354  0.0124018
-43.806  0.0129129
-43.7766  0.013424
-43.7472  0.013933
-43.7178  0.0144376
-43.6884  0.0149359
-43.659  0.0154256
-43.6296  0.0159047
-43.6002  0.0163713
-43.5708  0.0168234
-43.5414  0.0172591
-43.512  0.0176766
-43.4826  0.0180742
-43.4532  0.0184502
-43.4238  0.0188033
-43.3944  0.0191319
-43.365  0.0194348
-43.3356  0.0197108
-43.3062  0.019959
-43.2768  0.0201784
-43.2474  0.0203683
-43.218  0.0205281
-43.1886  0.0206573
-43.1592  0.0207557
-43.1298  0.0208231
-43.1004  0.0208595
-43.071  0.020865
-43.0416  0.02084
-43.0122  0.020785
-42.9828  0.0207004
-42.9534  0.0205872
-42.924  0.0204461
-42.8946  0.0202781
-42.8652  0.0200845
-42.8358  0.0198665
-42.8064  0.0196254
-42.777  0.0193629
-42.7476  0.0190804
-42.7182  0.0187796
-42.6888  0.0184623
-42.6594  0.0181304
-42.63  0.0177858
-42.6006  0.0174303
-42.5712  0.0170661
-42.5418  0.0166952
-42.5124  0.0163195
-42.483  0.0159413
-42.4536  0.0155624
-42.4242  0.0151851
-42.3948  0.0148113
-42.3654  0.014443
-42.336  0.0140823
-42.3066  0.0137309
-42.2772  0.0133908
-42.2478  0.0130637
-42.2184  0.0127513
-42.189  0.0124552
-42.1596  0.012177
-42.1302  0.011918
-42.1008  0.0116794
-42.0714  0.0114626
-42.042  0.0112684
-42.0126  0.0110978
-41.9832  0.0109515
-41.9538  0.0108304
-41.9244  0.0107346
-41.895  0.0106648
-41.8656  0.0106209
-41.8362  0.0106032
-41.8068  0.0106114
-41.7774  0.0106454
-41.748  0.0107048
-41.7186  0.010789
-41.6892  0.0108974
-41.6598  0.0110291
-41.6304  0.0111834
-41.601  0.011359
-41.5716  0.0115549
-41.5422  0.0117697
-41.5128  0.0120021
-41.4834  0.0122505
-41.454  0.0125134
-41.4246  0.0127892
-41.3952  0.0130761
-41.3658  0.0133723
-41.3364  0.0136759
-41.307  0.0139852
-41.2776  0.0142982
-41.2482  0.014613
-41.2188  0.0149275
-41.1894  0.01524
-41.16  0.0155484
-41.1306  0.0158509
-41.1012  0.0161455
-41.0718  0.0164305
-41.0424  0.016704
-41.013  0.0169643
-40.9836  0.0172099
-40.9542  0.0174391
-40.9248  0.0176505
-40.8954  0.0178426
-40.866  0.0180143
-40.8366  0.0181643
-40.8072  0.0182917
-40.7778  0.0183954
-40.7484  0.0184748
-40.719  0.0185292
-40.6896  0.018558
-40.6602  0.0185609
-40.6308  0.0185377
-40.6014  0.0184883
-40.572  0.0184127
-40.5426  0.0183112
-40.5132  0.0181842
-40.4838  0.018032
-40.4544  0.0178554
-40.425  0.0176552
-40.3956  0.0174321
-40.3662  0.0171874
-40.3368  0.0169221
-40.3074  0.0166376
-40.278  0.0163351
-40.2486  0.0160163
-40.2192  0.0156827
-40.1898  0.0153361
-40.1604  0.0149781
-40.131  0.0146106
-40.1016  0.0142355
-40.0722  0.0138548
-40.0428  0.0134705
-40.0134  0.0130845
-39.984  0.0126989
-39.9546  0.0123158
-39.9252  0.0119373
-39.8958  0.0115653
-39.8664  0.011202
-39.837  0.0108492
-39.8076  0.010509
-39.7782  0.0101833
-39.7488  0.00987383
-39.7194  0.00958244
-39.69  0.00931081
-39.6606  0.00906054
-39.6312  0.0088331
-39.6018  0.00862993
-39.5724  0.00845229
-39.543  0.00830137
-39.5136  0.00817823
-39.4842  0.00808374
-39.4548  0.00801875
-39.4254  0.00798384
-39.396  0.00797954
-39.3666  0.00800623
-39.3372  0.00806414
-39.3078  0.00815328
-39.2784  0.00827366
-39.249  0.00842501
-39.2196  0.00860697
-39.1902  0.00881907
-39.1608  0.00906061
-39.1314  0.00933087
-39.102  0.00962894
-39.0726  0.00995375
-39.0432  0.0103042
-39.0138  0.0106789
-38.9844  0.0110767
-38.955  0.0114959
-38.9256  0.011935
-38.8962  0.0123925
-38.8668  0.0128665
-38.8374  0.0133552
-38.808  0.0138569
-38.7786  0.0143696
-38.7492  0.0148913
-38.7198  0.0154203
-38.6904  0.0159544
-38.661  0.0164917
-38.6316  0.0170303
-38.6022  0.0175681
-38.5728  0.0181033
-38.5434  0.0186339
-38.514  0.0191582
-38.4846  0.0196742
-38.4552  0.0201803
-38.4258  0.0206748
-38.3964  0.0211562
-38.367  0.0216229
-38.3376  0.0220736
-38.3082  0.022507
-38.2788  0.0229218
-38.2494  0.0233171
-38.22  0.023692
-38.1906  0.0240456
-38.1612  0.0243771
-38.1318  0.0246861
-38.1024  0.0249722
-38.073  0.0252351
-38.0436  0.0254746
-38.0142  0.0256908
-37.9848  0.0258838
-37.9554  0.0260539
-37.926  0.0262014
-37.8966  0.0263269
-37.8672  0.0264312
-37.8378  0.0265149
-37.8084  0.0265791
-37.779  0.0266247
-37.7496  0.0266528
-37.7202  0.0266648
-37.6908  0.026662
-37.6614  0.0266457
-37.632  0.0266174
-37.6026  0.0265788
-37.5732  0.0265315
-37.5438  0.0264771
-37.5144  0.0264173
-37.485  0.026354
-37.4556  0.0262888
-37.4262  0.0262237
-37.3968  0.0261603
-37.3674  0.0261004
-37.338  0.0260458
-37.3086  0.0259983
-37.2792  0.0259594
-37.2498  0.025931
-37.2204  0.0259144
-37.191  0.0259113
-37.1616  0.0259232
-37.1322  0.0259513
-37.1028  0.0259968
-37.0734  0.0260611
-37.044  0.0261451
-37.0146  0.0262498
-36.9852  0.0263759
-36.9558  0.0265243
-36.9264  0.0266954
-36.897  0.0268898
-36.8676  0.0271075
-36.8382  0.027349
-36.8088  0.027614
-36.7794  0.0279027
-36.75  0.0282146
-36.7206  0.0285493
-36.6912  0.0289064
-36.6618  0.029285
-36.6324  0.0296844
-36.603  0.0301037
-36.5736  0.0305417
-36.5442  0.0309972
-36.5148  0.031469
-36.4854  0.0319555
-36.456  0.0324552
-36.4266  0.0329664
-36.3972  0.0334876
-36.3678  0.0340166
-36.3384  0.0345519
-36.309  0.0350912
-36.2796  0.0356328
-36.2502  0.0361744
-36.2208  0.036714
-36.1914  0.0372495
-36.162  0.0377787
-36.1326  0.0382995
-36.1032  0.0388097
-36.0738  0.0393073
-36.0444  0.0397902
-36.015  0.0402562
-35.9856  0.0407035
-35.9562  0.0411299
-35.9268  0.0415337
-35.8974  0.041913
-35.868  0.0422662
-35.8386  0.0425915
-35.8092  0.0428875
-35.7798  0.0431526
-35.7504  0.0433858
-35.721  0.0435856
-35.6916  0.0437512
-35.6622  0.0438815
-35.6328  0.0439758
-35.6034  0.0440335
-35.574  0.0440539
-35.5446  0.044037
-35.5152  0.0439823
-35.4858  0.0438899
-35.4564  0.0437598
-35.427  0.0435925
-35.3976  0.0433881
-35.3682  0.0431474
-35.3388  0.0428709
-35.3094  0.0425596
-35.28  0.0422145
-35.2506  0.0418367
-35.2212  0.0414273
-35.1918  0.0409878
-35.1624  0.0405197
-35.133  0.0400245
-35.1036  0.0395041
-35.0742  0.03896
-35.0448  0.0383943
-35.0154  0.0378089
-34.986  0.0372058
-34.9566  0.0365871
-34.9272  0.035955
-34.8978  0.0353116
-34.8684  0.0346591
-34.839  0.0339998
-34.8096  0.0333358
-34.7802  0.0326694
-34.7508  0.0320028
-34.7214  0.0313382
-34.692  0.0306778
-34.6626  0.0300238
-34.6332  0.0293781
-34.6038  0.0287428
-34.5744  0.0281199
-34.545  0.0275112
-34.5156  0.0269187
-34.4862  0.0263438
-34.4568  0.0257883
-34.4274  0.0252536
-34.398  0.0247411
-34.3686  0.0242523
-34.3392  0.023788
-34.3098  0.0233495
-34.2804  0.0229377
-34.251  0.0225532
-34.2216  0.0221969
-34.1922  0.0218691
-34.1628  0.0215703
-34.1334  0.0213007
-34.104  0.0210605
-34.0746  0.0208497
-34.0452  0.0206681
-34.0158  0.0205154
-33.9864  0.0203914
-33.957  0.0202954
-33.9276  0.020227
-33.8982  0.0201853
-33.8688  0.0201696
-33.8394  0.020179
-33.81  0.0202124
-33.7806  0.0202688
-33.7512  0.020347
-33.7218  0.0204458
-33.6924  0.020564
-33.663  0.0207002
-33.6336  0.020853
-33.6042  0.0210211
-33.5748  0.021203
-33.5454  0.0213974
-33.516  0.0216027
-33.4866  0.0218176
-33.4572  0.0220405
-33.4278  0.0222702
-33.3984  0.0225053
-33.369  0.0227444
-33.3396  0.0229863
-33.3102  0.0232297
-33.2808  0.0234735
-33.2514  0.0237166
-33.222  0.023958
-33.1926  0.0241967
-33.1632  0.024432
-33.1338  0.024663
-33.1044  0.024889
-33.075  0.0251096
-33.0456  0.0253243
-33.0162  0.0255327
-32.9868  0.0257347
-32.9574  0.0259301
-32.928  0.0261189
-32.8986  0.0263012
-32.8692  0.0264772
-32.8398  0.0266474
-32.8104  0.0268119
-32.781  0.0269716
-32.7516  0.0271269
-32.7222  0.0272787
-32.6928  0.0274278
-32.6634  0.0275751
-32.634  0.0277217
-32.6046  0.0278686
-32.5752  0.0280172
-32.5458  0.0281684
-32.5164  0.0283238
-32.487  0.0284846
-32.4576  0.0286523
-32.4282  0.0288283
-32.3988  0.0290141
-32.3694  0.0292111
-32.34  0.0294208
-32.3106  0.0296449
-32.2812  0.0298846
-32.2518  0.0301416
-32.2224  0.0304173
-32.193  0.0307131
-32.1636  0.0310304
-32.1342  0.0313704
-32.1048  0.0317345
-32.0754  0.032124
-32.046  0.0325397
-32.0166  0.032983
-31.9872  0.0334545
-31.9578  0.0339554
-31.9284  0.0344862
-31.899  0.0350476
-31.8696  0.0356402
-31.8402  0.0362644
-31.8108  0.0369203
-31.7814  0.0376083
-31.752  0.0383284
-31.7226  0.0390803
-31.6932  0.0398639
-31.6638  0.0406788
-31.6344  0.0415245
-31.605  0.0424004
-31.5756  0.0433057
-31.5462  0.0442395
-31.5168  0.0452007
-31.4874  0.0461882
-31.458  0.0472007
-31.4286  0.0482367
-31.3992  0.0492948
-31.3698  0.0503733
-31.3404  0.0514704
-31.311  0.0525845
-31.2816  0.0537134
-31.2522  0.0548553
-31.2228  0.0560079
-31.1934  0.0571693
-31.164  0.058337
-31.1346  0.059509
-31.1052  0.0606828
-31.0758  0.0618561
-31.0464  0.0630266
-31.017  0.0641919
-30.9876  0.0653496
-30.9582  0.0664973
-30.9288  0.0676326
-30.8994  0.0687532
-30.87  0.0698568
-30.8406  0.0709411
-30.8112  0.0720039
-30.7818  0.0730431
-30.7524  0.0740566
-30.723  0.0750422
-30.6936  0.0759981
-30.6642  0.0769225
-30.6348  0.0778136
-30.6054  0.0786698
-30.576  0.0794896
-30.5466  0.0802714
-30.5172  0.0810141
-30.4878  0.0817165
-30.4584  0.0823776
-30.429  0.0829965
-30.3996  0.0835722
-30.3702  0.0841044
-30.3408  0.0845923
-30.3114  0.0850358
-30.282  0.0854347
-30.2526  0.0857886
-30.2232  0.0860978
-30.1938  0.0863626
-30.1644  0.0865831
-30.135  0.0867599
-30.1056  0.0868936
-30.0762  0.0869848
-30.0468  0.0870343
-30.0174  0.0870432
-29.988  0.0870125
-29.9586  0.0869432
-29.9292  0.0868368
-29.8998  0.0866944
-29.8704  0.0865174
-29.841  0.0863074
-29.8116  0.086066
-29.7822  0.0857946
-29.7528  0.0854949
-29.7234  0.0851687
-29.694  0.0848176
-29.6646  0.0844435
-29.6352  0.0840479
-29.6058  0.0836328
-29.5764  0.0831999
-29.547  0.0827507
-29.5176  0.0822874
-29.4882  0.0818112
-29.4588  0.0813242
-29.4294  0.0808276
-29.4  0.0803234
-29.3706  0.0798128
-29.3412  0.0792974
-29.3118  0.0787785
-29.2824  0.0782574
-29.253  0.0777356
-29.2236  0.0772138
-29.1942  0.0766934
-29.1648  0.0761753
-29.1354  0.0756602
-29.106  0.0751492
-29.0766  0.0746426
-29.0472  0.0741413
-29.0178  0.0736455
-28.9884  0.0731558
-28.959  0.0726724
-28.9296  0.0721954
-28.9002  0.0717249
-28.8708  0.0712609
-28.8414  0.0708034
-28.812  0.070352
-28.7826  0.0699065
-28.7532  0.0694665
-28.7238  0.0690317
-28.6944  0.0686013
-28.665  0.068175
-28.6356  0.0677519
-28.6062  0.0673314
-28.5768  0.0669128
-28.5474  0.0664952
-28.518  0.0660778
-28.4886  0.0656598
-28.4592  0.0652403
-28.4298  0.0648184
-28.4004  0.0643931
-28.371  0.0639636
-28.3416  0.0635292
-28.3122  0.0630887
-28.2828  0.0626415
-28.2534  0.0621868
-28.224  0.0617236
-28.1946  0.0612514
-28.1652  0.0607695
-28.1358  0.0602773
-28.1064  0.0597742
-28.077  0.0592598
-28.0476  0.0587338
-28.0182  0.0581958
-27.9888  0.0576456
-27.9594  0.0570831
-27.93  0.0565083
-27.9006  0.0559213
-27.8712  0.0553223
-27.8418  0.0547115
-27.8124  0.0540894
-27.783  0.0534565
-27.7536  0.0528133
-27.7242  0.0521607
-27.6948  0.0514995
-27.6654  0.0508306
-27.636  0.050155
-27.6066  0.0494739
-27.5772  0.0487886
-27.5478  0.0481005
-27.5184  0.0474109
-27.489  0.0467214
-27.4596  0.0460337
-27.4302  0.0453494
-27.4008  0.0446702
-27.3714  0.0439983
-27.342  0.0433352
-27.3126  0.0426831
-27.2832  0.042044
-27.2538  0.0414199
-27.2244  0.0408128
-27.195  0.0402249
-27.1656  0.0396585
-27.1362  0.0391154
-27.1068  0.038598
-27.0774  0.0381083
-27.048  0.0376485
-27.0186  0.0372207
-26.9892  0.0368269
-26.9598  0.036469
-26.9304  0.0361493
-26.901  0.0358694
-26.8716  0.0356313
-26.8422  0.0354368
-26.8128  0.0352876
-26.7834  0.0351853
-26.754  0.0351313
-26.7246  0.0351273
-26.6952  0.0351745
-26.6658  0.035274
-26.6364  0.035427
-26.607  0.0356346
-26.5776  0.0358975
-26.5482  0.0362166
-26.5188  0.0365924
-26.4894  0.0370255
-26.46  0.0375161
-26.4306  0.0380645
-26.4012  0.0386708
-26.3718  0.0393349
-26.3424  0.0400568
-26.313  0.040836
-26.2836  0.0416722
-26.2542  0.0425648
-26.2248  0.0435129
-26.1954  0.0445161
-26.166  0.0455731
-26.1366  0.046683
-26.1072  0.0478447
-26.0778  0.0490568
-26.0484  0.0503181
-26.019  0.051627
-25.9896  0.052982
-25.9602  0.0543815
-25.9308  0.0558238
-25.9014  0.057307
-25.872  0.0588295
-25.8426  0.0603893
-25.8132  0.0619844
-25.7838  0.063613
-25.7544  0.0652728
-25.725  0.0669621
-25.6956  0.0686786
-25.6662  0.0704205
-25.6368  0.0721855
-25.6074  0.0739717
-25.578  0.075777
-25.5486  0.0775994
-25.5192  0.0794371
-25.4898  0.0812879
-25.4604  0.0831499
-25.431  0.0850214
-25.4016  0.0869005
-25.3722  0.0887853
-25.3428  0.0906744
-25.3134  0.0925661
-25.284  0.0944587
-25.2546  0.0963509
-25.2252  0.0982411
-25.1958  0.100128
-25.1664  0.102011
-25.137  0.103888
-25.1076  0.105759
-25.0782  0.107621
-25.0488  0.109476
-25.0194  0.111321
-24.99  0.113156
-24.9606  0.114981
-24.9312  0.116795
-24.9018  0.118597
-24.8724  0.120387
-24.843  0.122165
-24.8136  0.12393
-24.7842  0.125683
-24.7548  0.127424
-24.7254  0.129151
-24.696  0.130866
-24.6666  0.132569
-24.6372  0.134259
-24.6078  0.135937
-24.5784  0.137603
-24.549  0.139257
-24.5196  0.1409
-24.4902  0.142532
-24.4608  0.144153
-24.4314  0.145763
-24.402  0.147363
-24.3726  0.148953
-24.3432  0.150533
-24.3138  0.152104
-24.2844  0.153665
-24.255  0.155218
-24.2256  0.156762
-24.1962  0.158296
-24.1668  0.159823
-24.1374  0.16134
-24.108  0.162849
-24.0786  0.164349
-24.0492  0.165839
-24.0198  0.167321
-23.9904  0.168792
-23.961  0.170254
-23.9316  0.171705
-23.9022  0.173145
-23.8728  0.174573
-23.8434  0.175989
-23.814  0.177391
-23.7846  0.178778
-23.7552  0.180151
-23.7258  0.181507
-23.6964  0.182845
-23.667  0.184165
-23.6376  0.185465
-23.6082  0.186742
-23.5788  0.187997
-23.5494  0.189227
-23.52  0.190431
-23.4906  0.191607
-23.4612  0.192754
-23.4318  0.193869
-23.4024  0.19495
-23.373  0.195997
-23.3436  0.197007
-23.3142  0.197977
-23.2848  0.198907
-23.2554  0.199794
-23.226  0.200636
-23.1966  0.201431
-23.1672  0.202178
-23.1378  0.202874
-23.1084  0.203518
-23.079  0.204107
-23.0496  0.20464
-23.0202  0.205114
-22.9908  0.20553
-22.9614  0.205883
-22.932  0.206174
-22.9026  0.2064
-22.8732  0.20656
-22.8438  0.206654
-22.8144  0.206678
-22.785  0.206633
-22.7556  0.206517
-22.7262  0.20633
-22.6968  0.20607
-22.6674  0.205737
-22.638  0.205331
-22.6086  0.204851
-22.5792  0.204296
-22.5498  0.203668
-22.5204  0.202965
-22.491  0.202188
-22.4616  0.201336
-22.4322  0.200412
-22.4028  0.199415
-22.3734  0.198346
-22.344  0.197205
-22.3146  0.195994
-22.2852  0.194715
-22.2558  0.193368
-22.2264  0.191955
-22.197  0.190477
-22.1676  0.188937
-22.1382  0.187335
-22.1088  0.185675
-22.0794  0.183958
-22.05  0.182186
-22.0206  0.180362
-21.9912  0.178488
-21.9618  0.176567
-21.9324  0.174601
-21.903  0.172593
-21.8736  0.170546
-21.8442  0.168463
-21.8148  0.166346
-21.7854  0.1642
-21.756  0.162025
-21.7266  0.159827
-21.6972  0.157607
-21.6678  0.155369
-21.6384  0.153117
-21.609  0.150852
-21.5796  0.14858
-21.5502  0.146301
-21.5208  0.144021
-21.4914  0.141742
-21.462  0.139466
-21.4326  0.137198
-21.4032  0.13494
-21.3738  0.132695
-21.3444  0.130467
-21.315  0.128257
-21.2856  0.12607
-21.2562  0.123907
-21.2268  0.121771
-21.1974  0.119666
-21.168  0.117593
-21.1386  0.115555
-21.1092  0.113555
-21.0798  0.111595
-21.0504  0.109677
-21.021  0.107803
-20.9916  0.105975
-20.9622  0.104196
-20.9328  0.102466
-20.9034  0.100789
-20.874  0.0991651
-20.8446  0.0975966
-20.8152  0.0960848
-20.7858  0.0946314
-20.7564  0.0932374
-20.727  0.0919044
-20.6976  0.0906334
-20.6682  0.0894256
-20.6388  0.0882822
-20.6094  0.0872039
-20.58  0.0861918
-20.5506  0.0852469
-20.5212  0.0843698
-20.4918  0.0835615
-20.4624  0.0828225
-20.433  0.0821537
-20.4036  0.0815556
-20.3742  0.0810289
-20.3448  0.0805741
-20.3154  0.0801918
-20.286  0.0798828
-20.2566  0.0796473
-20.2272  0.0794861
-20.1978  0.0793996
-20.1684  0.0793883
-20.139  0.0794531
-20.1096  0.0795942
-20.0802  0.0798123
-20.0508  0.0801079
-20.0214  0.0804819
-19.992  0.0809347
-19.9626  0.081467
-19.9332  0.0820796
-19.9038  0.0827733
-19.8744  0.0835486
-19.845  0.0844066
-19.8156  0.0853481
-19.7862  0.0863739
-19.7568  0.0874848
-19.7274  0.088682
-19.698  0.0899664
-19.6686  0.0913391
-19.6392  0.0928011
-19.6098  0.0943536
-19.5804  0.0959975
-19.551  0.0977344
-19.5216  0.099565
-19.4922  0.101491
-19.4628  0.103513
-19.4334  0.105633
-19.404  0.107851
-19.3746  0.11017
-19.3452  0.11259
-19.3158  0.115113
-19.2864  0.11774
-19.257  0.120472
-19.2276  0.12331
-19.1982  0.126256
-19.1688  0.12931
-19.1394  0.132475
-19.11  0.13575
-19.0806  0.139137
-19.0512  0.142637
-19.0218  0.146251
-18.9924  0.149979
-18.963  0.153823
-18.9336  0.157782
-18.9042  0.161858
-18.8748  0.166051
-18.8454  0.170362
-18.816  0.174789
-18.7866  0.179335
-18.7572  0.183998
-18.7278  0.188779
-18.6984  0.193677
-18.669  0.198692
-18.6396  0.203823
-18.6102  0.20907
-18.5808  0.214432
-18.5514  0.219908
-18.522  0.225497
-18.4926  0.231197
-18.4632  0.237007
-18.4338  0.242925
-18.4044  0.248951
-18.375  0.255081
-18.3456  0.261314
-18.3162  0.267647
-18.2868  0.274078
-18.2574  0.280604
-18.228  0.287224
-18.1986  0.293933
-18.1692  0.300729
-18.1398  0.307609
-18.1104  0.314569
-18.081  0.321605
-18.0516  0.328715
-18.0222  0.335895
-17.9928  0.34314
-17.9634  0.350447
-17.934  0.357812
-17.9046  0.36523
-17.8752  0.372697
-17.8458  0.380209
-17.8164  0.387761
-17.787  0.395349
-17.7576  0.402968
-17.7282  0.410613
-17.6988  0.41828
-17.6694  0.425964
-17.64  0.43366
-17.6106  0.441363
-17.5812  0.449069
-17.5518  0.456772
-17.5224  0.464467
-17.493  0.47215
-17.4636  0.479816
-17.4342  0.48746
-17.4048  0.495077
-17.3754  0.502662
-17.346  0.510211
-17.3166  0.517718
-17.2872  0.52518
-17.2578  0.532591
-17.2284  0.539948
-17.199  0.547245
-17.1696  0.554479
-17.1402  0.561644
-17.1108  0.568738
-17.0814  0.575755
-17.052  0.582693
-17.0226  0.589547
-16.9932  0.596313
-16.9638  0.602988
-16.9344  0.609568
-16.905  0.61605
-16.8756  0.622431
-16.8462  0.628707
-16.8168  0.634876
-16.7874  0.640935
-16.758  0.646881
-16.7286  0.652711
-16.6992  0.658423
-16.6698  0.664014
-16.6404  0.669483
-16.611  0.674827
-16.5816  0.680044
-16.5522  0.685133
-16.5228  0.690091
-16.4934  0.694918
-16.464  0.699611
-16.4346  0.704169
-16.4052  0.70859
-16.3758  0.712874
-16.3464  0.71702
-16.317  0.721026
-16.2876  0.724892
-16.2582  0.728616
-16.2288  0.732198
-16.1994  0.735637
-16.17  0.738933
-16.1406  0.742085
-16.1112  0.745092
-16.0818  0.747954
-16.0524  0.750671
-16.023  0.753242
-15.9936  0.755667
-15.9642  0.757946
-15.9348  0.760078
-15.9054  0.762064
-15.876  0.763903
-15.8466  0.765595
-15.8172  0.76714
-15.7878  0.768537
-15.7584  0.769788
-15.729  0.77089
-15.6996  0.771846
-15.6702  0.772655
-15.6408  0.773316
-15.6114  0.773829
-15.582  0.774196
-15.5526  0.774414
-15.5232  0.774486
-15.4938  0.774411
-15.4644  0.774188
-15.435  0.773819
-15.4056  0.773303
-15.3762  0.77264
-15.3468  0.771831
-15.3174  0.770875
-15.288  0.769774
-15.2586  0.768526
-15.2292  0.767134
-15.1998  0.765597
-15.1704  0.763916
-15.141  0.76209
-15.1116  0.760122
-15.0822  0.758011
-15.0528  0.755758
-15.0234  0.753364
-14.994  0.75083
-14.9646  0.748158
-14.9352  0.745347
-14.9058  0.742401
-14.8764  0.739319
-14.847  0.736104
-14.8176  0.732757
-14.7882  0.72928
-14.7588  0.725675
-14.7294  0.721944
-14.7  0.718089
-14.6706  0.714114
-14.6412  0.71002
-14.6118  0.70581
-14.5824  0.701488
-14.553  0.697057
-14.5236  0.69252
-14.4942  0.687881
-14.4648  0.683143
-14.4354  0.678311
-14.406  0.67339
-14.3766  0.668383
-14.3472  0.663295
-14.3178  0.658132
-14.2884  0.652899
-14.259  0.647601
-14.2296  0.642244
-14.2002  0.636833
-14.1708  0.631376
-14.1414  0.625879
-14.112  0.620347
-14.0826  0.614789
-14.0532  0.609212
-14.0238  0.603622
-13.9944  0.598028
-13.965  0.592437
-13.9356  0.586858
-13.9062  0.581298
-13.8768  0.575767
-13.8474  0.570273
-13.818  0.564826
-13.7886  0.559434
-13.7592  0.554106
-13.7298  0.548853
-13.7004  0.543685
-13.671  0.53861
-13.6416  0.53364
-13.6122  0.528784
-13.5828  0.524053
-13.5534  0.519458
-13.524  0.515009
-13.4946  0.510717
-13.4652  0.506593
-13.4358  0.502648
-13.4064  0.498894
-13.377  0.495342
-13.3476  0.492002
-13.3182  0.488886
-13.2888  0.486006
-13.2594  0.483374
-13.23  0.481
-13.2006  0.478897
-13.1712  0.477075
-13.1418  0.475547
-13.1124  0.474325
-13.083  0.473419
-13.0536  0.472841
-13.0242  0.472604
-12.9948  0.472718
-12.9654  0.473194
-12.936  0.474045
-12.9066  0.475282
-12.8772  0.476916
-12.8478  0.478958
-12.8184  0.481419
-12.789  0.484311
-12.7596  0.487644
-12.7302  0.49143
-12.7008  0.495679
-12.6714  0.500401
-12.642  0.505609
-12.6126  0.51131
-12.5832  0.517517
-12.5538  0.52424
-12.5244  0.531489
-12.495  0.539272
-12.4656  0.547602
-12.4362  0.556487
-12.4068  0.565937
-12.3774  0.575961
-12.348  0.586569
-12.3186  0.597771
-12.2892  0.609575
-12.2598  0.621991
-12.2304  0.635027
-12.201  0.648693
-12.1716  0.662997
-12.1422  0.677948
-12.1128  0.693554
-12.0834  0.709824
-12.054  0.726766
-12.0246  0.744389
-11.9952  0.762701
-11.9658  0.781709
-11.9364  0.801423
-11.907  0.821849
-11.8776  0.842996
-11.8482  0.864872
-11.8188  0.887485
-11.7894  0.910842
-11.76  0.934951
-11.7306  0.95982
-11.7012  0.985456
-11.6718  1.01187
-11.6424  1.03906
-11.613  1.06704
-11.5836  1.09583
-11.5542  1.12541
-11.5248  1.15581
-11.4954  1.18703
-11.466  1.21908
-11.4366  1.25196
-11.4072  1.28569
-11.3778  1.32026
-11.3484  1.3557
-11.319  1.39199
-11.2896  1.42916
-11.2602  1.46721
-11.2308  1.50615
-11.2014  1.54599
-11.172  1.58672
-11.1426  1.62837
-11.1132  1.67093
-11.0838  1.71442
-11.0544  1.75884
-11.025  1.80419
-10.9956  1.8505
-10.9662  1.89776
-10.9368  1.94598
-10.9074  1.99518
-10.878  2.04534
-10.8486  2.0965
-10.8192  2.14864
-10.7898  2.20178
-10.7604  2.25593
-10.731  2.31108
-10.7016  2.36726
-10.6722  2.42447
-10.6428  2.4827
-10.6134  2.54198
-10.584  2.6023
-10.5546  2.66368
-10.5252  2.72612
-10.4958  2.78962
-10.4664  2.85419
-10.437  2.91984
-10.4076  2.98658
-10.3782  3.0544
-10.3488  3.12332
-10.3194  3.19334
-10.29  3.26447
-10.2606  3.33671
-10.2312  3.41006
-10.2018  3.48454
-10.1724  3.56014
-10.143  3.63688
-10.1136  3.71474
-10.0842  3.79375
-10.0548  3.8739
-10.0254  3.95519
-9.996  4.03763
-9.9666  4.12123
-9.9372  4.20598
-9.9078  4.29189
-9.8784  4.37897
-9.849  4.4672
-9.8196  4.5566
-9.7902  4.64717
-9.7608  4.73891
-9.7314  4.83182
-9.702  4.92591
-9.6726  5.02116
-9.6432  5.11759
-9.6138  5.2152
-9.5844  5.31398
-9.555  5.41394
-9.5256  5.51507
-9.4962  5.61738
-9.4668  5.72087
-9.4374  5.82553
-9.408  5.93137
-9.3786  6.03838
-9.3492  6.14656
-9.3198  6.25592
-9.2904  6.36645
-9.261  6.47816
-9.2316  6.59103
-9.2022  6.70507
-9.1728  6.82028
-9.1434  6.93665
-9.114  7.05419
-9.0846  7.17289
-9.0552  7.29275
-9.0258  7.41377
-8.9964  7.53595
-8.967  7.65929
-8.9376  7.78378
-8.9082  7.90943
-8.8788  8.03623
-8.8494  8.16417
-8.82  8.29327
-8.7906  8.42352
-8.7612  8.55491
-8.7318  8.68745
-8.7024  8.82113
-8.673  8.95596
-8.6436  9.09193
-8.6142  9.22905
-8.5848  9.3673
-8.5554  9.50671
-8.526  9.64725
-8.4966  9.78894
-8.4672  9.93177
-8.4378  10.0757
-8.4084  10.2209
-8.379  10.3671
-8.3496  10.5145
-8.3202  10.6631
-8.2908  10.8128
-8.2614  10.9637
-8.232  11.1157
-8.2026  11.2689
-8.1732  11.4232
-8.1438  11.5788
-8.1144  11.7354
-8.085  11.8933
-8.0556  12.0523
-8.0262  12.2125
-7.9968  12.3739
-7.9674  12.5365
-7.938  12.7003
-7.9086  12.8652
-7.8792  13.0314
-7.8498  13.1988
-7.8204  13.3674
-7.791  13.5373
-7.7616  13.7084
-7.7322  13.8807
-7.7028  14.0543
-7.6734  14.2291
-7.644  14.4052
-7.6146  14.5825
-7.5852  14.7612
-7.5558  14.9411
-7.5264  15.1223
-7.497  15.3049
-7.4676  15.4887
-7.4382  15.6739
-7.4088  15.8604
-7.3794  16.0483
-7.35  16.2375
-7.3206  16.4281
-7.2912  16.6201
-7.2618  16.8134
-7.2324  17.0082
-7.203  17.2044
-7.1736  17.402
-7.1442  17.601
-7.1148  17.8015
-7.0854  18.0034
-7.056  18.2068
-7.0266  18.4117
-6.9972  18.6181
-6.9678  18.8259
-6.9384  19.0353
-6.909  19.2462
-6.8796  19.4587
-6.8502  19.6727
-6.8208  19.8883
-6.7914  20.1054
-6.762  20.3242
-6.7326  20.5445
-6.7032  20.7665
-6.6738  20.99
-6.6444  21.2152
-6.615  21.4421
-6.5856  21.6706
-6.5562  21.9007
-6.5268  22.1326
-6.4974  22.3661
-6.468  22.6014
-6.4386  22.8384
-6.4092  23.0771
-6.3798  23.3175
-6.3504  23.5597
-6.321  23.8036
-6.2916  24.0493
-6.2622  24.2968
-6.2328  24.546
-6.2034  24.7971
-6.174  25.05
-6.1446  25.3047
-6.1152  25.5612
-6.0858  25.8196
-6.0564  26.0798
-6.027  26.3419
-5.9976  26.6058
-5.9682  26.8716
-5.9388  27.1393
-5.9094  27.4089
-5.88  27.6804
-5.8506  27.9538
-5.8212  28.2291
-5.7918  28.5064
-5.7624  28.7856
-5.733  29.0667
-5.7036  29.3497
-5.6742  29.6347
-5.6448  29.9217
-5.6154  30.2106
-5.586  30.5015
-5.5566  30.7944
-5.5272  31.0893
-5.4978  31.3861
-5.4684  31.6849
-5.439  31.9858
-5.4096  32.2886
-5.3802  32.5934
-5.3508  32.9003
-5.3214  33.2091
-5.292  33.52
-5.2626  33.8329
-5.2332  34.1478
-5.2038  34.4647
-5.1744  34.7836
-5.145  35.1046
-5.1156  35.4276
-5.0862  35.7526
-5.0568  36.0796
-5.0274  36.4086
-4.998  36.7397
-4.9686  37.0728
-4.9392  37.4079
-4.9098  37.745
-4.8804  38.0841
-4.851  38.4252
-4.8216  38.7683
-4.7922  39.1135
-4.7628  39.4606
-4.7334  39.8097
-4.704  40.1608
-4.6746  40.5138
-4.6452  40.8688
-4.6158  41.2258
-4.5864  41.5847
-4.557  41.9455
-4.5276  42.3083
-4.4982  42.673
-4.4688  43.0395
-4.4394  43.408
-4.41  43.7783
-4.3806  44.1505
-4.3512  44.5245
-4.3218  44.9004
-4.2924  45.278
-4.263  45.6575
-4.2336  46.0387
-4.2042  46.4216
-4.1748  46.8063
-4.1454  47.1927
-4.116  47.5808
-4.0866  47.9705
-4.0572  48.3618
-4.0278  48.7548
-3.9984  49.1493
-3.969  49.5454
-3.9396  49.9429
-3.9102  50.342
-3.8808  50.7425
-3.8514  51.1445
-3.822  51.5478
-3.7926  51.9525
-3.7632  52.3584
-3.7338  52.7657
-3.7044  53.1742
-3.675  53.5838
-3.6456  53.9947
-3.6162  54.4066
-3.5868  54.8196
-3.5574  55.2336
-3.528  55.6486
-3.4986  56.0645
-3.4692  56.4813
-3.4398  56.8989
-3.4104  57.3173
-3.381  57.7364
-3.3516  58.1561
-3.3222  58.5765
-3.2928  58.9974
-3.2634  59.4188
-3.234  59.8406
-3.2046  60.2628
-3.1752  60.6853
-3.1458  61.1081
-3.1164  61.531
-3.087  61.9541
-3.0576  62.3772
-3.0282  62.8003
-2.9988  63.2233
-2.9694  63.6462
-2.94  64.0688
-2.9106  64.4911
-2.8812  64.9131
-2.8518  65.3346
-2.8224  65.7555
-2.793  66.1759
-2.7636  66.5956
-2.7342  67.0146
-2.7048  67.4327
-2.6754  67.8499
-2.646  68.2661
-2.6166  68.6812
-2.5872  69.0952
-2.5578  69.5079
-2.5284  69.9193
-2.499  70.3293
-2.4696  70.7378
-2.4402  71.1447
-2.4108  71.55
-2.3814  71.9535
-2.352  72.3551
-2.3226  72.7548
-2.2932  73.1525
-2.2638  73.5481
-2.2344  73.9415
-2.205  74.3326
-2.1756  74.7214
-2.1462  75.1077
-2.1168  75.4914
-2.0874  75.8724
-2.058  76.2508
-2.0286  76.6263
-1.9992  76.9989
-1.9698  77.3685
-1.9404  77.735
-1.911  78.0983
-1.8816  78.4583
-1.8522  78.815
-1.8228  79.1682
-1.7934  79.5179
-1.764  79.8639
-1.7346  80.2062
-1.7052  80.5447
-1.6758  80.8793
-1.6464  81.21
-1.617  81.5365
-1.5876  81.8589
-1.5582  82.1771
-1.5288  82.491
-1.4994  82.8004
-1.47  83.1053
-1.4406  83.4057
-1.4112  83.7015
-1.3818  83.9925
-1.3524  84.2786
-1.323  84.5599
-1.2936  84.8363
-1.2642  85.1076
-1.2348  85.3738
-1.2054  85.6347
-1.176  85.8905
-1.1466  86.1409
-1.1172  86.3859
-1.0878  86.6254
-1.0584  86.8594
-1.029  87.0877
-0.9996  87.3105
-0.9702  87.5274
-0.9408  87.7386
-0.9114  87.944
-0.882  88.1434
-0.8526  88.3368
-0.8232  88.5242
-0.7938  88.7056
-0.7644  88.8808
-0.735  89.0499
-0.7056  89.2127
-0.6762  89.3692
-0.6468  89.5194
-0.6174  89.6632
-0.588  89.8007
-0.5586  89.9317
-0.5292  90.0562
-0.4998  90.1742
-0.4704  90.2856
-0.441  90.3904
-0.4116  90.4886
-0.3822  90.5802
-0.3528  90.6651
-0.3234  90.7433
-0.294  90.8148
-0.2646  90.8795
-0.2352  90.9375
-0.2058  90.9887
-0.1764  91.0331
-0.147  91.0707
-0.1176  91.1014
-0.0882  91.1254
-0.0588  91.1425
-0.0294  91.1527
-6.77626e-15  91.1562
0.0294  91.1527
0.0588  91.1425
0.0882  91.1254
0.1176  91.1014
0.147  91.0707
0.1764  91.0331
0.2058  90.9887
0.2352  90.9375
0.2646  90.8795
0.294  90.8148
0.3234  90.7433
0.3528  90.6651
0.3822  90.5802
0.4116  90.4886
0.441  90.3904
0.4704  90.2856
0.4998  90.1741
0.5292  90.0562
0.5586  89.9317
0.588  89.8007
0.6174  89.6632
0.6468  89.5194
0.6762  89.3692
0.7056  89.2126
0.735  89.0498
0.7644  88.8808
0.7938  88.7056
0.8232  88.5242
0.8526  88.3368
0.882  88.1434
0.9114  87.9439
0.9408  87.7386
0.9702  87.5274
0.9996  87.3104
1.029  87.0877
1.0584  86.8594
1.0878  86.6254
1.1172  86.3858
1.1466  86.1409
1.176  85.8905
1.2054  85.6347
1.2348  85.3737
1.2642  85.1076
1.2936  84.8363
1.323  84.5599
1.3524  84.2786
1.3818  83.9924
1.4112  83.7014
1.4406  83.4057
1.47  83.1053
1.4994  82.8004
1.5288  82.4909
1.5582  82.1771
1.5876  81.8589
1.617  81.5365
1.6464  81.21
1.6758  80.8793
1.7052  80.5447
1.7346  80.2062
1.764  79.8639
1.7934  79.5178
1.8228  79.1682
1.8522  78.815
1.8816  78.4583
1.911  78.0983
1.9404  77.735
1.9698  77.3685
1.9992  76.9989
2.0286  76.6263
2.058  76.2508
2.0874  75.8724
2.1168  75.4914
2.1462  75.1076
2.1756  74.7214
2.205  74.3326
2.2344  73.9415
2.2638  73.5481
2.2932  73.1525
2.3226  72.7548
2.352  72.3551
2.3814  71.9535
2.4108  71.55
2.4402  71.1447
2.4696  70.7378
2.499  70.3293
2.5284  69.9193
2.5578  69.5079
2.5872  69.0952
2.6166  68.6812
2.646  68.2661
2.6754  67.8499
2.7048  67.4327
2.7342  67.0146
2.7636  66.5956
2.793  66.1759
2.8224  65.7555
2.8518  65.3346
2.8812  64.9131
2.9106  64.4911
2.94  64.0688
2.9694  63.6462
2.9988  63.2233
3.0282  62.8003
3.0576  62.3772
3.087  61.9541
3.1164  61.531
3.1458  61.1081
3.1752  60.6853
3.2046  60.2628
3.234  59.8406
3.2634  59.4188
3.2928  58.9974
3.3222  58.5765
3.3516  58.1561
3.381  57.7364
3.4104  57.3173
3.4398  56.8989
3.4692  56.4813
3.4986  56.0645
3.528  55.6486
3.5574  55.2336
3.5868  54.8196
3.6162  54.4066
3.6456  53.9947
3.675  53.5838
3.7044  53.1742
3.7338  52.7657
3.7632  52.3584
3.7926  51.9525
3.822  51.5478
3.8514  51.1445
3.8808  50.7425
3.9102  50.342
3.9396  49.9429
3.969  49.5454
3.9984  49.1493
4.0278  48.7548
4.0572  48.3618
4.0866  47.9705
4.116  47.5808
4.1454  47.1927
4.1748  46.8063
4.2042  46.4217
4.2336  46.0387
4.263  45.6575
4.2924  45.2781
4.3218  44.9004
4.3512  44.5245
4.3806  44.1505
4.41  43.7783
4.4394  43.408
4.4688  43.0395
4.4982  42.673
4.5276  42.3083
4.557  41.9455
4.5864  41.5847
4.6158  41.2258
4.6452  40.8688
4.6746  40.5138
4.704  40.1608
4.7334  39.8097
4.7628  39.4606
4.7922  39.1135
4.8216  38.7683
4.851  38.4252
4.8804  38.0841
4.9098  37.745
4.9392  37.4079
4.9686  37.0728
4.998  36.7397
5.0274  36.4086
5.0568  36.0796
5.0862  35.7526
5.1156  35.4276
5.145  35.1046
5.1744  34.7836
5.2038  34.4647
5.2332  34.1478
5.2626  33.8329
5.292  33.52
5.3214  33.2091
5.3508  32.9003
5.3802  32.5934
5.4096  32.2886
5.439  31.9858
5.4684  31.685
5.4978  31.3861
5.5272  31.0893
5.5566  30.7944
5.586  30.5015
5.6154  30.2106
5.6448  29.9217
5.6742  29.6347
5.7036  29.3497
5.733  29.0667
5.7624  28.7856
5.7918  28.5064
5.8212  28.2291
5.8506  27.9538
5.88  27.6804
5.9094  27.4089
5.9388  27.1393
5.9682  26.8716
5.9976  26.6058
6.027  26.3419
6.0564  26.0798
6.0858  25.8196
6.1152  25.5612
6.1446  25.3047
6.174  25.05
6.2034  24.7971
6.2328  24.546
6.2622  24.2968
6.2916  24.0493
6.321  23.8036
6.3504  23.5597
6.3798  23.3175
6.4092  23.0771
6.4386  22.8384
6.468  22.6014
6.4974  22.3662
6.5268  22.1326
6.5562  21.9008
6.5856  21.6706
6.615  21.4421
6.6444  21.2152
6.6738  20.99
6.7032  20.7665
6.7326  20.5445
6.762  20.3242
6.7914  20.1054
6.8208  19.8883
6.8502  19.6727
6.8796  19.4587
6.909  19.2463
6.9384  19.0353
6.9678  18.8259
6.9972  18.6181
7.0266  18.4117
7.056  18.2068
7.0854  18.0034
7.1148  17.8015
7.1442  17.601
7.1736  17.402
7.203  17.2044
7.2324  17.0082
7.2618  16.8135
7.2912  16.6201
7.3206  16.4281
7.35  16.2375
7.3794  16.0483
7.4088  15.8604
7.4382  15.6739
7.4676  15.4887
7.497  15.3049
7.5264  15.1223
7.5558  14.9411
7.5852  14.7612
7.6146  14.5825
7.644  14.4052
7.6734  14.2291
7.7028  14.0543
7.7322  13.8807
7.7616  13.7084
7.791  13.5373
7.8204  13.3675
7.8498  13.1988
7.8792  13.0314
7.9086  12.8653
7.938  12.7003
7.9674  12.5365
7.9968  12.3739
8.0262  12.2125
8.0556  12.0523
8.085  11.8933
8.1144  11.7354
8.1438  11.5788
8.1732  11.4233
8.2026  11.2689
8.232  11.1157
8.2614  10.9637
8.2908  10.8128
8.3202  10.6631
8.3496  10.5146
8.379  10.3671
8.4084  10.2209
8.4378  10.0757
8.4672  9.93177
8.4966  9.78894
8.526  9.64726
8.5554  9.50671
8.5848  9.36731
8.6142  9.22905
8.6436  9.09194
8.673  8.95597
8.7024  8.82114
8.7318  8.68745
8.7612  8.55491
8.7906  8.42352
8.82  8.29328
8.8494  8.16418
8.8788  8.03623
8.9082  7.90943
8.9376  7.78379
8.967  7.6593
8.9964  7.53596
9.0258  7.41378
9.0552  7.29276
9.0846  7.1729
9.114  7.05419
9.1434  6.93666
9.1728  6.82028
9.2022  6.70507
9.2316  6.59103
9.261  6.47816
9.2904  6.36646
9.3198  6.25593
9.3492  6.14657
9.3786  6.03838
9.408  5.93137
9.4374  5.82553
9.4668  5.72087
9.4962  5.61738
9.5256  5.51507
9.555  5.41394
9.5844  5.31398
9.6138  5.2152
9.6432  5.11759
9.6726  5.02116
9.702  4.92591
9.7314  4.83182
9.7608  4.73891
9.7902  4.64717
9.8196  4.5566
9.849  4.4672
9.8784  4.37897
9.9078  4.29189
9.9372  4.20598
9.9666  4.12123
9.996  4.03763
10.0254  3.95519
10.0548  3.8739
10.0842  3.79375
10.1136  3.71474
10.143  3.63687
10.1724  3.56014
10.2018  3.48454
10.2312  3.41006
10.2606  3.33671
10.29  3.26447
10.3194  3.19334
10.3488  3.12332
10.3782  3.0544
10.4076  2.98657
10.437  2.91984
10.4664  2.85419
10.4958  2.78961
10.5252  2.72611
10.5546  2.66368
10.584  2.6023
10.6134  2.54198
10.6428  2.4827
10.6722  2.42446
10.7016  2.36726
10.731  2.31108
10.7604  2.25592
10.7898  2.20178
10.8192  2.14863
10.8486  2.09649
10.878  2.04534
10.9074  1.99517
10.9368  1.94598
10.9662  1.89776
10.9956  1.8505
11.025  1.80419
11.0544  1.75883
11.0838  1.71441
11.1132  1.67092
11.1426  1.62836
11.172  1.58672
11.2014  1.54598
11.2308  1.50615
11.2602  1.46721
11.2896  1.42916
11.319  1.39199
11.3484  1.35569
11.3778  1.32026
11.4072  1.28568
11.4366  1.25196
11.466  1.21908
11.4954  1.18703
11.5248  1.15581
11.5542  1.12541
11.5836  1.09582
11.613  1.06704
11.6424  1.03906
11.6718  1.01186
11.7012  0.985453
11.7306  0.959817
11.76  0.934948
11.7894  0.910839
11.8188  0.887482
11.8482  0.86487
11.8776  0.842994
11.907  0.821846
11.9364  0.80142
11.9658  0.781707
11.9952  0.762699
12.0246  0.744387
12.054  0.726764
12.0834  0.709822
12.1128  0.693552
12.1422  0.677946
12.1716  0.662995
12.201  0.648692
12.2304  0.635026
12.2598  0.62199
12.2892  0.609575
12.3186  0.597771
12.348  0.586569
12.3774  0.575961
12.4068  0.565936
12.4362  0.556487
12.4656  0.547602
12.495  0.539273
12.5244  0.531489
12.5538  0.524241
12.5832  0.517518
12.6126  0.511311
12.642  0.505609
12.6714  0.500402
12.7008  0.49568
12.7302  0.491431
12.7596  0.487646
12.789  0.484313
12.8184  0.481421
12.8478  0.47896
12.8772  0.476918
12.9066  0.475284
12.936  0.474047
12.9654  0.473196
12.9948  0.47272
13.0242  0.472606
13.0536  0.472844
13.083  0.473421
13.1124  0.474327
13.1418  0.47555
13.1712  0.477078
13.2006  0.4789
13.23  0.481003
13.2594  0.483377
13.2888  0.486009
13.3182  0.488889
13.3476  0.492005
13.377  0.495345
13.4064  0.498898
13.4358  0.502652
13.4652  0.506597
13.4946  0.510721
13.524  0.515012
13.5534  0.519461
13.5828  0.524057
13.6122  0.528788
13.6416  0.533643
13.671  0.538614
13.7004  0.543689
13.7298  0.548857
13.7592  0.55411
13.7886  0.559438
13.818  0.56483
13.8474  0.570277
13.8768  0.575771
13.9062  0.581302
13.9356  0.586861
13.965  0.592441
13.9944  0.598032
14.0238  0.603626
14.0532  0.609215
14.0826  0.614793
14.112  0.620351
14.1414  0.625882
14.1708  0.63138
14.2002  0.636837
14.2296  0.642247
14.259  0.647604
14.2884  0.652903
14.3178  0.658136
14.3472  0.663299
14.3766  0.668386
14.406  0.673393
14.4354  0.678315
14.4648  0.683146
14.4942  0.687884
14.5236  0.692523
14.553  0.69706
14.5824  0.701491
14.6118  0.705813
14.6412  0.710023
14.6706  0.714117
14.7  0.718092
14.7294  0.721946
14.7588  0.725677
14.7882  0.729282
14.8176  0.732759
14.847  0.736106
14.8764  0.739321
14.9058  0.742403
14.9352  0.745349
14.9646  0.74816
14.994  0.750832
15.0234  0.753366
15.0528  0.755759
15.0822  0.758012
15.1116  0.760123
15.141  0.762091
15.1704  0.763917
15.1998  0.765598
15.2292  0.767135
15.2586  0.768527
15.288  0.769774
15.3174  0.770876
15.3468  0.771831
15.3762  0.77264
15.4056  0.773303
15.435  0.773819
15.4644  0.774189
15.4938  0.774411
15.5232  0.774486
15.5526  0.774414
15.582  0.774195
15.6114  0.773829
15.6408  0.773315
15.6702  0.772654
15.6996  0.771846
15.729  0.770889
15.7584  0.769787
15.7878  0.768536
15.8172  0.767138
15.8466  0.765594
15.876  0.763902
15.9054  0.762063
15.9348  0.760077
15.9642  0.757944
15.9936  0.755665
16.023  0.75324
16.0524  0.750669
16.0818  0.747952
16.1112  0.74509
16.1406  0.742082
16.17  0.738931
16.1994  0.735635
16.2288  0.732196
16.2582  0.728613
16.2876  0.724889
16.317  0.721023
16.3464  0.717017
16.3758  0.712872
16.4052  0.708587
16.4346  0.704166
16.464  0.699608
16.4934  0.694915
16.5228  0.690088
16.5522  0.68513
16.5816  0.680041
16.611  0.674824
16.6404  0.66948
16.6698  0.664011
16.6992  0.658419
16.7286  0.652708
16.758  0.646877
16.7874  0.640931
16.8168  0.634873
16.8462  0.628704
16.8756  0.622428
16.905  0.616047
16.9344  0.609564
16.9638  0.602984
16.9932  0.596309
17.0226  0.589543
17.052  0.582689
17.0814  0.575752
17.1108  0.568735
17.1402  0.561641
17.1696  0.554475
17.199  0.547242
17.2284  0.539944
17.2578  0.532588
17.2872  0.525177
17.3166  0.517715
17.346  0.510207
17.3754  0.502658
17.4048  0.495073
17.4342  0.487456
17.4636  0.479813
17.493  0.472147
17.5224  0.464464
17.5518  0.456768
17.5812  0.449065
17.6106  0.44136
17.64  0.433657
17.6694  0.425961
17.6988  0.418277
17.7282  0.41061
17.7576  0.402965
17.787  0.395346
17.8164  0.387758
17.8458  0.380206
17.8752  0.372694
17.9046  0.365227
17.934  0.357809
17.9634  0.350444
17.9928  0.343137
18.0222  0.335892
18.0516  0.328712
18.081  0.321602
18.1104  0.314566
18.1398  0.307606
18.1692  0.300726
18.1986  0.29393
18.228  0.287221
18.2574  0.280602
18.2868  0.274075
18.3162  0.267644
18.3456  0.261311
18.375  0.255078
18.4044  0.248948
18.4338  0.242923
18.4632  0.237004
18.4926  0.231194
18.522  0.225494
18.5514  0.219905
18.5808  0.21443
18.6102  0.209068
18.6396  0.203821
18.669  0.198689
18.6984  0.193675
18.7278  0.188777
18.7572  0.183996
18.7866  0.179333
18.816  0.174787
18.8454  0.170359
18.8748  0.166049
18.9042  0.161856
18.9336  0.15778
18.963  0.153821
18.9924  0.149977
19.0218  0.146249
19.0512  0.142635
19.0806  0.139136
19.11  0.135748
19.1394  0.132473
19.1688  0.129309
19.1982  0.126254
19.2276  0.123309
19.257  0.12047
19.2864  0.117739
19.3158  0.115112
19.3452  0.112589
19.3746  0.110169
19.404  0.10785
19.4334  0.105632
19.4628  0.103512
19.4922  0.10149
19.5216  0.0995641
19.551  0.0977336
19.5804  0.0959968
19.6098  0.0943529
19.6392  0.0928005
19.6686  0.0913386
19.698  0.089966
19.7274  0.0886816
19.7568  0.0874845
19.7862  0.0863736
19.8156  0.0853478
19.845  0.0844065
19.8744  0.0835485
19.9038  0.0827732
19.9332  0.0820797
19.9626  0.0814671
19.992  0.0809349
20.0214  0.0804821
20.0508  0.0801082
20.0802  0.0798126
20.1096  0.0795946
20.139  0.0794536
20.1684  0.0793889
20.1978  0.0794003
20.2272  0.0794868
20.2566  0.0796481
20.286  0.0798836
20.3154  0.0801927
20.3448  0.0805751
20.3742  0.0810299
20.4036  0.0815567
20.433  0.0821548
20.4624  0.0828237
20.4918  0.0835628
20.5212  0.0843711
20.5506  0.0852482
20.58  0.0861932
20.6094  0.0872054
20.6388  0.0882837
20.6682  0.0894272
20.6976  0.090635
20.727  0.091906
20.7564  0.0932391
20.7858  0.0946331
20.8152  0.0960866
20.8446  0.0975984
20.874  0.099167
20.9034  0.100791
20.9328  0.102468
20.9622  0.104197
20.9916  0.105977
21.021  0.107805
21.0504  0.109679
21.0798  0.111597
21.1092  0.113557
21.1386  0.115557
21.168  0.117595
21.1974  0.119668
21.2268  0.121773
21.2562  0.123909
21.2856  0.126072
21.315  0.128259
21.3444  0.130469
21.3738  0.132697
21.4032  0.134942
21.4326  0.1372
21.462  0.139468
21.4914  0.141744
21.5208  0.144023
21.5502  0.146303
21.5796  0.148582
21.609  0.150854
21.6384  0.153119
21.6678  0.155371
21.6972  0.157609
21.7266  0.159829
21.756  0.162027
21.7854  0.164201
21.8148  0.166348
21.8442  0.168465
21.8736  0.170548
21.903  0.172595
21.9324  0.174603
21.9618  0.176569
21.9912  0.17849
22.0206  0.180364
22.05  0.182188
22.0794  0.183959
22.1088  0.185676
22.1382  0.187337
22.1676  0.188938
22.197  0.190479
22.2264  0.191956
22.2558  0.193369
22.2852  0.194717
22.3146  0.195996
22.344  0.197206
22.3734  0.198347
22.4028  0.199416
22.4322  0.200413
22.4616  0.201338
22.491  0.202189
22.5204  0.202966
22.5498  0.203669
22.5792  0.204297
22.6086  0.204852
22.638  0.205332
22.6674  0.205738
22.6968  0.206071
22.7262  0.206331
22.7556  0.206518
22.785  0.206634
22.8144  0.206679
22.8438  0.206654
22.8732  0.206561
22.9026  0.206401
22.932  0.206175
22.9614  0.205884
22.9908  0.20553
23.0202  0.205115
23.0496  0.20464
23.079  0.204107
23.1084  0.203518
23.1378  0.202875
23.1672  0.202178
23.1966  0.201432
23.226  0.200636
23.2554  0.199794
23.2848  0.198907
23.3142  0.197977
23.3436  0.197007
23.373  0.195997
23.4024  0.19495
23.4318  0.193869
23.4612  0.192754
23.4906  0.191607
23.52  0.190431
23.5494  0.189227
23.5788  0.187997
23.6082  0.186742
23.6376  0.185464
23.667  0.184165
23.6964  0.182845
23.7258  0.181507
23.7552  0.180151
23.7846  0.178778
23.814  0.17739
23.8434  0.175988
23.8728  0.174573
23.9022  0.173145
23.9316  0.171705
23.961  0.170254
23.9904  0.168792
24.0198  0.16732
24.0492  0.165839
24.0786  0.164348
24.108  0.162848
24.1374  0.16134
24.1668  0.159822
24.1962  0.158296
24.2256  0.156761
24.255  0.155218
24.2844  0.153665
24.3138  0.152103
24.3432  0.150533
24.3726  0.148952
24.402  0.147362
24.4314  0.145763
24.4608  0.144152
24.4902  0.142532
24.5196  0.1409
24.549  0.139257
24.5784  0.137603
24.6078  0.135937
24.6372  0.134259
24.6666  0.132569
24.696  0.130866
24.7254  0.129151
24.7548  0.127423
24.7842  0.125683
24.8136  0.12393
24.843  0.122165
24.8724  0.120387
24.9018  0.118597
24.9312  0.116794
24.9606  0.114981
24.99  0.113156
25.0194  0.111321
25.0488  0.109476
25.0782  0.107621
25.1076  0.105758
25.137  0.103888
25.1664  0.102011
25.1958  0.100128
25.2252  0.0982411
25.2546  0.0963508
25.284  0.0944587
25.3134  0.0925661
25.3428  0.0906744
25.3722  0.0887854
25.4016  0.0869005
25.431  0.0850215
25.4604  0.08315
25.4898  0.081288
25.5192  0.0794372
25.5486  0.0775996
25.578  0.0757772
25.6074  0.0739719
25.6368  0.0721857
25.6662  0.0704207
25.6956  0.0686789
25.725  0.0669623
25.7544  0.065273
25.7838  0.0636132
25.8132  0.0619847
25.8426  0.0603896
25.872  0.0588298
25.9014  0.0573073
25.9308  0.0558241
25.9602  0.0543818
25.9896  0.0529823
26.019  0.0516273
26.0484  0.0503184
26.0778  0.0490571
26.1072  0.047845
26.1366  0.0466833
26.166  0.0455734
26.1954  0.0445164
26.2248  0.0435132
26.2542  0.0425651
26.2836  0.0416725
26.313  0.0408363
26.3424  0.0400571
26.3718  0.0393352
26.4012  0.038671
26.4306  0.0380647
26.46  0.0375162
26.4894  0.0370257
26.5188  0.0365926
26.5482  0.0362168
26.5776  0.0358977
26.607  0.0356347
26.6364  0.0354271
26.6658  0.0352741
26.6952  0.0351745
26.7246  0.0351273
26.754  0.0351313
26.7834  0.0351852
26.8128  0.0352876
26.8422  0.0354367
26.8716  0.0356312
26.901  0.0358692
26.9304  0.0361491
26.9598  0.0364688
26.9892  0.0368266
27.0186  0.0372205
27.048  0.0376483
27.0774  0.038108
27.1068  0.0385977
27.1362  0.0391151
27.1656  0.0396581
27.195  0.0402246
27.2244  0.0408124
27.2538  0.0414194
27.2832  0.0420436
27.3126  0.0426826
27.342  0.0433347
27.3714  0.0439978
27.4008  0.0446697
27.4302  0.0453488
27.4596  0.0460331
27.489  0.0467208
27.5184  0.0474103
27.5478  0.0480999
27.5772  0.048788
27.6066  0.0494733
27.636  0.0501544
27.6654  0.0508299
27.6948  0.0514989
27.7242  0.0521601
27.7536  0.0528127
27.783  0.0534559
27.8124  0.0540888
27.8418  0.0547109
27.8712  0.0553217
27.9006  0.0559207
27.93  0.0565077
27.9594  0.0570826
27.9888  0.0576451
28.0182  0.0581952
28.0476  0.0587332
28.077  0.0592593
28.1064  0.0597737
28.1358  0.0602768
28.1652  0.0607691
28.1946  0.061251
28.224  0.0617232
28.2534  0.0621864
28.2828  0.0626412
28.3122  0.0630884
28.3416  0.0635289
28.371  0.0639634
28.4004  0.0643929
28.4298  0.0648182
28.4592  0.0652401
28.4886  0.0656597
28.518  0.0660777
28.5474  0.0664952
28.5768  0.0669128
28.6062  0.0673314
28.6356  0.067752
28.665  0.0681751
28.6944  0.0686014
28.7238  0.0690318
28.7532  0.0694668
28.7826  0.0699068
28.812  0.0703523
28.8414  0.0708037
28.8708  0.0712613
28.9002  0.0717253
28.9296  0.0721958
28.959  0.0726729
28.9884  0.0731563
29.0178  0.0736461
29.0472  0.0741419
29.0766  0.0746433
29.106  0.0751499
29.1354  0.0756609
29.1648  0.076176
29.1942  0.0766942
29.2236  0.0772146
29.253  0.0777364
29.2824  0.0782583
29.3118  0.0787794
29.3412  0.0792983
29.3706  0.0798137
29.4  0.0803244
29.4294  0.0808286
29.4588  0.0813252
29.4882  0.0818123
29.5176  0.0822884
29.547  0.0827518
29.5764  0.0832009
29.6058  0.0836339
29.6352  0.084049
29.6646  0.0844446
29.694  0.0848188
29.7234  0.0851699
29.7528  0.085496
29.7822  0.0857957
29.8116  0.0860671
29.841  0.0863086
29.8704  0.0865185
29.8998  0.0866955
29.9292  0.0868379
29.9586  0.0869443
29.988  0.0870136
30.0174  0.0870444
30.0468  0.0870354
30.0762  0.0869859
30.1056  0.0868946
30.135  0.086761
30.1644  0.0865842
30.1938  0.0863636
30.2232  0.0860988
30.2526  0.0857896
30.282  0.0854356
30.3114  0.0850368
30.3408  0.0845933
30.3702  0.0841053
30.3996  0.0835731
30.429  0.0829974
30.4584  0.0823785
30.4878  0.0817174
30.5172  0.0810149
30.5466  0.0802722
30.576  0.0794903
30.6054  0.0786705
30.6348  0.0778143
30.6642  0.0769232
30.6936  0.0759987
30.723  0.0750428
30.7524  0.0740572
30.7818  0.0730437
30.8112  0.0720044
30.8406  0.0709416
30.87  0.0698573
30.8994  0.0687536
30.9288  0.067633
30.9582  0.0664976
30.9876  0.0653499
31.017  0.0641922
31.0464  0.0630269
31.0758  0.0618564
31.1052  0.060683
31.1346  0.0595092
31.164  0.0583372
31.1934  0.0571694
31.2228  0.056008
31.2522  0.0548553
31.2816  0.0537135
31.311  0.0525845
31.3404  0.0514704
31.3698  0.0503733
31.3992  0.0492947
31.4286  0.0482366
31.458  0.0472006
31.4874  0.0461881
31.5168  0.0452005
31.5462  0.0442393
31.5756  0.0433055
31.605  0.0424002
31.6344  0.0415243
31.6638  0.0406785
31.6932  0.0398636
31.7226  0.03908
31.752  0.038328
31.7814  0.037608
31.8108  0.03692
31.8402  0.036264
31.8696  0.0356398
31.899  0.0350472
31.9284  0.0344858
31.9578  0.033955
31.9872  0.0334541
32.0166  0.0329825
32.046  0.0325392
32.0754  0.0321235
32.1048  0.031734
32.1342  0.0313699
32.1636  0.0310299
32.193  0.0307126
32.2224  0.0304168
32.2518  0.0301411
32.2812  0.0298841
32.3106  0.0296444
32.34  0.0294203
32.3694  0.0292106
32.3988  0.0290136
32.4282  0.0288278
32.4576  0.0286518
32.487  0.0284841
32.5164  0.0283233
32.5458  0.028168
32.5752  0.0280167
32.6046  0.0278682
32.634  0.0277213
32.6634  0.0275747
32.6928  0.0274274
32.7222  0.0272783
32.7516  0.0271265
32.781  0.0269712
32.8104  0.0268116
32.8398  0.026647
32.8692  0.0264769
32.8986  0.0263009
32.928  0.0261186
32.9574  0.0259298
32.9868  0.0257345
33.0162  0.0255325
33.0456  0.0253241
33.075  0.0251094
33.1044  0.0248888
33.1338  0.0246628
33.1632  0.0244318
33.1926  0.0241966
33.222  0.0239579
33.2514  0.0237165
33.2808  0.0234735
33.3102  0.0232297
33.3396  0.0229863
33.369  0.0227444
33.3984  0.0225053
33.4278  0.0222702
33.4572  0.0220405
33.4866  0.0218176
33.516  0.0216027
33.5454  0.0213974
33.5748  0.0212031
33.6042  0.0210212
33.6336  0.0208531
33.663  0.0207003
33.6924  0.0205641
33.7218  0.0204459
33.7512  0.0203471
33.7806  0.0202689
33.81  0.0202125
33.8394  0.0201791
33.8688  0.0201698
33.8982  0.0201855
33.9276  0.0202272
33.957  0.0202956
33.9864  0.0203916
34.0158  0.0205156
34.0452  0.0206683
34.0746  0.0208499
34.104  0.0210607
34.1334  0.0213009
34.1628  0.0215705
34.1922  0.0218693
34.2216  0.0221971
34.251  0.0225534
34.2804  0.0229379
34.3098  0.0233497
34.3392  0.0237882
34.3686  0.0242524
34.398  0.0247413
34.4274  0.0252538
34.4568  0.0257884
34.4862  0.0263439
34.5156  0.0269188
34.545  0.0275114
34.5744  0.0281201
34.6038  0.0287429
34.6332  0.0293782
34.6626  0.0300238
34.692  0.0306779
34.7214  0.0313383
34.7508  0.0320028
34.7802  0.0326694
34.8096  0.0333358
34.839  0.0339997
34.8684  0.0346591
34.8978  0.0353116
34.9272  0.035955
34.9566  0.036587
34.986  0.0372057
35.0154  0.0378088
35.0448  0.0383942
35.0742  0.0389598
35.1036  0.0395039
35.133  0.0400244
35.1624  0.0405195
35.1918  0.0409876
35.2212  0.041427
35.2506  0.0418364
35.28  0.0422143
35.3094  0.0425594
35.3388  0.0428707
35.3682  0.0431471
35.3976  0.0433878
35.427  0.0435921
35.4564  0.0437595
35.4858  0.0438896
35.5152  0.0439819
35.5446  0.0440366
35.574  0.0440535
35.6034  0.0440331
35.6328  0.0439754
35.6622  0.0438811
35.6916  0.0437508
35.721  0.0435852
35.7504  0.0433853
35.7798  0.0431522
35.8092  0.0428871
35.8386  0.042591
35.868  0.0422657
35.8974  0.0419126
35.9268  0.0415332
35.9562  0.0411294
35.9856  0.040703
36.015  0.0402557
36.0444  0.0397897
36.0738  0.0393068
36.1032  0.0388092
36.1326  0.038299
36.162  0.0377782
36.1914  0.0372489
36.2208  0.0367135
36.2502  0.0361739
36.2796  0.0356323
36.309  0.0350907
36.3384  0.0345513
36.3678  0.0340161
36.3972  0.033487
36.4266  0.0329659
36.456  0.0324546
36.4854  0.0319549
36.5148  0.0314685
36.5442  0.0309967
36.5736  0.0305412
36.603  0.0301032
36.6324  0.0296839
36.6618  0.0292845
36.6912  0.0289058
36.7206  0.0285488
36.75  0.028214
36.7794  0.0279021
36.8088  0.0276135
36.8382  0.0273484
36.8676  0.027107
36.897  0.0268892
36.9264  0.0266948
36.9558  0.0265238
36.9852  0.0263754
37.0146  0.0262492
37.044  0.0261445
37.0734  0.0260605
37.1028  0.0259963
37.1322  0.0259507
37.1616  0.0259226
37.191  0.0259107
37.2204  0.0259138
37.2498  0.0259303
37.2792  0.0259588
37.3086  0.0259977
37.338  0.0260452
37.3674  0.0260998
37.3968  0.0261597
37.4262  0.0262231
37.4556  0.0262882
37.485  0.0263534
37.5144  0.0264167
37.5438  0.0264765
37.5732  0.0265308
37.6026  0.0265782
37.632  0.0266168
37.6614  0.026645
37.6908  0.0266613
37.7202  0.0266642
37.7496  0.0266522
37.779  0.026624
37.8084  0.0265784
37.8378  0.0265143
37.8672  0.0264306
37.8966  0.0263263
37.926  0.0262007
37.9554  0.0260532
37.9848  0.0258832
38.0142  0.0256902
38.0436  0.025474
38.073  0.0252345
38.1024  0.0249716
38.1318  0.0246856
38.1612  0.0243766
38.1906  0.024045
38.22  0.0236915
38.2494  0.0233166
38.2788  0.0229213
38.3082  0.0225064
38.3376  0.0220731
38.367  0.0216224
38.3964  0.0211557
38.4258  0.0206744
38.4552  0.0201798
38.4846  0.0196738
38.514  0.0191577
38.5434  0.0186335
38.5728  0.0181029
38.6022  0.0175677
38.6316  0.0170299
38.661  0.0164914
38.6904  0.0159541
38.7198  0.01542
38.7492  0.0148911
38.7786  0.0143693
38.808  0.0138566
38.8374  0.013355
38.8668  0.0128663
38.8962  0.0123923
38.9256  0.0119349
38.955  0.0114958
38.9844  0.0110766
39.0138  0.0106789
39.0432  0.0103041
39.0726  0.00995372
39.102  0.00962893
39.1314  0.00933089
39.1608  0.00906065
39.1902  0.00881912
39.2196  0.00860705
39.249  0.00842511
39.2784  0.00827378
39.3078  0.00815343
39.3372  0.0080643
39.3666  0.00800642
39.396  0.00797975
39.4254  0.00798407
39.4548  0.008019
39.4842  0.00808402
39.5136  0.00817852
39.543  0.00830168
39.5724  0.00845263
39.6018  0.00863028
39.6312  0.00883347
39.6606  0.00906093
39.69  0.00931122
39.7194  0.00958287
39.7488  0.00987428
39.7782  0.0101838
39.8076  0.0105095
39.837  0.0108497
39.8664  0.0112025
39.8958  0.0115659
39.9252  0.0119378
39.9546  0.0123164
39.984  0.0126995
40.0134  0.0130851
40.0428  0.013471
40.0722  0.0138554
40.1016  0.0142361
40.131  0.0146112
40.1604  0.0149787
40.1898  0.0153367
40.2192  0.0156834
40.2486  0.016017
40.278  0.0163358
40.3074  0.0166382
40.3368  0.0169228
40.3662  0.0171881
40.3956  0.0174328
40.425  0.0176559
40.4544  0.0178561
40.4838  0.0180327
40.5132  0.0181849
40.5426  0.018312
40.572  0.0184135
40.6014  0.0184891
40.6308  0.0185384
40.6602  0.0185617
40.6896  0.0185588
40.719  0.0185299
40.7484  0.0184756
40.7778  0.0183962
40.8072  0.0182924
40.8366  0.0181651
40.866  0.018015
40.8954  0.0178433
40.9248  0.0176512
40.9542  0.0174398
40.9836  0.0172106
41.013  0.016965
41.0424  0.0167047
41.0718  0.0164312
41.1012  0.0161462
41.1306  0.0158516
41.16  0.0155491
41.1894  0.0152406
41.2188  0.0149282
41.2482  0.0146136
41.2776  0.0142989
41.307  0.0139858
41.3364  0.0136765
41.3658  0.0133729
41.3952  0.0130766
41.4246  0.0127897
41.454  0.0125139
41.4834  0.012251
41.5128  0.0120026
41.5422  0.0117702
41.5716  0.0115554
41.601  0.0113595
41.6304  0.0111839
41.6598  0.0110296
41.6892  0.0108978
41.7186  0.0107894
41.748  0.0107052
41.7774  0.0106458
41.8068  0.0106118
41.8362  0.0106035
41.8656  0.0106213
41.895  0.0106651
41.9244  0.0107349
41.9538  0.0108306
41.9832  0.0109518
42.0126  0.011098
42.042  0.0112686
42.0714  0.0114628
42.1008  0.0116796
42.1302  0.0119181
42.1596  0.0121772
42.189  0.0124554
42.2184  0.0127514
42.2478  0.0130638
42.2772  0.0133909
42.3066  0.013731
42.336  0.0140823
42.3654  0.0144431
42.3948  0.0148113
42.4242  0.0151851
42.4536  0.0155624
42.483  0.0159412
42.5124  0.0163195
42.5418  0.0166951
42.5712  0.017066
42.6006  0.0174302
42.63  0.0177857
42.6594  0.0181303
42.6888  0.0184622
42.7182  0.0187794
42.7476  0.0190802
42.777  0.0193627
42.8064  0.0196253
42.8358  0.0198663
42.8652  0.0200843
42.8946  0.0202779
42.924  0.0204458
42.9534  0.020587
42.9828  0.0207002
43.0122  0.0207847
43.0416  0.0208398
43.071  0.0208648
43.1004  0.0208592
43.1298  0.0208228
43.1592  0.0207554
43.1886  0.020657
43.218  0.0205278
43.2474  0.020368
43.2768  0.0201781
43.3062  0.0199587
43.3356  0.0197106
43.365  0.0194345
43.3944  0.0191316
43.4238  0.018803
43.4532  0.01845
43.4826  0.0180739
43.512  0.0176763
43.5414  0.0172589
43.5708  0.0168232
43.6002  0.0163711
43.6296  0.0159045
43.659  0.0154254
43.6884  0.0149357
43.7178  0.0144374
43.7472  0.0139328
43.7766  0.0134239
43.806  0.0129128
43.8354  0.0124016
43.8648  0.0118927
43.8942  0.011388
43.9236  0.0108896
43.953  0.0103995
43.9824  0.00991998
44.0118  0.00945271
44.0412  0.00899975
44.0706  0.00856278
44.1  0.00814356
