-44.1  0.000807593
-44.0706  0.000841336
-44.0412  0.000876049
-44.0118  0.000911721
-43.9824  0.000948347
-43.953  0.000985917
-43.9236  0.00102441
-43.8942  0.00106382
-43.8648  0.0011041
-43.8354  0.00114526
-43.806  0.00118727
-43.7766  0.00123009
-43.7472  0.00127369
-43.7178  0.00131805
-43.6884  0.00136313
-43.659  0.00140886
-43.6296  0.00145525
-43.6002  0.00150222
-43.5708  0.00154974
-43.5414  0.00159773
-43.512  0.00164617
-43.4826  0.00169501
-43.4532  0.00174416
-43.4238  0.00179359
-43.3944  0.00184322
-43.365  0.00189299
-43.3356  0.00194284
-43.3062  0.0019927
-43.2768  0.0020425
-43.2474  0.00209216
-43.218  0.00214163
-43.1886  0.00219082
-43.1592  0.00223964
-43.1298  0.00228804
-43.1004  0.00233594
-43.071  0.00238326
-43.0416  0.00242992
-43.0122  0.00247584
-42.9828  0.00252096
-42.9534  0.00256518
-42.924  0.00260846
-42.8946  0.0026507
-42.8652  0.00269182
-42.8358  0.00273176
-42.8064  0.00277046
-42.777  0.00280782
-42.7476  0.00284381
-42.7182  0.00287835
-42.6888  0.00291137
-42.6594  0.00294281
-42.63  0.00297263
-42.6006  0.00300079
-42.5712  0.00302719
-42.5418  0.00305182
-42.5124  0.00307462
-42.483  0.00309557
-42.4536  0.00311462
-42.4242  0.00313174
-42.3948  0.0031469
-42.3654  0.00316009
-42.336  0.00317127
-42.3066  0.00318043
-42.2772  0.00318759
-42.2478  0.00319271
-42.2184  0.00319579
-42.189  0.00319686
-42.1596  0.00319588
-42.1302  0.00319291
-42.1008  0.00318794
-42.0714  0.00318099
-42.042  0.00317211
-42.0126  0.00316132
-41.9832  0.00314863
-41.9538  0.00313408
-41.9244  0.00311776
-41.895  0.00309964
-41.8656  0.00307985
-41.8362  0.00305839
-41.8068  0.00303534
-41.7774  0.00301074
-41.748  0.00298466
-41.7186  0.00295717
-41.6892  0.00292832
-41.6598  0.00289822
-41.6304  0.00286688
-41.601  0.00283443
-41.5716  0.00280092
-41.5422  0.00276642
-41.5128  0.00273102
-41.4834  0.0026948
-41.454  0.00265783
-41.4246  0.00262019
-41.3952  0.00258195
-41.3658  0.00254322
-41.3364  0.00250406
-41.307  0.00246454
-41.2776  0.00242474
-41.2482  0.00238472
-41.2188  0.00234459
-41.1894  0.00230439
-41.16  0.00226422
-41.1306  0.00222412
-41.1012  0.00218418
-41.0718  0.00214444
-41.0424  0.00210497
-41.013  0.00206583
-40.9836  0.00202707
-40.9542  0.00198875
-40.9248  0.0019509
-40.8954  0.0019136
-40.866  0.00187687
-40.8366  0.00184073
-40.8072  0.00180524
-40.7778  0.00177043
-40.7484  0.00173631
-40.719  0.00170293
-40.6896  0.00167028
-40.6602  0.00163841
-40.6308  0.00160728
-40.6014  0.00157696
-40.572  0.00154742
-40.5426  0.00151867
-40.5132  0.00149072
-40.4838  0.00146355
-40.4544  0.00143715
-40.425  0.00141152
-40.3956  0.00138667
-40.3662  0.00136254
-40.3368  0.00133914
-40.3074  0.00131644
-40.278  0.0012944
-40.2486  0.00127302
-40.2192  0.00125228
-40.1898  0.00123213
-40.1604  0.00121254
-40.131  0.0011935
-40.1016  0.00117495
-40.0722  0.00115688
-40.0428  0.00113924
-40.0134  0.00112201
-39.984  0.00110516
-39.9546  0.00108863
-39.9252  0.00107241
-39.8958  0.00105646
-39.8664  0.00104074
-39.837  0.00102523
-39.8076  0.00100989
-39.7782  0.000994685
-39.7488  0.000979587
-39.7194  0.000964581
-39.69  0.000949625
-39.6606  0.000934705
-39.6312  0.000919801
-39.6018  0.000904875
-39.5724  0.000889916
-39.543  0.000874913
-39.5136  0.000859847
-39.4842  0.000844699
-39.4548  0.000829466
-39.4254  0.000814133
-39.396  0.000798688
-39.3666  0.000783142
-39.3372  0.000767483
-39.3078  0.000751711
-39.2784  0.000735831
-39.249  0.000719847
-39.2196  0.00070376
-39.1902  0.000687587
-39.1608  0.000671325
-39.1314  0.000654999
-39.102  0.000638618
-39.0726  0.00062219
-39.0432  0.000605738
-39.0138  0.000589286
-38.9844  0.000572844
-38.955  0.000556434
-38.9256  0.00054008
-38.8962  0.0005238
-38.8668  0.000507631
-38.8374  0.000491574
-38.808  0.000475673
-38.7786  0.000459938
-38.7492  0.000444409
-38.7198  0.0004291
-38.6904  0.000414035
-38.661  0.000399244
-38.6316  0.000384746
-38.6022  0.000370566
-38.5728  0.000356726
-38.5434  0.000343251
-38.514  0.000330164
-38.4846  0.000317474
-38.4552  0.00030521
-38.4258  0.000293387
-38.3964  0.000282019
-38.367  0.000271127
-38.3376  0.000260722
-38.3082  0.000250809
-38.2788  0.000241408
-38.2494  0.000232523
-38.22  0.000224171
-38.1906  0.000216339
-38.1612  0.000209049
-38.1318  0.000202295
-38.1024  0.000196081
-38.073  0.0001904
-38.0436  0.000185253
-38.0142  0.000180641
-37.9848  0.00017655
-37.9554  0.000172977
-37.926  0.000169915
-37.8966  0.000167344
-37.8672  0.000165266
-37.8378  0.00016366
-37.8084  0.000162514
-37.779  0.000161814
-37.7496  0.00016154
-37.7202  0.000161679
-37.6908  0.000162211
-37.6614  0.000163117
-37.632  0.000164384
-37.6026  0.000165982
-37.5732  0.0001679
-37.5438  0.000170108
-37.5144  0.000172597
-37.485  0.000175336
-37.4556  0.000178311
-37.4262  0.000181499
-37.3968  0.000184874
-37.3674  0.000188427
-37.338  0.000192128
-37.3086  0.000195964
-37.2792  0.000199913
-37.2498  0.000203963
-37.2204  0.000208086
-37.191  0.000212271
-37.1616  0.000216505
-37.1322  0.000220765
-37.1028  0.000225046
-37.0734  0.000229332
-37.044  0.000233605
-37.0146  0.000237863
-36.9852  0.000242086
-36.9558  0.000246274
-36.9264  0.000250415
-36.897  0.000254502
-36.8676  0.00025853
-36.8382  0.000262489
-36.8088  0.00026639
-36.7794  0.000270209
-36.75  0.000273962
-36.7206  0.000277638
-36.6912  0.00028124
-36.6618  0.00028477
-36.6324  0.000288236
-36.603  0.000291623
-36.5736  0.000294945
-36.5442  0.000298212
-36.5148  0.000301415
-36.4854  0.000304568
-36.456  0.000307671
-36.4266  0.000310733
-36.3972  0.000313762
-36.3678  0.000316754
-36.3384  0.000319735
-36.309  0.000322691
-36.2796  0.000325642
-36.2502  0.000328588
-36.2208  0.00033154
-36.1914  0.0003345
-36.162  0.000337484
-36.1326  0.000340494
-36.1032  0.000343529
-36.0738  0.00034661
-36.0444  0.000349734
-36.015  0.000352912
-35.9856  0.000356138
-35.9562  0.000359435
-35.9268  0.000362797
-35.8974  0.000366234
-35.868  0.000369751
-35.8386  0.000373347
-35.8092  0.000377041
-35.7798  0.000380818
-35.7504  0.000384695
-35.721  0.000388674
-35.6916  0.000392763
-35.6622  0.00039696
-35.6328  0.000401272
-35.6034  0.000405705
-35.574  0.000410256
-35.5446  0.000414948
-35.5152  0.000419761
-35.4858  0.000424724
-35.4564  0.000429825
-35.427  0.00043508
-35.3976  0.000440491
-35.3682  0.000446076
-35.3388  0.000451828
-35.3094  0.000457762
-35.28  0.00046389
-35.2506  0.000470221
-35.2212  0.000476759
-35.1918  0.00048352
-35.1624  0.000490529
-35.133  0.000497778
-35.1036  0.000505295
-35.0742  0.000513089
-35.0448  0.000521181
-35.0154  0.000529586
-34.986  0.000538323
-34.9566  0.000547412
-34.9272  0.00055688
-34.8978  0.000566731
-34.8684  0.000577002
-34.839  0.000587711
-34.8096  0.000598881
-34.7802  0.000610534
-34.7508  0.000622698
-34.7214  0.000635409
-34.692  0.000648676
-34.6626  0.000662538
-34.6332  0.000677013
-34.6038  0.000692133
-34.5744  0.000707928
-34.545  0.000724413
-34.5156  0.000741636
-34.4862  0.000759603
-34.4568  0.000778363
-34.4274  0.000797909
-34.398  0.000818304
-34.3686  0.000839544
-34.3392  0.000861665
-34.3098  0.00088468
-34.2804  0.000908622
-34.251  0.000933506
-34.2216  0.000959339
-34.1922  0.00098616
-34.1628  0.00101395
-34.1334  0.00104275
-34.104  0.00107255
-34.0746  0.00110337
-34.0452  0.0011352
-34.0158  0.00116806
-33.9864  0.00120195
-33.957  0.00123683
-33.9276  0.00127273
-33.8982  0.00130964
-33.8688  0.00134752
-33.8394  0.00138637
-33.81  0.00142617
-33.7806  0.00146689
-33.7512  0.00150851
-33.7218  0.00155101
-33.6924  0.00159432
-33.663  0.00163844
-33.6336  0.00168332
-33.6042  0.00172889
-33.5748  0.00177514
-33.5454  0.00182199
-33.516  0.0018694
-33.4866  0.00191732
-33.4572  0.00196567
-33.4278  0.00201439
-33.3984  0.00206341
-33.369  0.00211268
-33.3396  0.00216211
-33.3102  0.00221164
-33.2808  0.0022612
-33.2514  0.00231067
-33.222  0.00236
-33.1926  0.0024091
-33.1632  0.00245789
-33.1338  0.00250629
-33.1044  0.00255422
-33.075  0.00260158
-33.0456  0.00264827
-33.0162  0.00269423
-32.9868  0.00273936
-32.9574  0.00278358
-32.928  0.0028268
-32.8986  0.00286893
-32.8692  0.0029099
-32.8398  0.00294961
-32.8104  0.00298799
-32.781  0.00302495
-32.7516  0.00306044
-32.7222  0.00309436
-32.6928  0.00312662
-32.6634  0.00315721
-32.634  0.00318602
-32.6046  0.00321301
-32.5752  0.00323809
-32.5458  0.00326123
-32.5164  0.00328239
-32.487  0.00330149
-32.4576  0.00331851
-32.4282  0.00333341
-32.3988  0.00334615
-32.3694  0.00335671
-32.34  0.00336506
-32.3106  0.00337117
-32.2812  0.00337504
-32.2518  0.00337666
-32.2224  0.00337602
-32.193  0.00337312
-32.1636  0.00336797
-32.1342  0.00336058
-32.1048  0.00335097
-32.0754  0.00333913
-32.046  0.00332513
-32.0166  0.00330897
-31.9872  0.00329069
-31.9578  0.00327031
-31.9284  0.00324792
-31.899  0.00322354
-31.8696  0.0031972
-31.8402  0.003169
-31.8108  0.00313895
-31.7814  0.00310715
-31.752  0.00307365
-31.7226  0.00303851
-31.6932  0.00300182
-31.6638  0.00296364
-31.6344  0.00292406
-31.605  0.00288313
-31.5756  0.00284095
-31.5462  0.00279761
-31.5168  0.00275317
-31.4874  0.00270771
-31.458  0.00266135
-31.4286  0.00261416
-31.3992  0.00256621
-31.3698  0.00251761
-31.3404  0.00246842
-31.311  0.00241872
-31.2816  0.00236862
-31.2522  0.00231818
-31.2228  0.00226751
-31.1934  0.00221666
-31.164  0.00216574
-31.1346  0.0021148
-31.1052  0.00206392
-31.0758  0.00201318
-31.0464  0.00196265
-31.017  0.00191239
-30.9876  0.0018625
-30.9582  0.00181298
-30.9288  0.00176395
-30.8994  0.00171544
-30.87  0.0016675
-30.8406  0.0016202
-30.8112  0.00157356
-30.7818  0.00152766
-30.7524  0.00148252
-30.723  0.00143818
-30.6936  0.00139467
-30.6642  0.00135204
-30.6348  0.00131031
-30.6054  0.00126951
-30.576  0.00122965
-30.5466  0.00119076
-30.5172  0.00115286
-30.4878  0.00111595
-30.4584  0.00108005
-30.429  0.00104517
-30.3996  0.00101132
-30.3702  0.00097849
-30.3408  0.000946679
-30.3114  0.000915909
-30.282  0.000886143
-30.2526  0.000857408
-30.2232  0.000829658
-30.1938  0.00080293
-30.1644  0.000777171
-30.135  0.000752396
-30.1056  0.000728573
-30.0762  0.000705692
-30.0468  0.00068374
-30.0174  0.000662693
-29.988  0.000642543
-29.9586  0.000623258
-29.9292  0.000604831
-29.8998  0.000587219
-29.8704  0.00057043
-29.841  0.00055442
-29.8116  0.000539188
-29.7822  0.000524695
-29.7528  0.000510922
-29.7234  0.000497863
-29.694  0.000485477
-29.6646  0.000473755
-29.6352  0.000462674
-29.6058  0.00045221
-29.5764  0.000442349
-29.547  0.000433065
-29.5176  0.000424348
-29.4882  0.000416167
-29.4588  0.000408514
-29.4294  0.000401369
-29.4  0.000394712
-29.3706  0.000388529
-29.3412  0.000382799
-29.3118  0.000377518
-29.2824  0.000372656
-29.253  0.000368213
-29.2236  0.000364163
-29.1942  0.000360497
-29.1648  0.000357203
-29.1354  0.000354262
-29.106  0.000351673
-29.0766  0.000349405
-29.0472  0.000347465
-29.0178  0.000345826
-28.9884  0.000344478
-28.959  0.000343416
-28.9296  0.000342622
-28.9002  0.000342082
-28.8708  0.000341791
-28.8414  0.000341731
-28.812  0.000341886
-28.7826  0.000342249
-28.7532  0.000342806
-28.7238  0.000343544
-28.6944  0.000344446
-28.665  0.000345502
-28.6356  0.000346694
-28.6062  0.000348008
-28.5768  0.000349439
-28.5474  0.000350954
-28.518  0.000352546
-28.4886  0.000354204
-28.4592  0.000355911
-28.4298  0.000357643
-28.4004  0.00035939
-28.371  0.000361129
-28.3416  0.000362855
-28.3122  0.000364539
-28.2828  0.000366165
-28.2534  0.000367725
-28.224  0.000369188
-28.1946  0.000370546
-28.1652  0.000371782
-28.1358  0.000372876
-28.1064  0.000373809
-28.077  0.000374568
-28.0476  0.000375136
-28.0182  0.000375504
-27.9888  0.000375653
-27.9594  0.00037556
-27.93  0.000375219
-27.9006  0.000374616
-27.8712  0.00037374
-27.8418  0.000372578
-27.8124  0.000371117
-27.783  0.000369354
-27.7536  0.000367276
-27.7242  0.000364874
-27.6948  0.000362147
-27.6654  0.000359084
-27.636  0.000355687
-27.6066  0.000351948
-27.5772  0.000347871
-27.5478  0.000343453
-27.5184  0.000338689
-27.489  0.000333591
-27.4596  0.000328166
-27.4302  0.00032241
-27.4008  0.000316334
-27.3714  0.000309953
-27.342  0.00030326
-27.3126  0.000296284
-27.2832  0.000289026
-27.2538  0.0002815
-27.2244  0.000273726
-27.195  0.00026572
-27.1656  0.000257498
-27.1362  0.000249069
-27.1068  0.000240462
-27.0774  0.000231701
-27.048  0.000222794
-27.0186  0.000213772
-26.9892  0.000204661
-26.9598  0.000195467
-26.9304  0.000186232
-26.901  0.000176971
-26.8716  0.000167713
-26.8422  0.000158474
-26.8128  0.000149287
-26.7834  0.000140177
-26.754  0.000131167
-26.7246  0.000122278
-26.6952  0.000113537
-26.6658  0.00010497
-26.6364  9.66014e-05
-26.607  8.8451e-05
-26.5776  8.05449e-05
-26.5482  7.29001e-05
-26.5188  6.55435e-05
-26.4894  5.84923e-05
-26.46  5.17701e-05
-26.4306  4.53916e-05
-26.4012  3.93761e-05
-26.3718  3.37375e-05
-26.3424  2.84942e-05
-26.313  2.36594e-05
-26.2836  1.9246e-05
-26.2542  1.5267e-05
-26.2248  1.17314e-05
-26.1954  8.64837e-06
-26.166  6.02521e-06
-26.1366  3.86997e-06
-26.1072  2.18701e-06
-26.0778  9.79731e-07
-26.0484  2.5104e-07
-26.019  1.9746e-09
-25.9896  2.32376e-07
-25.9602  9.40838e-07
-25.9308  2.12449e-06
-25.9014  3.77978e-06
-25.872  5.90218e-06
-25.8426  8.48458e-06
-25.8132  1.15209e-05
-25.7838  1.50022e-05
-25.7544  1.89189e-05
-25.725  2.32636e-05
-25.6956  2.80226e-05
-25.6662  3.31852e-05
-25.6368  3.87396e-05
-25.6074  4.4673e-05
-25.578  5.09736e-05
-25.5486  5.76228e-05
-25.5192  6.46136e-05
-25.4898  7.19241e-05
-25.4604  7.95428e-05
-25.431  8.74586e-05
-25.4016  9.56503e-05
-25.3722  0.000104107
-25.3428  0.000112809
-25.3134  0.000121749
-25.284  0.000130903
-25.2546  0.000140265
-25.2252  0.000149815
-25.1958  0.000159539
-25.1664  0.00016943
-25.137  0.000179465
-25.1076  0.000189639
-25.0782  0.000199936
-25.0488  0.000210349
-25.0194  0.000220856
-24.99  0.000231457
-24.9606  0.000242137
-24.9312  0.000252887
-24.9018  0.000263698
-24.8724  0.000274564
-24.843  0.00028547
-24.8136  0.000296412
-24.7842  0.000307387
-24.7548  0.000318385
-24.7254  0.000329407
-24.696  0.000340433
-24.6666  0.000351467
-24.6372  0.000362511
-24.6078  0.000373552
-24.5784  0.000384582
-24.549  0.000395608
-24.5196  0.00040662
-24.4902  0.000417615
-24.4608  0.000428598
-24.4314  0.000439552
-24.402  0.000450489
-24.3726  0.000461397
-24.3432  0.000472281
-24.3138  0.000483131
-24.2844  0.000493943
-24.255  0.000504724
-24.2256  0.000515465
-24.1962  0.000526161
-24.1668  0.000536812
-24.1374  0.000547411
-24.108  0.00055796
-24.0786  0.000568449
-24.0492  0.000578872
-24.0198  0.000589235
-23.9904  0.000599522
-23.961  0.00060973
-23.9316  0.000619856
-23.9022  0.000629884
-23.8728  0.000639822
-23.8434  0.000649657
-23.814  0.000659379
-23.7846  0.000668983
-23.7552  0.000678451
-23.7258  0.000687787
-23.6964  0.000696983
-23.667  0.000706019
-23.6376  0.000714902
-23.6082  0.000723599
-23.5788  0.000732115
-23.5494  0.000740451
-23.52  0.000748573
-23.4906  0.000756498
-23.4612  0.000764195
-23.4318  0.000771666
-23.4024  0.000778895
-23.373  0.000785869
-23.3436  0.000792589
-23.3142  0.000799041
-23.2848  0.000805225
-23.2554  0.000811124
-23.226  0.000816724
-23.1966  0.000822031
-23.1672  0.000827029
-23.1378  0.000831718
-23.1084  0.000836093
-23.079  0.000840145
-23.0496  0.000843873
-23.0202  0.000847262
-22.9908  0.000850324
-22.9614  0.00085306
-22.932  0.000855451
-22.9026  0.000857505
-22.8732  0.000859234
-22.8438  0.000860626
-22.8144  0.000861689
-22.785  0.000862417
-22.7556  0.000862822
-22.7262  0.000862915
-22.6968  0.000862695
-22.6674  0.00086216
-22.638  0.000861333
-22.6086  0.000860215
-22.5792  0.000858821
-22.5498  0.000857152
-22.5204  0.000855229
-22.491  0.000853057
-22.4616  0.000850646
-22.4322  0.00084802
-22.4028  0.000845179
-22.3734  0.000842147
-22.344  0.000838945
-22.3146  0.00083558
-22.2852  0.000832062
-22.2558  0.000828425
-22.2264  0.000824675
-22.197  0.000820827
-22.1676  0.000816905
-22.1382  0.000812931
-22.1088  0.000808908
-22.0794  0.00080488
-22.05  0.000800842
-22.0206  0.000796825
-21.9912  0.000792852
-21.9618  0.000788926
-21.9324  0.00078508
-21.903  0.000781327
-21.8736  0.000777705
-21.8442  0.000774202
-21.8148  0.000770857
-21.7854  0.000767683
-21.756  0.000764698
-21.7266  0.000761932
-21.6972  0.000759386
-21.6678  0.0007571
-21.6384  0.000755063
-21.609  0.000753316
-21.5796  0.000751866
-21.5502  0.00075074
-21.5208  0.000749947
-21.4914  0.000749506
-21.462  0.000749432
-21.4326  0.000749742
-21.4032  0.000750457
-21.3738  0.000751589
-21.3444  0.000753143
-21.315  0.000755153
-21.2856  0.000757622
-21.2562  0.00076057
-21.2268  0.000764
-21.1974  0.000767941
-21.168  0.000772405
-21.1386  0.000777394
-21.1092  0.000782934
-21.0798  0.00078902
-21.0504  0.000795685
-21.021  0.000802937
-20.9916  0.000810771
-20.9622  0.000819224
-20.9328  0.000828283
-20.9034  0.000837972
-20.874  0.000848299
-20.8446  0.000859275
-20.8152  0.000870906
-20.7858  0.0008832
-20.7564  0.000896167
-20.727  0.000909807
-20.6976  0.000924145
-20.6682  0.000939176
-20.6388  0.000954894
-20.6094  0.000971329
-20.58  0.000988463
-20.5506  0.0010063
-20.5212  0.00102486
-20.4918  0.00104411
-20.4624  0.00106408
-20.433  0.00108476
-20.4036  0.00110614
-20.3742  0.00112822
-20.3448  0.00115099
-20.3154  0.00117444
-20.286  0.00119857
-20.2566  0.00122337
-20.2272  0.00124882
-20.1978  0.0012749
-20.1684  0.00130161
-20.139  0.00132891
-20.1096  0.00135679
-20.0802  0.00138524
-20.0508  0.00141423
-20.0214  0.00144371
-19.992  0.00147369
-19.9626  0.00150411
-19.9332  0.00153496
-19.9038  0.00156618
-19.8744  0.00159775
-19.845  0.00162963
-19.8156  0.00166177
-19.7862  0.00169413
-19.7568  0.00172669
-19.7274  0.00175936
-19.698  0.00179212
-19.6686  0.00182491
-19.6392  0.00185769
-19.6098  0.00189038
-19.5804  0.00192294
-19.551  0.00195533
-19.5216  0.00198745
-19.4922  0.00201926
-19.4628  0.00205072
-19.4334  0.00208173
-19.404  0.00211228
-19.3746  0.00214226
-19.3452  0.00217162
-19.3158  0.00220031
-19.2864  0.00222824
-19.257  0.00225537
-19.2276  0.00228164
-19.1982  0.00230695
-19.1688  0.00233128
-19.1394  0.00235456
-19.11  0.00237671
-19.0806  0.00239768
-19.0512  0.00241742
-19.0218  0.00243588
-18.9924  0.002453
-18.963  0.00246873
-18.9336  0.00248301
-18.9042  0.00249582
-18.8748  0.00250709
-18.8454  0.00251679
-18.816  0.0025249
-18.7866  0.00253136
-18.7572  0.00253617
-18.7278  0.00253928
-18.6984  0.00254065
-18.669  0.00254029
-18.6396  0.00253818
-18.6102  0.00253431
-18.5808  0.00252867
-18.5514  0.00252125
-18.522  0.00251207
-18.4926  0.00250112
-18.4632  0.00248841
-18.4338  0.00247397
-18.4044  0.0024578
-18.375  0.00243993
-18.3456  0.0024204
-18.3162  0.00239922
-18.2868  0.00237643
-18.2574  0.00235207
-18.228  0.0023262
-18.1986  0.00229885
-18.1692  0.00227004
-18.1398  0.0022399
-18.1104  0.00220843
-18.081  0.00217569
-18.0516  0.00214177
-18.0222  0.00210672
-17.9928  0.0020706
-17.9634  0.00203349
-17.934  0.00199547
-17.9046  0.00195659
-17.8752  0.00191694
-17.8458  0.00187659
-17.8164  0.00183563
-17.787  0.00179411
-17.7576  0.00175214
-17.7282  0.00170978
-17.6988  0.00166711
-17.6694  0.0016242
-17.64  0.00158115
-17.6106  0.00153801
-17.5812  0.00149487
-17.5518  0.00145179
-17.5224  0.00140886
-17.493  0.00136613
-17.4636  0.00132369
-17.4342  0.00128157
-17.4048  0.00123988
-17.3754  0.00119864
-17.346  0.00115792
-17.3166  0.00111779
-17.2872  0.00107829
-17.2578  0.00103945
-17.2284  0.00100134
-17.199  0.000963999
-17.1696  0.000927453
-17.1402  0.000891742
-17.1108  0.000856917
-17.0814  0.000822964
-17.052  0.000789945
-17.0226  0.000757876
-16.9932  0.000726765
-16.9638  0.000696626
-16.9344  0.000667476
-16.905  0.000639328
-16.8756  0.00061218
-16.8462  0.000586032
-16.8168  0.000560888
-16.7874  0.000536747
-16.758  0.000513608
-16.7286  0.000491455
-16.6992  0.00047028
-16.6698  0.000450076
-16.6404  0.000430826
-16.611  0.000412518
-16.5816  0.000395138
-16.5522  0.000378668
-16.5228  0.000363087
-16.4934  0.000348387
-16.464  0.000334532
-16.4346  0.000321519
-16.4052  0.000309318
-16.3758  0.000297918
-16.3464  0.000287298
-16.317  0.000277435
-16.2876  0.000268316
-16.2582  0.000259929
-16.2288  0.000252251
-16.1994  0.000245269
-16.17  0.000238966
-16.1406  0.000233337
-16.1112  0.000228369
-16.0818  0.000224045
-16.0524  0.000220367
-16.023  0.000217326
-15.9936  0.000214911
-15.9642  0.000213123
-15.9348  0.000211962
-15.9054  0.000211427
-15.876  0.000211515
-15.8466  0.00021223
-15.8172  0.000213579
-15.7878  0.000215559
-15.7584  0.000218183
-15.729  0.00022146
-15.6996  0.000225394
-15.6702  0.000229991
-15.6408  0.000235261
-15.6114  0.000241219
-15.582  0.000247867
-15.5526  0.000255221
-15.5232  0.000263286
-15.4938  0.000272073
-15.4644  0.000281582
-15.435  0.000291833
-15.4056  0.000302825
-15.3762  0.000314568
-15.3468  0.000327058
-15.3174  0.000340305
-15.288  0.000354306
-15.2586  0.000369061
-15.2292  0.000384556
-15.1998  0.000400803
-15.1704  0.000417776
-15.141  0.000435468
-15.1116  0.00045387
-15.0822  0.000472967
-15.0528  0.000492728
-15.0234  0.000513128
-14.994  0.000534159
-14.9646  0.000555772
-14.9352  0.000577951
-14.9058  0.000600643
-14.8764  0.000623819
-14.847  0.000647435
-14.8176  0.000671447
-14.7882  0.000695807
-14.7588  0.000720456
-14.7294  0.000745349
-14.7  0.000770434
-14.6706  0.000795643
-14.6412  0.000820913
-14.6118  0.000846182
-14.5824  0.000871398
-14.553  0.000896476
-14.5236  0.000921365
-14.4942  0.000945987
-14.4648  0.000970272
-14.4354  0.000994162
-14.406  0.00101757
-14.3766  0.00104044
-14.3472  0.00106269
-14.3178  0.00108427
-14.2884  0.0011051
-14.259  0.00112512
-14.2296  0.00114426
-14.2002  0.00116246
-14.1708  0.00117968
-14.1414  0.00119583
-14.112  0.00121089
-14.0826  0.00122479
-14.0532  0.00123749
-14.0238  0.00124894
-13.9944  0.00125913
-13.965  0.00126799
-13.9356  0.00127552
-13.9062  0.00128168
-13.8768  0.00128647
-13.8474  0.00128985
-13.818  0.00129183
-13.7886  0.00129241
-13.7592  0.00129158
-13.7298  0.00128934
-13.7004  0.00128573
-13.671  0.00128076
-13.6416  0.00127444
-13.6122  0.0012668
-13.5828  0.00125788
-13.5534  0.00124773
-13.524  0.00123637
-13.4946  0.00122388
-13.4652  0.00121029
-13.4358  0.00119566
-13.4064  0.00118005
-13.377  0.00116352
-13.3476  0.00114615
-13.3182  0.001128
-13.2888  0.00110914
-13.2594  0.00108967
-13.23  0.00106963
-13.2006  0.00104912
-13.1712  0.00102822
-13.1418  0.00100699
-13.1124  0.000985522
-13.083  0.000963888
-13.0536  0.00094218
-13.0242  0.000920455
-12.9948  0.000898803
-12.9654  0.000877291
-12.936  0.000855992
-12.9066  0.000834965
-12.8772  0.000814289
-12.8478  0.000794005
-12.8184  0.000774192
-12.789  0.00075488
-12.7596  0.00073613
-12.7302  0.000717988
-12.7008  0.00070049
-12.6714  0.00068366
-12.642  0.000667539
-12.6126  0.000652143
-12.5832  0.000637498
-12.5538  0.000623597
-12.5244  0.000610464
-12.495  0.000598096
-12.4656  0.00058648
-12.4362  0.000575611
-12.4068  0.000565475
-12.3774  0.000556045
-12.348  0.000547308
-12.3186  0.000539215
-12.2892  0.000531744
-12.2598  0.000524859
-12.2304  0.000518509
-12.201  0.00051264
-12.1716  0.000507225
-12.1422  0.000502183
-12.1128  0.000497483
-12.0834  0.000493056
-12.054  0.000488849
-12.0246  0.000484807
-11.9952  0.000480856
-11.9658  0.000476946
-11.9364  0.000473015
-11.907  0.000469016
-11.8776  0.000464873
-11.8482  0.00046054
-11.8188  0.000455969
-11.7894  0.000451105
-11.76  0.000445895
-11.7306  0.000440315
-11.7012  0.000434309
-11.6718  0.000427846
-11.6424  0.000420902
-11.613  0.00041345
-11.5836  0.00040546
-11.5542  0.000396937
-11.5248  0.000387862
-11.4954  0.000378236
-11.466  0.000368059
-11.4366  0.000357348
-11.4072  0.000346121
-11.3778  0.000334393
-11.3484  0.000322206
-11.319  0.000309579
-11.2896  0.000296569
-11.2602  0.000283214
-11.2308  0.00026957
-11.2014  0.000255697
-11.172  0.000241661
-11.1426  0.000227523
-11.1132  0.000213363
-11.0838  0.000199252
-11.0544  0.000185274
-11.025  0.00017151
-10.9956  0.000158046
-10.9662  0.000144969
-10.9368  0.000132372
-10.9074  0.000120336
-10.878  0.000108962
-10.8486  9.83319e-05
-10.8192  8.85385e-05
-10.7898  7.96623e-05
-10.7604  7.17938e-05
-10.731  6.50128e-05
-10.7016  5.93998e-05
-10.6722  5.50231e-05
-10.6428  5.19582e-05
-10.6134  5.02665e-05
-10.584  5.00068e-05
-10.5546  5.12319e-05
-10.5252  5.39904e-05
-10.4958  5.83156e-05
-10.4664  6.4242e-05
-10.437  7.17903e-05
-10.4076  8.09784e-05
-10.3782  9.18106e-05
-10.3488  0.000104285
-10.3194  0.00011839
-10.29  0.00013411
-10.2606  0.000151412
-10.2312  0.00017026
-10.2018  0.000190607
-10.1724  0.000212403
-10.143  0.000235569
-10.1136  0.000260053
-10.0842  0.000285764
-10.0548  0.000312619
-10.0254  0.000340519
-9.996  0.000369368
-9.9666  0.000399052
-9.9372  0.000429462
-9.9078  0.000460487
-9.8784  0.000491991
-9.849  0.000523866
-9.8196  0.000555964
-9.7902  0.00058817
-9.7608  0.000620351
-9.7314  0.000652366
-9.702  0.000684086
-9.6726  0.000715388
-9.6432  0.000746136
-9.6138  0.000776207
-9.5844  0.000805476
-9.555  0.000833839
-9.5256  0.000861174
-9.4962  0.000887377
-9.4668  0.000912347
-9.4374  0.000936005
-9.408  0.000958263
-9.3786  0.000979053
-9.3492  0.000998303
-9.3198  0.00101598
-9.2904  0.00103203
-9.261  0.00104644
-9.2316  0.00105918
-9.2022  0.00107027
-9.1728  0.0010797
-9.1434  0.00108751
-9.114  0.00109373
-9.0846  0.00109842
-9.0552  0.00110166
-9.0258  0.00110352
-8.9964  0.00110412
-8.967  0.00110355
-8.9376  0.00110196
-8.9082  0.00109949
-8.8788  0.0010963
-8.8494  0.00109258
-8.82  0.00108851
-8.7906  0.00108432
-8.7612  0.00108021
-8.7318  0.00107645
-8.7024  0.00107328
-8.673  0.00107099
-8.6436  0.00106986
-8.6142  0.00107021
-8.5848  0.00107237
-8.5554  0.00107668
-8.526  0.00108351
-8.4966  0.00109324
-8.4672  0.00110628
-8.4378  0.00112305
-8.4084  0.001144
-8.379  0.00116962
-8.3496  0.00120038
-8.3202  0.00123684
-8.2908  0.00127954
-8.2614  0.00132907
-8.232  0.00138604
-8.2026  0.00145113
-8.1732  0.00152502
-8.1438  0.00160848
-8.1144  0.00170228
-8.085  0.00180727
-8.0556  0.00192434
-8.0262  0.00205447
-7.9968  0.00219866
-7.9674  0.00235802
-7.938  0.00253372
-7.9086  0.00272703
-7.8792  0.0029393
-7.8498  0.00317196
-7.8204  0.00342659
-7.791  0.00370483
-7.7616  0.00400849
-7.7322  0.00433952
-7.7028  0.00469996
-7.6734  0.00509203
-7.644  0.00551817
-7.6146  0.00598089
-7.5852  0.00648299
-7.5558  0.00702739
-7.5264  0.00761728
-7.497  0.00825609
-7.4676  0.00894741
-7.4382  0.00969524
-7.4088  0.0105037
-7.3794  0.0113773
-7.35  0.0123209
-7.3206  0.0133396
-7.2912  0.0144388
-7.2618  0.0156245
-7.2324  0.0169028
-7.203  0.0182806
-7.1736  0.0197647
-7.1442  0.021363
-7.1148  0.0230834
-7.0854  0.0249345
-7.056  0.0269255
-7.0266  0.029066
-6.9972  0.0313665
-6.9678  0.0338378
-6.9384  0.0364916
-6.909  0.0393402
-6.8796  0.0423968
-6.8502  0.045675
-6.8208  0.0491897
-6.7914  0.0529564
-6.762  0.0569915
-6.7326  0.0613123
-6.7032  0.0659373
-6.6738  0.0708858
-6.6444  0.0761783
-6.615  0.0818366
-6.5856  0.0878834
-6.5562  0.0943427
-6.5268  0.10124
-6.4974  0.108602
-6.468  0.116457
-6.4386  0.124835
-6.4092  0.133767
-6.3798  0.143285
-6.3504  0.153426
-6.321  0.164224
-6.2916  0.175718
-6.2622  0.187948
-6.2328  0.200958
-6.2034  0.21479
-6.174  0.229492
-6.1446  0.245113
-6.1152  0.261704
-6.0858  0.279319
-6.0564  0.298014
-6.027  0.317849
-5.9976  0.338885
-5.9682  0.361188
-5.9388  0.384826
-5.9094  0.409869
-5.88  0.436393
-5.8506  0.464475
-5.8212  0.494197
-5.7918  0.525644
-5.7624  0.558905
-5.733  0.594073
-5.7036  0.631245
-5.6742  0.670522
-5.6448  0.712011
-5.6154  0.75582
-5.586  0.802066
-5.5566  0.850868
-5.5272  0.902349
-5.4978  0.956642
-5.4684  1.01388
-5.439  1.0742
-5.4096  1.13776
-5.3802  1.20469
-5.3508  1.27517
-5.3214  1.34936
-5.292  1.42741
-5.2626  1.50952
-5.2332  1.59586
-5.2038  1.68662
-5.1744  1.782
-5.145  1.8822
-5.1156  1.98743
-5.0862  2.0979
-5.0568  2.21385
-5.0274  2.33549
-4.998  2.46307
-4.9686  2.59684
-4.9392  2.73705
-4.9098  2.88396
-4.8804  3.03783
-4.851  3.19895
-4.8216  3.3676
-4.7922  3.54407
-4.7628  3.72866
-4.7334  3.92169
-4.704  4.12345
-4.6746  4.33429
-4.6452  4.55453
-4.6158  4.7845
-4.5864  5.02457
-4.557  5.27507
-4.5276  5.53638
-4.4982  5.80885
-4.4688  6.09288
-4.4394  6.38884
-4.41  6.69711
-4.3806  7.01811
-4.3512  7.35223
-4.3218  7.69988
-4.2924  8.06147
-4.263  8.43743
-4.2336  8.82819
-4.2042  9.23417
-4.1748  9.6558
-4.1454  10.0935
-4.116  10.5478
-4.0866  11.0191
-4.0572  11.5078
-4.0278  12.0144
-3.9984  12.5394
-3.969  13.0831
-3.9396  13.6461
-3.9102  14.2288
-3.8808  14.8317
-3.8514  15.4552
-3.822  16.0998
-3.7926  16.7659
-3.7632  17.454
-3.7338  18.1645
-3.7044  18.8979
-3.675  19.6545
-3.6456  20.4349
-3.6162  21.2394
-3.5868  22.0684
-3.5574  22.9224
-3.528  23.8018
-3.4986  24.7068
-3.4692  25.638
-3.4398  26.5956
-3.4104  27.5801
-3.381  28.5916
-3.3516  29.6307
-3.3222  30.6974
-3.2928  31.7923
-3.2634  32.9154
-3.234  34.0671
-3.2046  35.2476
-3.1752  36.4571
-3.1458  37.6957
-3.1164  38.9637
-3.087  40.2612
-3.0576  41.5883
-3.0282  42.945
-2.9988  44.3315
-2.9694  45.7478
-2.94  47.1939
-2.9106  48.6698
-2.8812  50.1754
-2.8518  51.7107
-2.8224  53.2755
-2.793  54.8696
-2.7636  56.493
-2.7342  58.1454
-2.7048  59.8266
-2.6754  61.5363
-2.646  63.2741
-2.6166  65.0397
-2.5872  66.8328
-2.5578  68.653
-2.5284  70.4996
-2.499  72.3724
-2.4696  74.2706
-2.4402  76.1939
-2.4108  78.1415
-2.3814  80.1127
-2.352  82.1071
-2.3226  84.1237
-2.2932  86.1618
-2.2638  88.2207
-2.2344  90.2995
-2.205  92.3974
-2.1756  94.5133
-2.1462  96.6464
-2.1168  98.7957
-2.0874  100.96
-2.058  103.139
-2.0286  105.33
-1.9992  107.534
-1.9698  109.748
-1.9404  111.972
-1.911  114.204
-1.8816  116.443
-1.8522  118.688
-1.8228  120.937
-1.7934  123.19
-1.764  125.444
-1.7346  127.699
-1.7052  129.952
-1.6758  132.203
-1.6464  134.45
-1.617  136.692
-1.5876  138.927
-1.5582  141.153
-1.5288  143.37
-1.4994  145.575
-1.47  147.767
-1.4406  149.944
-1.4112  152.105
-1.3818  154.249
-1.3524  156.373
-1.323  158.476
-1.2936  160.557
-1.2642  162.613
-1.2348  164.644
-1.2054  166.648
-1.176  168.623
-1.1466  170.567
-1.1172  172.48
-1.0878  174.359
-1.0584  176.204
-1.029  178.012
-0.9996  179.782
-0.9702  181.513
-0.9408  183.203
-0.9114  184.85
-0.882  186.454
-0.8526  188.014
-0.8232  189.527
-0.7938  190.992
-0.7644  192.409
-0.735  193.775
-0.7056  195.091
-0.6762  196.354
-0.6468  197.564
-0.6174  198.719
-0.588  199.819
-0.5586  200.862
-0.5292  201.848
-0.4998  202.775
-0.4704  203.644
-0.441  204.452
-0.4116  205.2
-0.3822  205.887
-0.3528  206.512
-0.3234  207.075
-0.294  207.575
-0.2646  208.011
-0.2352  208.384
-0.2058  208.692
-0.1764  208.936
-0.147  209.116
-0.1176  209.231
-0.0882  209.281
-0.0588  209.266
-0.0294  209.187
-6.77626e-15  209.043
0.0294  208.834
0.0588  208.561
0.0882  208.223
0.1176  207.822
0.147  207.357
0.1764  206.829
0.2058  206.239
0.2352  205.587
0.2646  204.873
0.294  204.099
0.3234  203.264
0.3528  202.37
0.3822  201.418
0.4116  200.408
0.441  199.342
0.4704  198.219
0.4998  197.042
0.5292  195.811
0.5586  194.527
0.588  193.192
0.6174  191.807
0.6468  190.372
0.6762  188.889
0.7056  187.36
0.735  185.785
0.7644  184.167
0.7938  182.505
0.8232  180.803
0.8526  179.061
0.882  177.28
0.9114  175.462
0.9408  173.609
0.9702  171.722
0.9996  169.803
1.029  167.852
1.0584  165.873
1.0878  163.865
1.1172  161.832
1.1466  159.773
1.176  157.692
1.2054  155.589
1.2348  153.466
1.2642  151.325
1.2936  149.166
1.323  146.993
1.3524  144.806
1.3818  142.607
1.4112  140.397
1.4406  138.178
1.47  135.951
1.4994  133.718
1.5288  131.481
1.5582  129.24
1.5876  126.998
1.617  124.755
1.6464  122.514
1.6758  120.274
1.7052  118.039
1.7346  115.808
1.764  113.584
1.7934  111.368
1.8228  109.16
1.8522  106.962
1.8816  104.775
1.911  102.601
1.9404  100.44
1.9698  98.2934
1.9992  96.1622
2.0286  94.0476
2.058  91.9503
2.0874  89.8713
2.1168  87.8115
2.1462  85.7718
2.1756  83.7529
2.205  81.7556
2.2344  79.7806
2.2638  77.8287
2.2932  75.9005
2.3226  73.9965
2.352  72.1175
2.3814  70.2639
2.4108  68.4362
2.4402  66.6349
2.4696  64.8605
2.499  63.1133
2.5284  61.3937
2.5578  59.702
2.5872  58.0385
2.6166  56.4035
2.646  54.7972
2.6754  53.2198
2.7048  51.6714
2.7342  50.1522
2.7636  48.6623
2.793  47.2017
2.8224  45.7705
2.8518  44.3687
2.8812  42.9962
2.9106  41.653
2.94  40.3391
2.9694  39.0543
2.9988  37.7985
3.0282  36.5716
3.0576  35.3735
3.087  34.2038
3.1164  33.0624
3.1458  31.9492
3.1752  30.8637
3.2046  29.8058
3.234  28.7752
3.2634  27.7715
3.2928  26.7946
3.3222  25.8439
3.3516  24.9193
3.381  24.0202
3.4104  23.1465
3.4398  22.2976
3.4692  21.4733
3.4986  20.673
3.528  19.8965
3.5574  19.1432
3.5868  18.4129
3.6162  17.7049
3.6456  17.019
3.675  16.3547
3.7044  15.7116
3.7338  15.0892
3.7632  14.487
3.7926  13.9047
3.822  13.3417
3.8514  12.7977
3.8808  12.2722
3.9102  11.7647
3.9396  11.2749
3.969  10.8022
3.9984  10.3463
4.0278  9.90668
4.0572  9.48293
4.0866  9.07462
4.116  8.68134
4.1454  8.30265
4.1748  7.93815
4.2042  7.58743
4.2336  7.25009
4.263  6.92572
4.2924  6.61394
4.3218  6.31435
4.3512  6.02659
4.3806  5.75028
4.41  5.48504
4.4394  5.23053
4.4688  4.98639
4.4982  4.75228
4.5276  4.52785
4.557  4.31278
4.5864  4.10674
4.6158  3.90943
4.6452  3.72052
4.6746  3.53973
4.704  3.36676
4.7334  3.20131
4.7628  3.04312
4.7922  2.89192
4.8216  2.74744
4.851  2.60942
4.8804  2.47762
4.9098  2.3518
4.9392  2.23172
4.9686  2.11716
4.998  2.00789
5.0274  1.9037
5.0568  1.80439
5.0862  1.70976
5.1156  1.61961
5.145  1.53376
5.1744  1.45203
5.2038  1.37424
5.2332  1.30023
5.2626  1.22983
5.292  1.16288
5.3214  1.09924
5.3508  1.03877
5.3802  0.981314
5.4096  0.926746
5.439  0.874936
5.4684  0.82576
5.4978  0.779096
5.5272  0.734831
5.5566  0.692855
5.586  0.653059
5.6154  0.615344
5.6448  0.579612
5.6742  0.545768
5.7036  0.513722
5.733  0.48339
5.7624  0.454688
5.7918  0.427537
5.8212  0.401862
5.8506  0.377591
5.88  0.354654
5.9094  0.332984
5.9388  0.312519
5.9682  0.293199
5.9976  0.274965
6.027  0.257762
6.0564  0.241538
6.0858  0.226242
6.1152  0.211826
6.1446  0.198245
6.174  0.185455
6.2034  0.173414
6.2328  0.162083
6.2622  0.151423
6.2916  0.1414
6.321  0.131978
6.3504  0.123126
6.3798  0.114811
6.4092  0.107006
6.4386  0.0996806
6.468  0.0928096
6.4974  0.0863673
6.5268  0.0803297
6.5562  0.074674
6.5856  0.0693784
6.615  0.0644226
6.6444  0.0597868
6.6738  0.0554527
6.7032  0.0514027
6.7326  0.0476203
6.762  0.0440897
6.7914  0.040796
6.8208  0.0377251
6.8502  0.0348637
6.8796  0.0321992
6.909  0.0297195
6.9384  0.0274136
6.9678  0.0252706
6.9972  0.0232806
7.0266  0.021434
7.056  0.0197218
7.0854  0.0181357
7.1148  0.0166675
7.1442  0.0153098
7.1736  0.0140555
7.203  0.0128979
7.2324  0.0118306
7.2618  0.0108477
7.2912  0.00994374
7.3206  0.00911331
7.35  0.00835151
7.3794  0.00765366
7.4088  0.00701538
7.4382  0.00643252
7.4676  0.00590124
7.497  0.00541789
7.5264  0.00497899
7.5558  0.00458136
7.5852  0.00422196
7.6146  0.00389792
7.644  0.00360659
7.6734  0.00334544
7.7028  0.00311212
7.7322  0.00290442
7.7616  0.00272022
7.791  0.00255762
7.8204  0.00241474
7.8498  0.00228986
7.8792  0.0021814
7.9086  0.00208779
7.938  0.00200763
7.9674  0.00193961
7.9968  0.00188244
8.0262  0.00183498
8.0556  0.00179612
8.085  0.00176484
8.1144  0.00174019
8.1438  0.00172126
8.1732  0.00170723
8.2026  0.00169733
8.232  0.00169083
8.2614  0.00168708
8.2908  0.00168544
8.3202  0.00168535
8.3496  0.00168629
8.379  0.0016878
8.4084  0.00168941
8.4378  0.00169075
8.4672  0.00169144
8.4966  0.00169118
8.526  0.00168967
8.5554  0.00168666
8.5848  0.00168196
8.6142  0.00167535
8.6436  0.00166669
8.673  0.00165586
8.7024  0.00164275
8.7318  0.0016273
8.7612  0.00160944
8.7906  0.0015892
8.82  0.00156653
8.8494  0.00154149
8.8788  0.00151409
8.9082  0.00148444
8.9376  0.00145258
8.967  0.00141863
8.9964  0.0013827
9.0258  0.00134492
9.0552  0.00130544
9.0846  0.0012644
9.114  0.00122198
9.1434  0.00117833
9.1728  0.00113365
9.2022  0.00108813
9.2316  0.00104195
9.261  0.000995317
9.2904  0.000948422
9.3198  0.000901474
9.3492  0.000854667
9.3786  0.000808208
9.408  0.000762277
9.4374  0.00071708
9.4668  0.000672803
9.4962  0.000629634
9.5256  0.000587739
9.555  0.000547292
9.5844  0.000508449
9.6138  0.000471371
9.6432  0.000436188
9.6726  0.000403031
9.702  0.000372016
9.7314  0.000343255
9.7608  0.000316836
9.7902  0.000292836
9.8196  0.000271328
9.849  0.000252369
9.8784  0.000235985
9.9078  0.000222213
9.9372  0.000211058
9.9666  0.000202527
9.996  0.000196596
10.0254  0.000193237
10.0548  0.000192415
10.0842  0.000194068
10.1136  0.000198135
10.143  0.000204532
10.1724  0.000213182
10.2018  0.000223967
10.2312  0.00023679
10.2606  0.00025153
10.29  0.000268056
10.3194  0.000286238
10.3488  0.000305932
10.3782  0.00032699
10.4076  0.000349262
10.437  0.00037259
10.4664  0.000396823
10.4958  0.000421785
10.5252  0.000447322
10.5546  0.000473273
10.584  0.000499474
10.6134  0.000525764
10.6428  0.000551986
10.6722  0.000577978
10.7016  0.000603605
10.731  0.000628698
10.7604  0.000653136
10.7898  0.000676779
10.8192  0.000699503
10.8486  0.000721174
10.878  0.000741699
10.9074  0.000760964
10.9368  0.000778889
10.9662  0.000795368
10.9956  0.000810344
11.025  0.000823748
11.0544  0.000835518
11.0838  0.000845618
11.1132  0.000854013
11.1426  0.000860674
11.172  0.0008656
11.2014  0.00086877
11.2308  0.000870207
11.2602  0.000869929
11.2896  0.00086795
11.319  0.000864298
11.3484  0.000859048
11.3778  0.000852211
11.4072  0.000843879
11.4366  0.000834106
11.466  0.000822969
11.4954  0.000810547
11.5248  0.000796917
11.5542  0.000782174
11.5836  0.000766409
11.613  0.000749731
11.6424  0.000732222
11.6718  0.000713984
11.7012  0.000695131
11.7306  0.000675765
11.76  0.000655974
11.7894  0.000635882
11.8188  0.000615575
11.8482  0.00059515
11.8776  0.000574712
11.907  0.000554353
11.9364  0.000534149
11.9658  0.000514202
11.9952  0.000494581
12.0246  0.000475365
12.054  0.000456615
12.0834  0.000438406
12.1128  0.00042079
12.1422  0.000403812
12.1716  0.000387528
12.201  0.00037196
12.2304  0.00035715
12.2598  0.000343114
12.2892  0.000329875
12.3186  0.000317437
12.348  0.000305806
12.3774  0.000294977
12.4068  0.00028494
12.4362  0.000275677
12.4656  0.000267172
12.495  0.000259392
12.5244  0.000252306
12.5538  0.000245876
12.5832  0.000240068
12.6126  0.000234825
12.642  0.000230108
12.6714  0.000225864
12.7008  0.00022204
12.7302  0.000218573
12.7596  0.00021542
12.789  0.000212517
12.8184  0.000209809
12.8478  0.000207235
12.8772  0.000204754
12.9066  0.000202296
12.936  0.000199824
12.9654  0.000197279
12.9948  0.000194619
13.0242  0.000191811
13.0536  0.000188809
13.083  0.000185579
13.1124  0.000182102
13.1418  0.000178347
13.1712  0.000174304
13.2006  0.000169957
13.23  0.000165301
13.2594  0.000160342
13.2888  0.00015508
13.3182  0.00014954
13.3476  0.000143732
13.377  0.000137692
13.4064  0.000131445
13.4358  0.000125037
13.4652  0.000118515
13.4946  0.000111924
13.524  0.000105328
13.5534  9.87931e-05
13.5828  9.23817e-05
13.6122  8.61714e-05
13.6416  8.02389e-05
13.671  7.46615e-05
13.7004  6.95329e-05
13.7298  6.49362e-05
13.7592  6.09652e-05
13.7886  5.77104e-05
13.818  5.52675e-05
13.8474  5.37309e-05
13.8768  5.31971e-05
13.9062  5.37623e-05
13.9356  5.55175e-05
13.965  5.85565e-05
13.9944  6.2969e-05
14.0238  6.88438e-05
14.0532  7.62617e-05
14.0826  8.53082e-05
14.112  9.60504e-05
14.1414  0.000108567
14.1708  0.000122918
14.2002  0.000139163
14.2296  0.000157353
14.259  0.000177528
14.2884  0.000199738
14.3178  0.000224
14.3472  0.000250339
14.3766  0.000278762
14.406  0.000309285
14.4354  0.000341894
14.4648  0.00037658
14.4942  0.000413313
14.5236  0.000452065
14.553  0.000492795
14.5824  0.000535443
14.6118  0.000579964
14.6412  0.000626273
14.6706  0.000674301
14.7  0.000723964
14.7294  0.000775165
14.7588  0.000827792
14.7882  0.000881738
14.8176  0.000936896
14.847  0.000993132
14.8764  0.00105031
14.9058  0.00110831
14.9352  0.00116697
14.9646  0.00122617
14.994  0.00128573
15.0234  0.00134552
15.0528  0.00140536
15.0822  0.00146511
15.1116  0.00152462
15.141  0.00158369
15.1704  0.00164219
15.1998  0.00169995
15.2292  0.00175682
15.2586  0.00181262
15.288  0.00186722
15.3174  0.00192046
15.3468  0.00197218
15.3762  0.00202225
15.4056  0.00207053
15.435  0.00211689
15.4644  0.00216119
15.4938  0.00220332
15.5232  0.00224318
15.5526  0.00228066
15.582  0.00231566
15.6114  0.00234808
15.6408  0.00237785
15.6702  0.0024049
15.6996  0.00242918
15.729  0.00245062
15.7584  0.0024692
15.7878  0.00248487
15.8172  0.0024976
15.8466  0.00250741
15.876  0.00251427
15.9054  0.0025182
15.9348  0.00251922
15.9642  0.00251734
15.9936  0.00251261
16.023  0.00250506
16.0524  0.00249477
16.0818  0.00248178
16.1112  0.00246615
16.1406  0.00244799
16.17  0.00242737
16.1994  0.00240435
16.2288  0.00237908
16.2582  0.00235163
16.2876  0.00232213
16.317  0.00229067
16.3464  0.00225737
16.3758  0.00222238
16.4052  0.0021858
16.4346  0.00214776
16.464  0.00210839
16.4934  0.00206782
16.5228  0.0020262
16.5522  0.00198362
16.5816  0.00194026
16.611  0.00189622
16.6404  0.00185163
16.6698  0.00180662
16.6992  0.00176133
16.7286  0.00171587
16.758  0.00167035
16.7874  0.00162491
16.8168  0.00157965
16.8462  0.00153466
16.8756  0.00149006
16.905  0.00144596
16.9344  0.00140244
16.9638  0.00135957
16.9932  0.00131746
17.0226  0.00127618
17.052  0.00123579
17.0814  0.00119636
17.1108  0.00115794
17.1402  0.0011206
17.1696  0.00108437
17.199  0.0010493
17.2284  0.00101544
17.2578  0.000982791
17.2872  0.000951385
17.3166  0.000921252
17.346  0.000892403
17.3754  0.000864837
17.4048  0.000838561
17.4342  0.000813579
17.4636  0.000789872
17.493  0.000767459
17.5224  0.000746306
17.5518  0.000726406
17.5812  0.000707733
17.6106  0.000690285
17.64  0.000674015
17.6694  0.000658925
17.6988  0.000644959
17.7282  0.000632121
17.7576  0.00062036
17.787  0.000609661
17.8164  0.00059998
17.8458  0.000591312
17.8752  0.000583609
17.9046  0.000576849
17.934  0.000571012
17.9634  0.000566064
17.9928  0.000561988
18.0222  0.000558762
18.0516  0.000556365
18.081  0.000554769
18.1104  0.000553971
18.1398  0.000553953
18.1692  0.000554708
18.1986  0.000556204
18.228  0.000558467
18.2574  0.000561475
18.2868  0.000565219
18.3162  0.000569709
18.3456  0.00057495
18.375  0.000580946
18.4044  0.000587689
18.4338  0.000595204
18.4632  0.0006035
18.4926  0.000612574
18.522  0.000622448
18.5514  0.000633148
18.5808  0.000644665
18.6102  0.000657031
18.6396  0.00067026
18.669  0.000684367
18.6984  0.000699364
18.7278  0.000715265
18.7572  0.00073211
18.7866  0.000749888
18.816  0.000768611
18.8454  0.000788303
18.8748  0.000808963
18.9042  0.000830607
18.9336  0.000853237
18.963  0.000876855
18.9924  0.000901468
19.0218  0.000927068
19.0512  0.000953647
19.0806  0.000981196
19.11  0.00100971
19.1394  0.00103915
19.1688  0.00106954
19.1982  0.00110081
19.2276  0.00113294
19.257  0.00116594
19.2864  0.00119972
19.3158  0.00123425
19.3452  0.00126952
19.3746  0.00130544
19.404  0.00134198
19.4334  0.00137909
19.4628  0.00141667
19.4922  0.00145469
19.5216  0.00149308
19.551  0.00153175
19.5804  0.00157066
19.6098  0.00160969
19.6392  0.00164879
19.6686  0.00168788
19.698  0.00172685
19.7274  0.00176562
19.7568  0.00180412
19.7862  0.00184225
19.8156  0.00187991
19.845  0.00191702
19.8744  0.00195349
19.9038  0.00198922
19.9332  0.00202413
19.9626  0.00205812
19.992  0.00209111
20.0214  0.00212302
20.0508  0.00215373
20.0802  0.0021832
20.1096  0.00221133
20.139  0.00223804
20.1684  0.00226326
20.1978  0.00228693
20.2272  0.00230896
20.2566  0.00232932
20.286  0.00234793
20.3154  0.00236473
20.3448  0.00237968
20.3742  0.00239275
20.4036  0.00240389
20.433  0.00241306
20.4624  0.00242025
20.4918  0.00242543
20.5212  0.00242857
20.5506  0.00242969
20.58  0.00242876
20.6094  0.00242579
20.6388  0.00242081
20.6682  0.00241378
20.6976  0.00240477
20.727  0.00239379
20.7564  0.00238084
20.7858  0.002366
20.8152  0.00234929
20.8446  0.00233076
20.874  0.00231045
20.9034  0.00228843
20.9328  0.00226474
20.9622  0.00223945
20.9916  0.00221265
21.021  0.00218436
21.0504  0.00215471
21.0798  0.00212375
21.1092  0.00209153
21.1386  0.00205819
21.168  0.00202376
21.1974  0.00198837
21.2268  0.00195207
21.2562  0.00191495
21.2856  0.00187712
21.315  0.00183865
21.3444  0.00179964
21.3738  0.00176015
21.4032  0.0017203
21.4326  0.00168015
21.462  0.00163979
21.4914  0.00159931
21.5208  0.00155878
21.5502  0.00151828
21.5796  0.00147789
21.609  0.00143766
21.6384  0.0013977
21.6678  0.00135804
21.6972  0.00131878
21.7266  0.00127994
21.756  0.00124161
21.7854  0.00120381
21.8148  0.00116662
21.8442  0.00113007
21.8736  0.00109421
21.903  0.00105908
21.9324  0.00102469
21.9618  0.0009911
21.9912  0.000958315
22.0206  0.000926379
22.05  0.000895293
22.0794  0.000865077
22.1088  0.000835753
22.1382  0.000807311
22.1676  0.000779773
22.197  0.000753134
22.2264  0.000727394
22.2558  0.000702553
22.2852  0.000678604
22.3146  0.000655528
22.344  0.000633332
22.3734  0.000611995
22.4028  0.000591494
22.4322  0.00057182
22.4616  0.000552963
22.491  0.000534893
22.5204  0.000517595
22.5498  0.000501049
22.5792  0.000485227
22.6086  0.000470118
22.638  0.000455686
22.6674  0.000441919
22.6968  0.000428787
22.7262  0.000416277
22.7556  0.000404365
22.785  0.000393021
22.8144  0.000382231
22.8438  0.00037198
22.8732  0.000362243
22.9026  0.000353004
22.932  0.00034424
22.9614  0.000335942
22.9908  0.000328099
23.0202  0.000320686
23.0496  0.000313695
23.079  0.000307122
23.1084  0.000300949
23.1378  0.000295172
23.1672  0.000289779
23.1966  0.000284764
23.226  0.000280125
23.2554  0.000275854
23.2848  0.000271952
23.3142  0.000268415
23.3436  0.000265235
23.373  0.000262415
23.4024  0.000259953
23.4318  0.000257851
23.4612  0.00025611
23.4906  0.000254725
23.52  0.000253702
23.5494  0.00025303
23.5788  0.000252724
23.6082  0.000252768
23.6376  0.000253167
23.667  0.00025393
23.6964  0.000255039
23.7258  0.000256501
23.7552  0.000258305
23.7846  0.000260448
23.814  0.000262927
23.8434  0.000265733
23.8728  0.000268858
23.9022  0.000272288
23.9316  0.000276011
23.961  0.000280022
23.9904  0.000284299
24.0198  0.000288828
24.0492  0.000293597
24.0786  0.000298579
24.108  0.000303757
24.1374  0.000309111
24.1668  0.000314615
24.1962  0.000320248
24.2256  0.00032598
24.255  0.000331785
24.2844  0.000337635
24.3138  0.000343502
24.3432  0.000349357
24.3726  0.000355164
24.402  0.000360892
24.4314  0.000366516
24.4608  0.000371997
24.4902  0.000377303
24.5196  0.000382403
24.549  0.000387266
24.5784  0.000391855
24.6078  0.000396138
24.6372  0.000400089
24.6666  0.000403678
24.696  0.000406865
24.7254  0.000409627
24.7548  0.000411947
24.7842  0.000413785
24.8136  0.000415122
24.843  0.00041594
24.8724  0.000416209
24.9018  0.00041593
24.9312  0.000415068
24.9606  0.000413617
24.99  0.000411569
25.0194  0.000408911
25.0488  0.00040564
25.0782  0.000401752
25.1076  0.00039724
25.137  0.000392126
25.1664  0.000386399
25.1958  0.000380073
25.2252  0.000373162
25.2546  0.000365677
25.284  0.000357637
25.3134  0.000349062
25.3428  0.000339978
25.3722  0.000330411
25.4016  0.000320379
25.431  0.000309927
25.4604  0.000299087
25.4898  0.000287891
25.5192  0.000276376
25.5486  0.000264591
25.578  0.000252568
25.6074  0.000240361
25.6368  0.000228007
25.6662  0.000215557
25.6956  0.000203059
25.725  0.000190563
25.7544  0.00017812
25.7838  0.000165772
25.8132  0.00015358
25.8426  0.000141591
25.872  0.000129851
25.9014  0.000118417
25.9308  0.000107337
25.9602  9.66529e-05
25.9896  8.64196e-05
26.019  7.66801e-05
26.0484  6.7481e-05
26.0778  5.8859e-05
26.1072  5.08613e-05
26.1366  4.35263e-05
26.166  3.68885e-05
26.1954  3.09804e-05
26.2248  2.58342e-05
26.2542  2.14794e-05
26.2836  1.79414e-05
26.313  1.52417e-05
26.3424  1.34002e-05
26.3718  1.24316e-05
26.4012  1.23505e-05
26.4306  1.31638e-05
26.46  1.4879e-05
26.4894  1.74969e-05
26.5188  2.10187e-05
26.5482  2.54376e-05
26.5776  3.07472e-05
26.607  3.69329e-05
26.6364  4.39822e-05
26.6658  5.18747e-05
26.6952  6.05905e-05
26.7246  7.01064e-05
26.754  8.03937e-05
26.7834  9.14176e-05
26.8128  0.000103148
26.8422  0.000115553
26.8716  0.000128593
26.901  0.00014222
26.9304  0.000156398
26.9598  0.000171082
26.9892  0.000186227
27.0186  0.000201778
27.048  0.000217698
27.0774  0.000233931
27.1068  0.000250423
27.1362  0.00026713
27.1656  0.000283997
27.195  0.000300969
27.2244  0.000317999
27.2538  0.000335035
27.2832  0.000352029
27.3126  0.000368928
27.342  0.000385681
27.3714  0.000402245
27.4008  0.00041857
27.4302  0.000434612
27.4596  0.00045033
27.489  0.000465687
27.5184  0.000480637
27.5478  0.000495151
27.5772  0.000509181
27.6066  0.000522707
27.636  0.000535696
27.6654  0.000548124
27.6948  0.000559964
27.7242  0.000571196
27.7536  0.000581806
27.783  0.000591775
27.8124  0.000601084
27.8418  0.000609744
27.8712  0.000617731
27.9006  0.000625044
27.93  0.000631689
27.9594  0.000637663
27.9888  0.000642978
28.0182  0.000647632
28.0476  0.000651647
28.077  0.000655031
28.1064  0.0006578
28.1358  0.000659975
28.1652  0.000661571
28.1946  0.000662615
28.224  0.000663134
28.2534  0.000663146
28.2828  0.000662678
28.3122  0.00066178
28.3416  0.000660458
28.371  0.00065876
28.4004  0.000656708
28.4298  0.000654343
28.4592  0.00065171
28.4886  0.000648814
28.518  0.000645725
28.5474  0.000642456
28.5768  0.000639065
28.6062  0.000635551
28.6356  0.000631989
28.665  0.000628388
28.6944  0.000624797
28.7238  0.000621248
28.7532  0.000617771
28.7826  0.000614402
28.812  0.000611163
28.8414  0.0006081
28.8708  0.000605225
28.9002  0.000602592
28.9296  0.000600197
28.959  0.000598093
28.9884  0.000596277
29.0178  0.000594794
29.0472  0.000593662
29.0766  0.000592885
29.106  0.000592503
29.1354  0.000592517
29.1648  0.000592949
29.1942  0.000593815
29.2236  0.000595122
29.253  0.000596888
29.2824  0.000599112
29.3118  0.000601818
29.3412  0.000605001
29.3706  0.000608671
29.4  0.000612837
29.4294  0.000617498
29.4588  0.000622665
29.4882  0.000628327
29.5176  0.000634502
29.547  0.000641174
29.5764  0.000648359
29.6058  0.000656049
29.6352  0.000664241
29.6646  0.000672944
29.694  0.000682138
29.7234  0.000691851
29.7528  0.000702052
29.7822  0.000712757
29.8116  0.000723965
29.841  0.000735664
29.8704  0.000747857
29.8998  0.000760549
29.9292  0.000773729
29.9586  0.000787404
29.988  0.000801574
30.0174  0.000816238
30.0468  0.000831391
30.0762  0.000847038
30.1056  0.00086318
30.135  0.000879812
30.1644  0.000896946
30.1938  0.00091458
30.2232  0.000932711
30.2526  0.000951346
30.282  0.000970497
30.3114  0.00099014
30.3408  0.0010103
30.3702  0.00103097
30.3996  0.00105215
30.429  0.00107387
30.4584  0.00109608
30.4878  0.00111882
30.5172  0.00114208
30.5466  0.00116586
30.576  0.00119016
30.6054  0.00121498
30.6348  0.00124032
30.6642  0.00126617
30.6936  0.00129254
30.723  0.00131941
30.7524  0.00134678
30.7818  0.00137464
30.8112  0.00140298
30.8406  0.0014318
30.87  0.00146108
30.8994  0.00149081
30.9288  0.00152095
30.9582  0.00155153
30.9876  0.00158249
31.017  0.00161383
31.0464  0.00164551
31.0758  0.00167754
31.1052  0.00170985
31.1346  0.00174244
31.164  0.00177528
31.1934  0.00180832
31.2228  0.00184154
31.2522  0.0018749
31.2816  0.00190837
31.311  0.0019419
31.3404  0.00197545
31.3698  0.00200899
31.3992  0.00204244
31.4286  0.0020758
31.458  0.00210902
31.4874  0.00214201
31.5168  0.00217477
31.5462  0.00220722
31.5756  0.0022393
31.605  0.00227099
31.6344  0.00230224
31.6638  0.00233297
31.6932  0.00236315
31.7226  0.0023927
31.752  0.0024216
31.7814  0.0024498
31.8108  0.0024772
31.8402  0.00250382
31.8696  0.00252956
31.899  0.00255439
31.9284  0.00257825
31.9578  0.00260112
31.9872  0.00262295
32.0166  0.00264367
32.046  0.00266325
32.0754  0.00268168
32.1048  0.0026989
32.1342  0.00271487
32.1636  0.00272958
32.193  0.00274299
32.2224  0.00275506
32.2518  0.00276578
32.2812  0.00277515
32.3106  0.00278313
32.34  0.00278968
32.3694  0.00279485
32.3988  0.00279858
32.4282  0.00280089
32.4576  0.00280177
32.487  0.00280122
32.5164  0.00279925
32.5458  0.00279587
32.5752  0.00279108
32.6046  0.0027849
32.634  0.00277734
32.6634  0.00276845
32.6928  0.00275821
32.7222  0.00274668
32.7516  0.00273385
32.781  0.00271979
32.8104  0.00270452
32.8398  0.00268806
32.8692  0.00267048
32.8986  0.0026518
32.928  0.00263205
32.9574  0.0026113
32.9868  0.00258958
33.0162  0.00256694
33.0456  0.00254341
33.075  0.00251907
33.1044  0.00249396
33.1338  0.00246812
33.1632  0.00244162
33.1926  0.0024145
33.222  0.00238681
33.2514  0.00235858
33.2808  0.00232989
33.3102  0.00230079
33.3396  0.00227132
33.369  0.00224154
33.3984  0.00221149
33.4278  0.00218123
33.4572  0.00215078
33.4866  0.00212021
33.516  0.00208956
33.5454  0.00205886
33.5748  0.00202816
33.6042  0.0019975
33.6336  0.00196691
33.663  0.00193644
33.6924  0.00190609
33.7218  0.00187594
33.7512  0.00184596
33.7806  0.00181623
33.81  0.00178675
33.8394  0.00175754
33.8688  0.00172863
33.8982  0.00170002
33.9276  0.00167173
33.957  0.0016438
33.9864  0.00161622
34.0158  0.00158899
34.0452  0.00156213
34.0746  0.00153564
34.104  0.00150954
34.1334  0.00148381
34.1628  0.00145844
34.1922  0.00143348
34.2216  0.00140885
34.251  0.00138461
34.2804  0.00136073
34.3098  0.00133719
34.3392  0.001314
34.3686  0.00129115
34.398  0.00126863
34.4274  0.00124641
34.4568  0.00122449
34.4862  0.00120286
34.5156  0.00118152
34.545  0.00116043
34.5744  0.0011396
34.6038  0.00111899
34.6332  0.00109862
34.6626  0.00107845
34.692  0.00105848
34.7214  0.0010387
34.7508  0.00101909
34.7802  0.000999648
34.8096  0.000980357
34.839  0.000961206
34.8684  0.000942195
34.8978  0.000923302
34.9272  0.000904532
34.9566  0.000885865
34.986  0.000867302
35.0154  0.000848856
35.0448  0.000830492
35.0742  0.000812231
35.1036  0.000794058
35.133  0.000775973
35.1624  0.000757981
35.1918  0.00074008
35.2212  0.00072228
35.2506  0.000704577
35.28  0.000686972
35.3094  0.000669474
35.3388  0.000652085
35.3682  0.000634814
35.3976  0.00061767
35.427  0.000600658
35.4564  0.000583784
35.4858  0.000567056
35.5152  0.000550478
35.5446  0.000534075
35.574  0.000517832
35.6034  0.000501786
35.6328  0.000485929
35.6622  0.000470269
35.6916  0.000454825
35.721  0.000439594
35.7504  0.0004246
35.7798  0.00040984
35.8092  0.000395329
35.8386  0.00038107
35.868  0.000367076
35.8974  0.000353352
35.9268  0.000339899
35.9562  0.000326729
35.9856  0.000313849
36.015  0.000301258
36.0444  0.000288962
36.0738  0.000276964
36.1032  0.000265271
36.1326  0.000253883
36.162  0.000242801
36.1914  0.00023202
36.2208  0.000221546
36.2502  0.000211377
36.2796  0.000201515
36.309  0.000191948
36.3384  0.000182682
36.3678  0.000173711
36.3972  0.00016503
36.4266  0.000156636
36.456  0.000148523
36.4854  0.000140689
36.5148  0.000133124
36.5442  0.000125828
36.5736  0.000118788
36.603  0.000112003
36.6324  0.000105467
36.6618  9.91711e-05
36.6912  9.3114e-05
36.7206  8.7286e-05
36.75  8.16808e-05
36.7794  7.62934e-05
36.8088  7.1124e-05
36.8382  6.61606e-05
36.8676  6.14056e-05
36.897  5.68506e-05
36.9264  5.2494e-05
36.9558  4.83342e-05
36.9852  4.43685e-05
37.0146  4.05977e-05
37.044  3.70205e-05
37.0734  3.36359e-05
37.1028  3.04469e-05
37.1322  2.74562e-05
37.1616  2.46665e-05
37.191  2.20796e-05
37.2204  1.97037e-05
37.2498  1.75421e-05
37.2792  1.56006e-05
37.3086  1.38891e-05
37.338  1.24138e-05
37.3674  1.11848e-05
37.3968  1.02105e-05
37.4262  9.5025e-06
37.4556  9.07061e-06
37.485  8.92634e-06
37.5144  9.08346e-06
37.5438  9.55261e-06
37.5732  1.03492e-05
37.6026  1.14838e-05
37.632  1.29723e-05
37.6614  1.48271e-05
37.6908  1.70645e-05
37.7202  1.96961e-05
37.7496  2.27368e-05
37.779  2.62005e-05
37.8084  3.01005e-05
37.8378  3.44508e-05
37.8672  3.92635e-05
37.8966  4.4551e-05
37.926  5.03291e-05
37.9554  5.66018e-05
37.9848  6.33855e-05
38.0142  7.0687e-05
38.0436  7.85154e-05
38.073  8.68806e-05
38.1024  9.57883e-05
38.1318  0.000105242
38.1612  0.00011525
38.1906  0.000125813
38.22  0.000136937
38.2494  0.000148614
38.2788  0.000160856
38.3082  0.000173654
38.3376  0.00018701
38.367  0.000200909
38.3964  0.000215354
38.4258  0.000230339
38.4552  0.000245851
38.4846  0.000261883
38.514  0.000278425
38.5434  0.000295458
38.5728  0.000312976
38.6022  0.000330963
38.6316  0.000349402
38.661  0.000368276
38.6904  0.000387567
38.7198  0.000407258
38.7492  0.000427327
38.7786  0.000447754
38.808  0.000468526
38.8374  0.00048961
38.8668  0.000510995
38.8962  0.000532643
38.9256  0.000554552
38.955  0.000576684
38.9844  0.000599026
39.0138  0.000621546
39.0432  0.000644226
39.0726  0.000667049
39.102  0.00068999
39.1314  0.000713023
39.1608  0.00073613
39.1902  0.0007593
39.2196  0.000782497
39.249  0.000805718
39.2784  0.000828938
39.3078  0.000852144
39.3372  0.000875321
39.3666  0.000898453
39.396  0.000921528
39.4254  0.000944544
39.4548  0.000967473
39.4842  0.000990317
39.5136  0.00101307
39.543  0.00103572
39.5724  0.00105827
39.6018  0.00108073
39.6312  0.00110307
39.6606  0.0011253
39.69  0.00114744
39.7194  0.00116948
39.7488  0.00119142
39.7782  0.00121327
39.8076  0.00123504
39.837  0.00125674
39.8664  0.00127837
39.8958  0.00129996
39.9252  0.00132151
39.9546  0.00134303
39.984  0.00136454
40.0134  0.00138604
40.0428  0.00140758
40.0722  0.00142914
40.1016  0.00145075
40.131  0.00147242
40.1604  0.00149417
40.1898  0.00151602
40.2192  0.00153798
40.2486  0.00156006
40.278  0.0015823
40.3074  0.0016047
40.3368  0.00162727
40.3662  0.00165001
40.3956  0.00167297
40.425  0.00169611
40.4544  0.0017195
40.4838  0.00174311
40.5132  0.00176695
40.5426  0.00179103
40.572  0.00181536
40.6014  0.00183994
40.6308  0.00186475
40.6602  0.00188983
40.6896  0.00191513
40.719  0.00194069
40.7484  0.00196646
40.7778  0.00199246
40.8072  0.00201866
40.8366  0.00204506
40.866  0.00207164
40.8954  0.00209838
40.9248  0.00212524
40.9542  0.00215224
40.9836  0.00217932
41.013  0.00220647
41.0424  0.00223366
41.0718  0.00226084
41.1012  0.00228799
41.1306  0.00231508
41.16  0.00234208
41.1894  0.00236892
41.2188  0.0023956
41.2482  0.00242205
41.2776  0.00244824
41.307  0.00247412
41.3364  0.00249965
41.3658  0.00252477
41.3952  0.00254945
41.4246  0.00257366
41.454  0.00259732
41.4834  0.00262038
41.5128  0.00264281
41.5422  0.00266456
41.5716  0.00268557
41.601  0.00270582
41.6304  0.00272522
41.6598  0.00274377
41.6892  0.00276138
41.7186  0.00277804
41.748  0.00279369
41.7774  0.0028083
41.8068  0.00282182
41.8362  0.00283421
41.8656  0.00284544
41.895  0.00285546
41.9244  0.00286428
41.9538  0.00287182
41.9832  0.00287808
42.0126  0.00288302
42.042  0.0028866
42.0714  0.00288883
42.1008  0.00288969
42.1302  0.00288915
42.1596  0.0028872
42.189  0.00288384
42.2184  0.00287904
42.2478  0.00287282
42.2772  0.00286516
42.3066  0.00285607
42.336  0.00284557
42.3654  0.00283364
42.3948  0.0028203
42.4242  0.00280556
42.4536  0.00278945
42.483  0.00277197
42.5124  0.00275315
42.5418  0.00273301
42.5712  0.00271158
42.6006  0.00268889
42.63  0.00266495
42.6594  0.00263982
42.6888  0.00261353
42.7182  0.00258611
42.7476  0.00255759
42.777  0.00252802
42.8064  0.00249747
42.8358  0.00246592
42.8652  0.00243348
42.8946  0.00240015
42.924  0.002366
42.9534  0.00233107
42.9828  0.00229542
43.0122  0.00225909
43.0416  0.00222214
43.071  0.00218461
43.1004  0.00214655
43.1298  0.00210801
43.1592  0.00206905
43.1886  0.00202972
43.218  0.00199006
43.2474  0.00195013
43.2768  0.00190998
43.3062  0.00186965
43.3356  0.0018292
43.365  0.00178867
43.3944  0.0017481
43.4238  0.00170754
43.4532  0.00166704
43.4826  0.00162664
43.512  0.00158637
43.5414  0.00154628
43.5708  0.00150643
43.6002  0.00146682
43.6296  0.0014275
43.659  0.00138851
43.6884  0.00134988
43.7178  0.00131164
43.7472  0.00127381
43.7766  0.00123644
43.806  0.00119954
43.8354  0.00116313
43.8648  0.00112726
43.8942  0.00109193
43.9236  0.00105715
43.953  0.00102296
43.9824  0.000989363
44.0118  0.000956377
44.0412  0.000924024
44.0706  0.000892304
44.1  0.000861235
