-44.1  0.0180585
-44.0706  0.0186174
-44.0412  0.0192168
-44.0118  0.0198543
-43.9824  0.0205275
-43.953  0.0212338
-43.9236  0.0219704
-43.8942  0.0227345
-43.8648  0.023523
-43.8354  0.0243328
-43.806  0.0251608
-43.7766  0.0260035
-43.7472  0.0268577
-43.7178  0.0277199
-43.6884  0.0285869
-43.659  0.029455
-43.6296  0.0303209
-43.6002  0.0311814
-43.5708  0.0320329
-43.5414  0.0328724
-43.512  0.0336967
-43.4826  0.0345026
-43.4532  0.0352873
-43.4238  0.036048
-43.3944  0.0367821
-43.365  0.037487
-43.3356  0.0381605
-43.3062  0.0388004
-43.2768  0.0394048
-43.2474  0.0399723
-43.218  0.040501
-43.1886  0.04099
-43.1592  0.0414382
-43.1298  0.0418448
-43.1004  0.0422094
-43.071  0.0425318
-43.0416  0.0428118
-43.0122  0.0430498
-42.9828  0.0432463
-42.9534  0.0434021
-42.924  0.043518
-42.8946  0.0435955
-42.8652  0.043636
-42.8358  0.0436411
-42.8064  0.0436129
-42.777  0.0435533
-42.7476  0.0434648
-42.7182  0.0433499
-42.6888  0.0432112
-42.6594  0.0430515
-42.63  0.042874
-42.6006  0.0426815
-42.5712  0.0424773
-42.5418  0.0422648
-42.5124  0.0420472
-42.483  0.041828
-42.4536  0.0416106
-42.4242  0.0413985
-42.3948  0.0411952
-42.3654  0.041004
-42.336  0.0408285
-42.3066  0.0406718
-42.2772  0.0405373
-42.2478  0.0404282
-42.2184  0.0403474
-42.189  0.0402979
-42.1596  0.0402824
-42.1302  0.0403036
-42.1008  0.0403637
-42.0714  0.0404652
-42.042  0.0406099
-42.0126  0.0407996
-41.9832  0.041036
-41.9538  0.0413203
-41.9244  0.0416536
-41.895  0.0420367
-41.8656  0.0424703
-41.8362  0.0429545
-41.8068  0.0434894
-41.7774  0.0440747
-41.748  0.0447098
-41.7186  0.0453941
-41.6892  0.0461264
-41.6598  0.0469054
-41.6304  0.0477295
-41.601  0.0485969
-41.5716  0.0495054
-41.5422  0.0504527
-41.5128  0.0514363
-41.4834  0.0524535
-41.454  0.0535011
-41.4246  0.0545762
-41.3952  0.0556754
-41.3658  0.0567951
-41.3364  0.0579319
-41.307  0.0590817
-41.2776  0.0602411
-41.2482  0.0614059
-41.2188  0.0625722
-41.1894  0.0637359
-41.16  0.064893
-41.1306  0.0660394
-41.1012  0.0671711
-41.0718  0.0682839
-41.0424  0.0693741
-41.013  0.0704377
-40.9836  0.0714709
-40.9542  0.0724701
-40.9248  0.0734317
-40.8954  0.0743522
-40.866  0.0752285
-40.8366  0.0760578
-40.8072  0.0768369
-40.7778  0.0775634
-40.7484  0.0782347
-40.719  0.078849
-40.6896  0.0794041
-40.6602  0.0798985
-40.6308  0.0803308
-40.6014  0.0807
-40.572  0.0810054
-40.5426  0.0812462
-40.5132  0.0814225
-40.4838  0.0815342
-40.4544  0.0815817
-40.425  0.0815658
-40.3956  0.0814874
-40.3662  0.0813477
-40.3368  0.0811482
-40.3074  0.0808909
-40.278  0.0805778
-40.2486  0.080211
-40.2192  0.0797934
-40.1898  0.0793275
-40.1604  0.0788167
-40.131  0.0782638
-40.1016  0.0776726
-40.0722  0.0770464
-40.0428  0.076389
-40.0134  0.0757044
-39.984  0.0749964
-39.9546  0.0742692
-39.9252  0.0735269
-39.8958  0.0727739
-39.8664  0.0720141
-39.837  0.071252
-39.8076  0.0704919
-39.7782  0.0697379
-39.7488  0.0689943
-39.7194  0.0682652
-39.69  0.0675545
-39.6606  0.0668662
-39.6312  0.066204
-39.6018  0.0655718
-39.5724  0.0649729
-39.543  0.0644106
-39.5136  0.0638879
-39.4842  0.0634079
-39.4548  0.0629732
-39.4254  0.0625862
-39.396  0.0622492
-39.3666  0.0619639
-39.3372  0.0617321
-39.3078  0.0615552
-39.2784  0.0614342
-39.249  0.06137
-39.2196  0.061363
-39.1902  0.0614136
-39.1608  0.0615218
-39.1314  0.0616871
-39.102  0.0619089
-39.0726  0.0621864
-39.0432  0.0625183
-39.0138  0.0629032
-38.9844  0.0633395
-38.955  0.0638252
-38.9256  0.0643581
-38.8962  0.0649358
-38.8668  0.0655558
-38.8374  0.0662152
-38.808  0.066911
-38.7786  0.0676402
-38.7492  0.0683995
-38.7198  0.0691853
-38.6904  0.0699944
-38.661  0.0708231
-38.6316  0.0716679
-38.6022  0.0725249
-38.5728  0.0733905
-38.5434  0.0742611
-38.514  0.075133
-38.4846  0.0760024
-38.4552  0.0768661
-38.4258  0.0777203
-38.3964  0.0785617
-38.367  0.0793873
-38.3376  0.0801938
-38.3082  0.0809784
-38.2788  0.0817383
-38.2494  0.082471
-38.22  0.0831742
-38.1906  0.0838456
-38.1612  0.0844837
-38.1318  0.0850868
-38.1024  0.0856535
-38.073  0.0861827
-38.0436  0.0866739
-38.0142  0.0871265
-37.9848  0.0875402
-37.9554  0.0879154
-37.926  0.0882524
-37.8966  0.0885518
-37.8672  0.088815
-37.8378  0.0890431
-37.8084  0.0892378
-37.779  0.089401
-37.7496  0.089535
-37.7202  0.0896423
-37.6908  0.0897256
-37.6614  0.0897878
-37.632  0.0898324
-37.6026  0.0898627
-37.5732  0.0898825
-37.5438  0.0898955
-37.5144  0.0899059
-37.485  0.0899178
-37.4556  0.0899356
-37.4262  0.0899637
-37.3968  0.0900067
-37.3674  0.0900692
-37.338  0.0901559
-37.3086  0.0902714
-37.2792  0.0904205
-37.2498  0.0906077
-37.2204  0.0908378
-37.191  0.0911154
-37.1616  0.0914447
-37.1322  0.0918304
-37.1028  0.0922765
-37.0734  0.0927871
-37.044  0.093366
-37.0146  0.094017
-36.9852  0.0947437
-36.9558  0.095549
-36.9264  0.0964362
-36.897  0.0974078
-36.8676  0.0984662
-36.8382  0.0996137
-36.8088  0.100852
-36.7794  0.102183
-36.75  0.103606
-36.7206  0.105125
-36.6912  0.106737
-36.6618  0.108445
-36.6324  0.110247
-36.603  0.112143
-36.5736  0.114132
-36.5442  0.116213
-36.5148  0.118383
-36.4854  0.120642
-36.456  0.122986
-36.4266  0.125413
-36.3972  0.12792
-36.3678  0.130503
-36.3384  0.133159
-36.309  0.135884
-36.2796  0.138674
-36.2502  0.141525
-36.2208  0.144431
-36.1914  0.147389
-36.162  0.150392
-36.1326  0.153436
-36.1032  0.156516
-36.0738  0.159625
-36.0444  0.162759
-36.015  0.165912
-35.9856  0.169077
-35.9562  0.17225
-35.9268  0.175425
-35.8974  0.178596
-35.868  0.181757
-35.8386  0.184903
-35.8092  0.188029
-35.7798  0.191128
-35.7504  0.194197
-35.721  0.19723
-35.6916  0.200222
-35.6622  0.203168
-35.6328  0.206066
-35.6034  0.208909
-35.574  0.211695
-35.5446  0.21442
-35.5152  0.21708
-35.4858  0.219674
-35.4564  0.222198
-35.427  0.22465
-35.3976  0.227029
-35.3682  0.229332
-35.3388  0.23156
-35.3094  0.23371
-35.28  0.235783
-35.2506  0.237779
-35.2212  0.239697
-35.1918  0.24154
-35.1624  0.243307
-35.133  0.245
-35.1036  0.246622
-35.0742  0.248174
-35.0448  0.249659
-35.0154  0.251079
-34.986  0.252438
-34.9566  0.253739
-34.9272  0.254985
-34.8978  0.256181
-34.8684  0.257331
-34.839  0.258439
-34.8096  0.259509
-34.7802  0.260546
-34.7508  0.261555
-34.7214  0.26254
-34.692  0.263508
-34.6626  0.264462
-34.6332  0.265408
-34.6038  0.266352
-34.5744  0.267297
-34.545  0.268249
-34.5156  0.269214
-34.4862  0.270196
-34.4568  0.271199
-34.4274  0.272229
-34.398  0.27329
-34.3686  0.274386
-34.3392  0.275521
-34.3098  0.2767
-34.2804  0.277925
-34.251  0.2792
-34.2216  0.280528
-34.1922  0.281912
-34.1628  0.283354
-34.1334  0.284856
-34.104  0.28642
-34.0746  0.288048
-34.0452  0.28974
-34.0158  0.291497
-33.9864  0.293319
-33.957  0.295206
-33.9276  0.297159
-33.8982  0.299175
-33.8688  0.301255
-33.8394  0.303395
-33.81  0.305595
-33.7806  0.307852
-33.7512  0.310163
-33.7218  0.312527
-33.6924  0.314938
-33.663  0.317394
-33.6336  0.319891
-33.6042  0.322425
-33.5748  0.324991
-33.5454  0.327585
-33.516  0.330203
-33.4866  0.332839
-33.4572  0.335488
-33.4278  0.338146
-33.3984  0.340805
-33.369  0.343463
-33.3396  0.346112
-33.3102  0.348747
-33.2808  0.351363
-33.2514  0.353955
-33.222  0.356517
-33.1926  0.359044
-33.1632  0.36153
-33.1338  0.363971
-33.1044  0.366361
-33.075  0.368697
-33.0456  0.370974
-33.0162  0.373187
-32.9868  0.375332
-32.9574  0.377407
-32.928  0.379406
-32.8986  0.381329
-32.8692  0.383171
-32.8398  0.384931
-32.8104  0.386607
-32.781  0.388197
-32.7516  0.3897
-32.7222  0.391115
-32.6928  0.392443
-32.6634  0.393683
-32.634  0.394836
-32.6046  0.395903
-32.5752  0.396886
-32.5458  0.397786
-32.5164  0.398607
-32.487  0.39935
-32.4576  0.400019
-32.4282  0.400618
-32.3988  0.40115
-32.3694  0.401621
-32.34  0.402036
-32.3106  0.402398
-32.2812  0.402715
-32.2518  0.402992
-32.2224  0.403235
-32.193  0.403451
-32.1636  0.403646
-32.1342  0.403828
-32.1048  0.404005
-32.0754  0.404182
-32.046  0.404369
-32.0166  0.404573
-31.9872  0.404801
-31.9578  0.405063
-31.9284  0.405365
-31.899  0.405716
-31.8696  0.406124
-31.8402  0.406598
-31.8108  0.407144
-31.7814  0.407771
-31.752  0.408487
-31.7226  0.409299
-31.6932  0.410215
-31.6638  0.411242
-31.6344  0.412386
-31.605  0.413656
-31.5756  0.415057
-31.5462  0.416595
-31.5168  0.418276
-31.4874  0.420106
-31.458  0.42209
-31.4286  0.424233
-31.3992  0.426539
-31.3698  0.429012
-31.3404  0.431656
-31.311  0.434473
-31.2816  0.437467
-31.2522  0.44064
-31.2228  0.443994
-31.1934  0.44753
-31.164  0.451248
-31.1346  0.45515
-31.1052  0.459236
-31.0758  0.463505
-31.0464  0.467956
-31.017  0.472588
-30.9876  0.477399
-30.9582  0.482388
-30.9288  0.487552
-30.8994  0.492889
-30.87  0.498394
-30.8406  0.504065
-30.8112  0.509897
-30.7818  0.515887
-30.7524  0.522031
-30.723  0.528323
-30.6936  0.53476
-30.6642  0.541335
-30.6348  0.548045
-30.6054  0.554882
-30.576  0.561843
-30.5466  0.568922
-30.5172  0.576113
-30.4878  0.58341
-30.4584  0.590808
-30.429  0.598302
-30.3996  0.605886
-30.3702  0.613554
-30.3408  0.621302
-30.3114  0.629124
-30.282  0.637015
-30.2526  0.644971
-30.2232  0.652987
-30.1938  0.661058
-30.1644  0.669182
-30.135  0.677353
-30.1056  0.685568
-30.0762  0.693825
-30.0468  0.70212
-30.0174  0.710451
-29.988  0.718817
-29.9586  0.727214
-29.9292  0.735643
-29.8998  0.744101
-29.8704  0.75259
-29.841  0.761107
-29.8116  0.769655
-29.7822  0.778232
-29.7528  0.786842
-29.7234  0.795484
-29.694  0.804162
-29.6646  0.812876
-29.6352  0.821631
-29.6058  0.830429
-29.5764  0.839273
-29.547  0.848168
-29.5176  0.857117
-29.4882  0.866124
-29.4588  0.875195
-29.4294  0.884334
-29.4  0.893548
-29.3706  0.90284
-29.3412  0.912217
-29.3118  0.921684
-29.2824  0.931248
-29.253  0.940914
-29.2236  0.95069
-29.1942  0.960581
-29.1648  0.970593
-29.1354  0.980733
-29.106  0.991007
-29.0766  1.00142
-29.0472  1.01198
-29.0178  1.0227
-28.9884  1.03357
-28.959  1.04461
-28.9296  1.05581
-28.9002  1.0672
-28.8708  1.07876
-28.8414  1.09051
-28.812  1.10245
-28.7826  1.11458
-28.7532  1.12691
-28.7238  1.13945
-28.6944  1.15219
-28.665  1.16513
-28.6356  1.17829
-28.6062  1.19166
-28.5768  1.20524
-28.5474  1.21904
-28.518  1.23305
-28.4886  1.24728
-28.4592  1.26172
-28.4298  1.27637
-28.4004  1.29124
-28.371  1.30632
-28.3416  1.32161
-28.3122  1.3371
-28.2828  1.35279
-28.2534  1.36868
-28.224  1.38477
-28.1946  1.40104
-28.1652  1.4175
-28.1358  1.43414
-28.1064  1.45095
-28.077  1.46792
-28.0476  1.48505
-28.0182  1.50233
-27.9888  1.51976
-27.9594  1.53732
-27.93  1.55501
-27.9006  1.57281
-27.8712  1.59073
-27.8418  1.60875
-27.8124  1.62686
-27.783  1.64505
-27.7536  1.66331
-27.7242  1.68164
-27.6948  1.70003
-27.6654  1.71845
-27.636  1.73691
-27.6066  1.7554
-27.5772  1.7739
-27.5478  1.79241
-27.5184  1.81091
-27.489  1.8294
-27.4596  1.84787
-27.4302  1.8663
-27.4008  1.8847
-27.3714  1.90305
-27.342  1.92134
-27.3126  1.93957
-27.2832  1.95773
-27.2538  1.9758
-27.2244  1.99379
-27.195  2.01169
-27.1656  2.02949
-27.1362  2.04719
-27.1068  2.06478
-27.0774  2.08225
-27.048  2.09961
-27.0186  2.11684
-26.9892  2.13395
-26.9598  2.15093
-26.9304  2.16778
-26.901  2.1845
-26.8716  2.20109
-26.8422  2.21754
-26.8128  2.23386
-26.7834  2.25005
-26.754  2.2661
-26.7246  2.28202
-26.6952  2.29781
-26.6658  2.31347
-26.6364  2.32901
-26.607  2.34442
-26.5776  2.35972
-26.5482  2.3749
-26.5188  2.38996
-26.4894  2.40493
-26.46  2.41978
-26.4306  2.43455
-26.4012  2.44922
-26.3718  2.4638
-26.3424  2.47831
-26.313  2.49274
-26.2836  2.5071
-26.2542  2.5214
-26.2248  2.53565
-26.1954  2.54986
-26.166  2.56402
-26.1366  2.57815
-26.1072  2.59225
-26.0778  2.60633
-26.0484  2.6204
-26.019  2.63447
-25.9896  2.64853
-25.9602  2.6626
-25.9308  2.67669
-25.9014  2.69079
-25.872  2.70493
-25.8426  2.71909
-25.8132  2.73329
-25.7838  2.74754
-25.7544  2.76183
-25.725  2.77618
-25.6956  2.79059
-25.6662  2.80506
-25.6368  2.81959
-25.6074  2.8342
-25.578  2.84888
-25.5486  2.86363
-25.5192  2.87847
-25.4898  2.89338
-25.4604  2.90838
-25.431  2.92346
-25.4016  2.93862
-25.3722  2.95387
-25.3428  2.96921
-25.3134  2.98463
-25.284  3.00013
-25.2546  3.01572
-25.2252  3.0314
-25.1958  3.04715
-25.1664  3.06298
-25.137  3.07889
-25.1076  3.09487
-25.0782  3.11092
-25.0488  3.12704
-25.0194  3.14323
-24.99  3.15947
-24.9606  3.17578
-24.9312  3.19213
-24.9018  3.20853
-24.8724  3.22498
-24.843  3.24147
-24.8136  3.25799
-24.7842  3.27454
-24.7548  3.29111
-24.7254  3.30771
-24.696  3.32432
-24.6666  3.34094
-24.6372  3.35757
-24.6078  3.3742
-24.5784  3.39082
-24.549  3.40744
-24.5196  3.42404
-24.4902  3.44063
-24.4608  3.45719
-24.4314  3.47374
-24.402  3.49025
-24.3726  3.50674
-24.3432  3.52319
-24.3138  3.5396
-24.2844  3.55598
-24.255  3.57232
-24.2256  3.58861
-24.1962  3.60486
-24.1668  3.62107
-24.1374  3.63723
-24.108  3.65335
-24.0786  3.66942
-24.0492  3.68545
-24.0198  3.70144
-23.9904  3.71739
-23.961  3.73331
-23.9316  3.74918
-23.9022  3.76503
-23.8728  3.78085
-23.8434  3.79664
-23.814  3.81242
-23.7846  3.82818
-23.7552  3.84393
-23.7258  3.85968
-23.6964  3.87543
-23.667  3.89119
-23.6376  3.90697
-23.6082  3.92277
-23.5788  3.9386
-23.5494  3.95447
-23.52  3.97039
-23.4906  3.98637
-23.4612  4.00241
-23.4318  4.01853
-23.4024  4.03473
-23.373  4.05103
-23.3436  4.06743
-23.3142  4.08395
-23.2848  4.10059
-23.2554  4.11737
-23.226  4.13429
-23.1966  4.15137
-23.1672  4.16861
-23.1378  4.18603
-23.1084  4.20364
-23.079  4.22145
-23.0496  4.23946
-23.0202  4.2577
-22.9908  4.27616
-22.9614  4.29487
-22.932  4.31382
-22.9026  4.33304
-22.8732  4.35252
-22.8438  4.37228
-22.8144  4.39233
-22.785  4.41268
-22.7556  4.43333
-22.7262  4.4543
-22.6968  4.47559
-22.6674  4.4972
-22.638  4.51915
-22.6086  4.54145
-22.5792  4.5641
-22.5498  4.5871
-22.5204  4.61046
-22.491  4.63419
-22.4616  4.65829
-22.4322  4.68277
-22.4028  4.70763
-22.3734  4.73287
-22.344  4.7585
-22.3146  4.78452
-22.2852  4.81093
-22.2558  4.83773
-22.2264  4.86493
-22.197  4.89253
-22.1676  4.92052
-22.1382  4.94891
-22.1088  4.97769
-22.0794  5.00687
-22.05  5.03645
-22.0206  5.06642
-21.9912  5.09678
-21.9618  5.12753
-21.9324  5.15867
-21.903  5.19019
-21.8736  5.2221
-21.8442  5.25438
-21.8148  5.28704
-21.7854  5.32007
-21.756  5.35346
-21.7266  5.38722
-21.6972  5.42134
-21.6678  5.45581
-21.6384  5.49064
-21.609  5.52581
-21.5796  5.56132
-21.5502  5.59716
-21.5208  5.63334
-21.4914  5.66984
-21.462  5.70667
-21.4326  5.74381
-21.4032  5.78126
-21.3738  5.81902
-21.3444  5.85709
-21.315  5.89545
-21.2856  5.93411
-21.2562  5.97306
-21.2268  6.01229
-21.1974  6.0518
-21.168  6.0916
-21.1386  6.13167
-21.1092  6.17201
-21.0798  6.21261
-21.0504  6.25349
-21.021  6.29463
-20.9916  6.33603
-20.9622  6.37769
-20.9328  6.41961
-20.9034  6.46178
-20.874  6.50421
-20.8446  6.5469
-20.8152  6.58983
-20.7858  6.63303
-20.7564  6.67647
-20.727  6.72017
-20.6976  6.76413
-20.6682  6.80834
-20.6388  6.8528
-20.6094  6.89753
-20.58  6.94251
-20.5506  6.98776
-20.5212  7.03327
-20.4918  7.07905
-20.4624  7.12509
-20.433  7.17141
-20.4036  7.21801
-20.3742  7.26488
-20.3448  7.31203
-20.3154  7.35947
-20.286  7.40719
-20.2566  7.45521
-20.2272  7.50352
-20.1978  7.55214
-20.1684  7.60105
-20.139  7.65028
-20.1096  7.69981
-20.0802  7.74966
-20.0508  7.79983
-20.0214  7.85033
-19.992  7.90115
-19.9626  7.9523
-19.9332  8.00378
-19.9038  8.05561
-19.8744  8.10777
-19.845  8.16028
-19.8156  8.21313
-19.7862  8.26634
-19.7568  8.31989
-19.7274  8.3738
-19.698  8.42807
-19.6686  8.4827
-19.6392  8.53768
-19.6098  8.59303
-19.5804  8.64874
-19.551  8.70481
-19.5216  8.76124
-19.4922  8.81804
-19.4628  8.8752
-19.4334  8.93272
-19.404  8.9906
-19.3746  9.04885
-19.3452  9.10744
-19.3158  9.1664
-19.2864  9.2257
-19.257  9.28535
-19.2276  9.34536
-19.1982  9.4057
-19.1688  9.46638
-19.1394  9.52739
-19.11  9.58873
-19.0806  9.6504
-19.0512  9.71238
-19.0218  9.77468
-18.9924  9.83728
-18.963  9.90018
-18.9336  9.96337
-18.9042  10.0268
-18.8748  10.0906
-18.8454  10.1546
-18.816  10.2189
-18.7866  10.2834
-18.7572  10.3482
-18.7278  10.4132
-18.6984  10.4785
-18.669  10.544
-18.6396  10.6096
-18.6102  10.6755
-18.5808  10.7415
-18.5514  10.8078
-18.522  10.8742
-18.4926  10.9408
-18.4632  11.0075
-18.4338  11.0743
-18.4044  11.1413
-18.375  11.2084
-18.3456  11.2756
-18.3162  11.3429
-18.2868  11.4103
-18.2574  11.4778
-18.228  11.5454
-18.1986  11.613
-18.1692  11.6806
-18.1398  11.7483
-18.1104  11.8161
-18.081  11.8838
-18.0516  11.9516
-18.0222  12.0194
-17.9928  12.0872
-17.9634  12.1549
-17.934  12.2227
-17.9046  12.2904
-17.8752  12.3581
-17.8458  12.4257
-17.8164  12.4933
-17.787  12.5608
-17.7576  12.6283
-17.7282  12.6957
-17.6988  12.763
-17.6694  12.8303
-17.64  12.8975
-17.6106  12.9646
-17.5812  13.0316
-17.5518  13.0985
-17.5224  13.1653
-17.493  13.232
-17.4636  13.2986
-17.4342  13.365
-17.4048  13.4314
-17.3754  13.4977
-17.346  13.5638
-17.3166  13.6298
-17.2872  13.6957
-17.2578  13.7615
-17.2284  13.8272
-17.199  13.8927
-17.1696  13.9582
-17.1402  14.0235
-17.1108  14.0887
-17.0814  14.1537
-17.052  14.2187
-17.0226  14.2835
-16.9932  14.3482
-16.9638  14.4128
-16.9344  14.4773
-16.905  14.5416
-16.8756  14.6059
-16.8462  14.67
-16.8168  14.7341
-16.7874  14.798
-16.758  14.8618
-16.7286  14.9255
-16.6992  14.9891
-16.6698  15.0526
-16.6404  15.1161
-16.611  15.1794
-16.5816  15.2426
-16.5522  15.3057
-16.5228  15.3688
-16.4934  15.4317
-16.464  15.4946
-16.4346  15.5573
-16.4052  15.62
-16.3758  15.6826
-16.3464  15.7451
-16.317  15.8076
-16.2876  15.8699
-16.2582  15.9322
-16.2288  15.9944
-16.1994  16.0565
-16.17  16.1185
-16.1406  16.1804
-16.1112  16.2423
-16.0818  16.304
-16.0524  16.3657
-16.023  16.4273
-15.9936  16.4888
-15.9642  16.5502
-15.9348  16.6115
-15.9054  16.6727
-15.876  16.7338
-15.8466  16.7948
-15.8172  16.8557
-15.7878  16.9165
-15.7584  16.9772
-15.729  17.0377
-15.6996  17.0982
-15.6702  17.1585
-15.6408  17.2187
-15.6114  17.2787
-15.582  17.3386
-15.5526  17.3984
-15.5232  17.458
-15.4938  17.5175
-15.4644  17.5768
-15.435  17.6359
-15.4056  17.6948
-15.3762  17.7536
-15.3468  17.8122
-15.3174  17.8706
-15.288  17.9288
-15.2586  17.9868
-15.2292  18.0446
-15.1998  18.1021
-15.1704  18.1594
-15.141  18.2165
-15.1116  18.2734
-15.0822  18.33
-15.0528  18.3863
-15.0234  18.4424
-14.994  18.4983
-14.9646  18.5538
-14.9352  18.6091
-14.9058  18.664
-14.8764  18.7187
-14.847  18.7731
-14.8176  18.8271
-14.7882  18.8809
-14.7588  18.9343
-14.7294  18.9874
-14.7  19.0402
-14.6706  19.0926
-14.6412  19.1447
-14.6118  19.1964
-14.5824  19.2478
-14.553  19.2988
-14.5236  19.3495
-14.4942  19.3998
-14.4648  19.4497
-14.4354  19.4992
-14.406  19.5484
-14.3766  19.5971
-14.3472  19.6455
-14.3178  19.6935
-14.2884  19.7411
-14.259  19.7883
-14.2296  19.8351
-14.2002  19.8815
-14.1708  19.9275
-14.1414  19.973
-14.112  20.0182
-14.0826  20.063
-14.0532  20.1074
-14.0238  20.1513
-13.9944  20.1949
-13.965  20.238
-13.9356  20.2808
-13.9062  20.3231
-13.8768  20.365
-13.8474  20.4065
-13.818  20.4477
-13.7886  20.4884
-13.7592  20.5287
-13.7298  20.5686
-13.7004  20.6082
-13.671  20.6473
-13.6416  20.6861
-13.6122  20.7245
-13.5828  20.7624
-13.5534  20.8
-13.524  20.8373
-13.4946  20.8741
-13.4652  20.9106
-13.4358  20.9468
-13.4064  20.9825
-13.377  21.018
-13.3476  21.053
-13.3182  21.0877
-13.2888  21.1221
-13.2594  21.1561
-13.23  21.1898
-13.2006  21.2232
-13.1712  21.2562
-13.1418  21.289
-13.1124  21.3214
-13.083  21.3534
-13.0536  21.3852
-13.0242  21.4167
-12.9948  21.4479
-12.9654  21.4788
-12.936  21.5094
-12.9066  21.5397
-12.8772  21.5697
-12.8478  21.5994
-12.8184  21.6289
-12.789  21.6581
-12.7596  21.687
-12.7302  21.7157
-12.7008  21.7441
-12.6714  21.7722
-12.642  21.8001
-12.6126  21.8277
-12.5832  21.8551
-12.5538  21.8822
-12.5244  21.9091
-12.495  21.9357
-12.4656  21.9621
-12.4362  21.9883
-12.4068  22.0142
-12.3774  22.0399
-12.348  22.0653
-12.3186  22.0906
-12.2892  22.1155
-12.2598  22.1403
-12.2304  22.1648
-12.201  22.189
-12.1716  22.2131
-12.1422  22.2369
-12.1128  22.2605
-12.0834  22.2838
-12.054  22.3069
-12.0246  22.3298
-11.9952  22.3524
-11.9658  22.3748
-11.9364  22.3969
-11.907  22.4188
-11.8776  22.4405
-11.8482  22.4619
-11.8188  22.483
-11.7894  22.504
-11.76  22.5246
-11.7306  22.545
-11.7012  22.5652
-11.6718  22.5851
-11.6424  22.6047
-11.613  22.6241
-11.5836  22.6432
-11.5542  22.662
-11.5248  22.6806
-11.4954  22.6988
-11.466  22.7169
-11.4366  22.7346
-11.4072  22.752
-11.3778  22.7692
-11.3484  22.786
-11.319  22.8026
-11.2896  22.8189
-11.2602  22.8349
-11.2308  22.8506
-11.2014  22.866
-11.172  22.8811
-11.1426  22.8958
-11.1132  22.9103
-11.0838  22.9244
-11.0544  22.9383
-11.025  22.9518
-10.9956  22.965
-10.9662  22.9779
-10.9368  22.9905
-10.9074  23.0028
-10.878  23.0147
-10.8486  23.0263
-10.8192  23.0376
-10.7898  23.0486
-10.7604  23.0592
-10.731  23.0695
-10.7016  23.0795
-10.6722  23.0892
-10.6428  23.0985
-10.6134  23.1076
-10.584  23.1163
-10.5546  23.1246
-10.5252  23.1327
-10.4958  23.1404
-10.4664  23.1478
-10.437  23.1549
-10.4076  23.1617
-10.3782  23.1682
-10.3488  23.1744
-10.3194  23.1802
-10.29  23.1858
-10.2606  23.1911
-10.2312  23.196
-10.2018  23.2007
-10.1724  23.2051
-10.143  23.2091
-10.1136  23.2129
-10.0842  23.2165
-10.0548  23.2197
-10.0254  23.2227
-9.996  23.2254
-9.9666  23.2279
-9.9372  23.23
-9.9078  23.232
-9.8784  23.2337
-9.849  23.2351
-9.8196  23.2364
-9.7902  23.2374
-9.7608  23.2381
-9.7314  23.2387
-9.702  23.239
-9.6726  23.2391
-9.6432  23.2391
-9.6138  23.2388
-9.5844  23.2383
-9.555  23.2377
-9.5256  23.2369
-9.4962  23.2359
-9.4668  23.2347
-9.4374  23.2334
-9.408  23.232
-9.3786  23.2303
-9.3492  23.2286
-9.3198  23.2267
-9.2904  23.2247
-9.261  23.2226
-9.2316  23.2203
-9.2022  23.2179
-9.1728  23.2155
-9.1434  23.2129
-9.114  23.2102
-9.0846  23.2075
-9.0552  23.2046
-9.0258  23.2017
-8.9964  23.1987
-8.967  23.1957
-8.9376  23.1925
-8.9082  23.1894
-8.8788  23.1861
-8.8494  23.1828
-8.82  23.1795
-8.7906  23.1761
-8.7612  23.1727
-8.7318  23.1693
-8.7024  23.1658
-8.673  23.1623
-8.6436  23.1588
-8.6142  23.1553
-8.5848  23.1517
-8.5554  23.1482
-8.526  23.1446
-8.4966  23.141
-8.4672  23.1374
-8.4378  23.1338
-8.4084  23.1302
-8.379  23.1266
-8.3496  23.123
-8.3202  23.1194
-8.2908  23.1158
-8.2614  23.1123
-8.232  23.1087
-8.2026  23.1051
-8.1732  23.1015
-8.1438  23.098
-8.1144  23.0944
-8.085  23.0908
-8.0556  23.0873
-8.0262  23.0838
-7.9968  23.0802
-7.9674  23.0767
-7.938  23.0731
-7.9086  23.0696
-7.8792  23.0661
-7.8498  23.0626
-7.8204  23.059
-7.791  23.0555
-7.7616  23.052
-7.7322  23.0484
-7.7028  23.0449
-7.6734  23.0413
-7.644  23.0377
-7.6146  23.0342
-7.5852  23.0306
-7.5558  23.0269
-7.5264  23.0233
-7.497  23.0196
-7.4676  23.0159
-7.4382  23.0122
-7.4088  23.0085
-7.3794  23.0047
-7.35  23.0009
-7.3206  22.997
-7.2912  22.9932
-7.2618  22.9892
-7.2324  22.9853
-7.203  22.9812
-7.1736  22.9772
-7.1442  22.973
-7.1148  22.9689
-7.0854  22.9646
-7.056  22.9603
-7.0266  22.956
-6.9972  22.9516
-6.9678  22.9471
-6.9384  22.9425
-6.909  22.9379
-6.8796  22.9332
-6.8502  22.9285
-6.8208  22.9236
-6.7914  22.9187
-6.762  22.9137
-6.7326  22.9086
-6.7032  22.9035
-6.6738  22.8983
-6.6444  22.8929
-6.615  22.8875
-6.5856  22.8821
-6.5562  22.8765
-6.5268  22.8708
-6.4974  22.8651
-6.468  22.8593
-6.4386  22.8534
-6.4092  22.8474
-6.3798  22.8413
-6.3504  22.8351
-6.321  22.8288
-6.2916  22.8225
-6.2622  22.816
-6.2328  22.8095
-6.2034  22.8029
-6.174  22.7962
-6.1446  22.7894
-6.1152  22.7826
-6.0858  22.7756
-6.0564  22.7686
-6.027  22.7615
-5.9976  22.7544
-5.9682  22.7471
-5.9388  22.7398
-5.9094  22.7324
-5.88  22.7249
-5.8506  22.7174
-5.8212  22.7098
-5.7918  22.7022
-5.7624  22.6945
-5.733  22.6867
-5.7036  22.6789
-5.6742  22.671
-5.6448  22.663
-5.6154  22.6551
-5.586  22.647
-5.5566  22.639
-5.5272  22.6309
-5.4978  22.6227
-5.4684  22.6145
-5.439  22.6063
-5.4096  22.5981
-5.3802  22.5898
-5.3508  22.5816
-5.3214  22.5733
-5.292  22.5649
-5.2626  22.5566
-5.2332  22.5483
-5.2038  22.5399
-5.1744  22.5316
-5.145  22.5233
-5.1156  22.5149
-5.0862  22.5066
-5.0568  22.4983
-5.0274  22.49
-4.998  22.4817
-4.9686  22.4734
-4.9392  22.4651
-4.9098  22.4569
-4.8804  22.4487
-4.851  22.4405
-4.8216  22.4324
-4.7922  22.4243
-4.7628  22.4162
-4.7334  22.4082
-4.704  22.4002
-4.6746  22.3923
-4.6452  22.3844
-4.6158  22.3765
-4.5864  22.3687
-4.557  22.361
-4.5276  22.3533
-4.4982  22.3457
-4.4688  22.3381
-4.4394  22.3306
-4.41  22.3232
-4.3806  22.3158
-4.3512  22.3085
-4.3218  22.3013
-4.2924  22.2941
-4.263  22.287
-4.2336  22.28
-4.2042  22.273
-4.1748  22.2661
-4.1454  22.2593
-4.116  22.2526
-4.0866  22.2459
-4.0572  22.2393
-4.0278  22.2328
-3.9984  22.2264
-3.969  22.22
-3.9396  22.2137
-3.9102  22.2075
-3.8808  22.2014
-3.8514  22.1953
-3.822  22.1893
-3.7926  22.1834
-3.7632  22.1776
-3.7338  22.1719
-3.7044  22.1662
-3.675  22.1606
-3.6456  22.155
-3.6162  22.1496
-3.5868  22.1442
-3.5574  22.1388
-3.528  22.1336
-3.4986  22.1284
-3.4692  22.1233
-3.4398  22.1182
-3.4104  22.1132
-3.381  22.1083
-3.3516  22.1035
-3.3222  22.0987
-3.2928  22.0939
-3.2634  22.0892
-3.234  22.0846
-3.2046  22.0801
-3.1752  22.0756
-3.1458  22.0711
-3.1164  22.0667
-3.087  22.0623
-3.0576  22.058
-3.0282  22.0538
-2.9988  22.0496
-2.9694  22.0454
-2.94  22.0413
-2.9106  22.0372
-2.8812  22.0332
-2.8518  22.0292
-2.8224  22.0252
-2.793  22.0213
-2.7636  22.0174
-2.7342  22.0135
-2.7048  22.0097
-2.6754  22.0059
-2.646  22.0022
-2.6166  21.9985
-2.5872  21.9948
-2.5578  21.9911
-2.5284  21.9874
-2.499  21.9838
-2.4696  21.9802
-2.4402  21.9766
-2.4108  21.9731
-2.3814  21.9696
-2.352  21.9661
-2.3226  21.9626
-2.2932  21.9591
-2.2638  21.9557
-2.2344  21.9523
-2.205  21.9489
-2.1756  21.9455
-2.1462  21.9421
-2.1168  21.9387
-2.0874  21.9354
-2.058  21.9321
-2.0286  21.9288
-1.9992  21.9255
-1.9698  21.9223
-1.9404  21.919
-1.911  21.9158
-1.8816  21.9126
-1.8522  21.9094
-1.8228  21.9062
-1.7934  21.9031
-1.764  21.9
-1.7346  21.8969
-1.7052  21.8938
-1.6758  21.8907
-1.6464  21.8877
-1.617  21.8847
-1.5876  21.8817
-1.5582  21.8787
-1.5288  21.8758
-1.4994  21.8729
-1.47  21.87
-1.4406  21.8671
-1.4112  21.8643
-1.3818  21.8615
-1.3524  21.8588
-1.323  21.856
-1.2936  21.8533
-1.2642  21.8507
-1.2348  21.8481
-1.2054  21.8455
-1.176  21.843
-1.1466  21.8405
-1.1172  21.838
-1.0878  21.8356
-1.0584  21.8332
-1.029  21.8309
-0.9996  21.8286
-0.9702  21.8264
-0.9408  21.8242
-0.9114  21.8221
-0.882  21.82
-0.8526  21.818
-0.8232  21.816
-0.7938  21.8141
-0.7644  21.8123
-0.735  21.8105
-0.7056  21.8088
-0.6762  21.8071
-0.6468  21.8055
-0.6174  21.8039
-0.588  21.8025
-0.5586  21.8011
-0.5292  21.7997
-0.4998  21.7984
-0.4704  21.7972
-0.441  21.7961
-0.4116  21.795
-0.3822  21.794
-0.3528  21.7931
-0.3234  21.7922
-0.294  21.7914
-0.2646  21.7907
-0.2352  21.7901
-0.2058  21.7895
-0.1764  21.789
-0.147  21.7886
-0.1176  21.7882
-0.0882  21.788
-0.0588  21.7878
-0.0294  21.7877
-6.77626e-15  21.7876
0.0294  21.7877
0.0588  21.7878
0.0882  21.788
0.1176  21.7882
0.147  21.7886
0.1764  21.789
0.2058  21.7895
0.2352  21.7901
0.2646  21.7907
0.294  21.7914
0.3234  21.7922
0.3528  21.7931
0.3822  21.794
0.4116  21.795
0.441  21.7961
0.4704  21.7972
0.4998  21.7984
0.5292  21.7997
0.5586  21.8011
0.588  21.8025
0.6174  21.8039
0.6468  21.8055
0.6762  21.8071
0.7056  21.8088
0.735  21.8105
0.7644  21.8123
0.7938  21.8141
0.8232  21.816
0.8526  21.818
0.882  21.82
0.9114  21.8221
0.9408  21.8242
0.9702  21.8264
0.9996  21.8286
1.029  21.8309
1.0584  21.8332
1.0878  21.8356
1.1172  21.838
1.1466  21.8405
1.176  21.843
1.2054  21.8455
1.2348  21.8481
1.2642  21.8507
1.2936  21.8534
1.323  21.856
1.3524  21.8588
1.3818  21.8615
1.4112  21.8643
1.4406  21.8671
1.47  21.87
1.4994  21.8729
1.5288  21.8758
1.5582  21.8787
1.5876  21.8817
1.617  21.8847
1.6464  21.8877
1.6758  21.8907
1.7052  21.8938
1.7346  21.8969
1.764  21.9
1.7934  21.9031
1.8228  21.9063
1.8522  21.9094
1.8816  21.9126
1.911  21.9158
1.9404  21.919
1.9698  21.9223
1.9992  21.9255
2.0286  21.9288
2.058  21.9321
2.0874  21.9354
2.1168  21.9388
2.1462  21.9421
2.1756  21.9455
2.205  21.9489
2.2344  21.9523
2.2638  21.9557
2.2932  21.9591
2.3226  21.9626
2.352  21.9661
2.3814  21.9696
2.4108  21.9731
2.4402  21.9767
2.4696  21.9802
2.499  21.9838
2.5284  21.9874
2.5578  21.9911
2.5872  21.9948
2.6166  21.9985
2.646  22.0022
2.6754  22.0059
2.7048  22.0097
2.7342  22.0135
2.7636  22.0174
2.793  22.0213
2.8224  22.0252
2.8518  22.0292
2.8812  22.0332
2.9106  22.0372
2.94  22.0413
2.9694  22.0454
2.9988  22.0496
3.0282  22.0538
3.0576  22.058
3.087  22.0623
3.1164  22.0667
3.1458  22.0711
3.1752  22.0756
3.2046  22.0801
3.234  22.0846
3.2634  22.0893
3.2928  22.0939
3.3222  22.0987
3.3516  22.1035
3.381  22.1083
3.4104  22.1132
3.4398  22.1182
3.4692  22.1233
3.4986  22.1284
3.528  22.1336
3.5574  22.1388
3.5868  22.1442
3.6162  22.1496
3.6456  22.155
3.675  22.1606
3.7044  22.1662
3.7338  22.1719
3.7632  22.1776
3.7926  22.1834
3.822  22.1894
3.8514  22.1953
3.8808  22.2014
3.9102  22.2075
3.9396  22.2137
3.969  22.22
3.9984  22.2264
4.0278  22.2328
4.0572  22.2393
4.0866  22.2459
4.116  22.2526
4.1454  22.2593
4.1748  22.2661
4.2042  22.273
4.2336  22.28
4.263  22.287
4.2924  22.2941
4.3218  22.3013
4.3512  22.3085
4.3806  22.3158
4.41  22.3232
4.4394  22.3306
4.4688  22.3381
4.4982  22.3457
4.5276  22.3533
4.557  22.361
4.5864  22.3687
4.6158  22.3765
4.6452  22.3844
4.6746  22.3923
4.704  22.4002
4.7334  22.4082
4.7628  22.4162
4.7922  22.4243
4.8216  22.4324
4.851  22.4405
4.8804  22.4487
4.9098  22.4569
4.9392  22.4651
4.9686  22.4734
4.998  22.4817
5.0274  22.49
5.0568  22.4983
5.0862  22.5066
5.1156  22.5149
5.145  22.5233
5.1744  22.5316
5.2038  22.5399
5.2332  22.5483
5.2626  22.5566
5.292  22.5649
5.3214  22.5733
5.3508  22.5816
5.3802  22.5898
5.4096  22.5981
5.439  22.6063
5.4684  22.6145
5.4978  22.6227
5.5272  22.6309
5.5566  22.639
5.586  22.647
5.6154  22.6551
5.6448  22.663
5.6742  22.671
5.7036  22.6789
5.733  22.6867
5.7624  22.6945
5.7918  22.7022
5.8212  22.7098
5.8506  22.7174
5.88  22.7249
5.9094  22.7324
5.9388  22.7398
5.9682  22.7471
5.9976  22.7544
6.027  22.7615
6.0564  22.7686
6.0858  22.7756
6.1152  22.7826
6.1446  22.7894
6.174  22.7962
6.2034  22.8029
6.2328  22.8095
6.2622  22.816
6.2916  22.8225
6.321  22.8288
6.3504  22.8351
6.3798  22.8413
6.4092  22.8473
6.4386  22.8534
6.468  22.8593
6.4974  22.8651
6.5268  22.8708
6.5562  22.8765
6.5856  22.8821
6.615  22.8875
6.6444  22.8929
6.6738  22.8983
6.7032  22.9035
6.7326  22.9086
6.762  22.9137
6.7914  22.9187
6.8208  22.9236
6.8502  22.9284
6.8796  22.9332
6.909  22.9379
6.9384  22.9425
6.9678  22.9471
6.9972  22.9516
7.0266  22.956
7.056  22.9603
7.0854  22.9646
7.1148  22.9688
7.1442  22.973
7.1736  22.9772
7.203  22.9812
7.2324  22.9852
7.2618  22.9892
7.2912  22.9932
7.3206  22.997
7.35  23.0009
7.3794  23.0047
7.4088  23.0085
7.4382  23.0122
7.4676  23.0159
7.497  23.0196
7.5264  23.0233
7.5558  23.0269
7.5852  23.0306
7.6146  23.0342
7.644  23.0377
7.6734  23.0413
7.7028  23.0449
7.7322  23.0484
7.7616  23.052
7.791  23.0555
7.8204  23.059
7.8498  23.0626
7.8792  23.0661
7.9086  23.0696
7.938  23.0731
7.9674  23.0767
7.9968  23.0802
8.0262  23.0837
8.0556  23.0873
8.085  23.0908
8.1144  23.0944
8.1438  23.098
8.1732  23.1015
8.2026  23.1051
8.232  23.1087
8.2614  23.1123
8.2908  23.1158
8.3202  23.1194
8.3496  23.123
8.379  23.1266
8.4084  23.1302
8.4378  23.1338
8.4672  23.1374
8.4966  23.141
8.526  23.1446
8.5554  23.1482
8.5848  23.1517
8.6142  23.1553
8.6436  23.1588
8.673  23.1623
8.7024  23.1658
8.7318  23.1693
8.7612  23.1727
8.7906  23.1761
8.82  23.1795
8.8494  23.1828
8.8788  23.1861
8.9082  23.1893
8.9376  23.1925
8.967  23.1956
8.9964  23.1987
9.0258  23.2017
9.0552  23.2046
9.0846  23.2075
9.114  23.2102
9.1434  23.2129
9.1728  23.2155
9.2022  23.2179
9.2316  23.2203
9.261  23.2225
9.2904  23.2247
9.3198  23.2267
9.3492  23.2286
9.3786  23.2303
9.408  23.232
9.4374  23.2334
9.4668  23.2347
9.4962  23.2359
9.5256  23.2369
9.555  23.2377
9.5844  23.2383
9.6138  23.2388
9.6432  23.2391
9.6726  23.2391
9.702  23.239
9.7314  23.2387
9.7608  23.2381
9.7902  23.2374
9.8196  23.2364
9.849  23.2351
9.8784  23.2337
9.9078  23.232
9.9372  23.2301
9.9666  23.2279
9.996  23.2254
10.0254  23.2227
10.0548  23.2197
10.0842  23.2165
10.1136  23.2129
10.143  23.2091
10.1724  23.2051
10.2018  23.2007
10.2312  23.196
10.2606  23.1911
10.29  23.1858
10.3194  23.1802
10.3488  23.1744
10.3782  23.1682
10.4076  23.1617
10.437  23.1549
10.4664  23.1478
10.4958  23.1404
10.5252  23.1327
10.5546  23.1246
10.584  23.1163
10.6134  23.1076
10.6428  23.0985
10.6722  23.0892
10.7016  23.0795
10.731  23.0695
10.7604  23.0592
10.7898  23.0486
10.8192  23.0376
10.8486  23.0263
10.878  23.0147
10.9074  23.0028
10.9368  22.9905
10.9662  22.9779
10.9956  22.965
11.025  22.9518
11.0544  22.9383
11.0838  22.9245
11.1132  22.9103
11.1426  22.8958
11.172  22.8811
11.2014  22.866
11.2308  22.8506
11.2602  22.8349
11.2896  22.8189
11.319  22.8026
11.3484  22.7861
11.3778  22.7692
11.4072  22.752
11.4366  22.7346
11.466  22.7169
11.4954  22.6989
11.5248  22.6806
11.5542  22.662
11.5836  22.6432
11.613  22.6241
11.6424  22.6047
11.6718  22.5851
11.7012  22.5652
11.7306  22.545
11.76  22.5246
11.7894  22.504
11.8188  22.483
11.8482  22.4619
11.8776  22.4405
11.907  22.4188
11.9364  22.3969
11.9658  22.3748
11.9952  22.3524
12.0246  22.3298
12.054  22.3069
12.0834  22.2838
12.1128  22.2605
12.1422  22.2369
12.1716  22.2131
12.201  22.1891
12.2304  22.1648
12.2598  22.1403
12.2892  22.1155
12.3186  22.0906
12.348  22.0653
12.3774  22.0399
12.4068  22.0142
12.4362  21.9883
12.4656  21.9621
12.495  21.9357
12.5244  21.9091
12.5538  21.8822
12.5832  21.8551
12.6126  21.8277
12.642  21.8001
12.6714  21.7722
12.7008  21.7441
12.7302  21.7157
12.7596  21.687
12.789  21.6581
12.8184  21.6289
12.8478  21.5994
12.8772  21.5697
12.9066  21.5397
12.936  21.5094
12.9654  21.4788
12.9948  21.4479
13.0242  21.4167
13.0536  21.3852
13.083  21.3534
13.1124  21.3214
13.1418  21.289
13.1712  21.2562
13.2006  21.2232
13.23  21.1898
13.2594  21.1561
13.2888  21.1221
13.3182  21.0877
13.3476  21.053
13.377  21.018
13.4064  20.9825
13.4358  20.9468
13.4652  20.9106
13.4946  20.8741
13.524  20.8373
13.5534  20.8001
13.5828  20.7624
13.6122  20.7245
13.6416  20.6861
13.671  20.6473
13.7004  20.6082
13.7298  20.5686
13.7592  20.5287
13.7886  20.4884
13.818  20.4477
13.8474  20.4065
13.8768  20.365
13.9062  20.3231
13.9356  20.2808
13.965  20.238
13.9944  20.1949
14.0238  20.1513
14.0532  20.1074
14.0826  20.063
14.112  20.0182
14.1414  19.973
14.1708  19.9275
14.2002  19.8815
14.2296  19.8351
14.259  19.7883
14.2884  19.7411
14.3178  19.6935
14.3472  19.6455
14.3766  19.5971
14.406  19.5484
14.4354  19.4992
14.4648  19.4497
14.4942  19.3998
14.5236  19.3495
14.553  19.2988
14.5824  19.2478
14.6118  19.1964
14.6412  19.1447
14.6706  19.0926
14.7  19.0402
14.7294  18.9874
14.7588  18.9343
14.7882  18.8809
14.8176  18.8272
14.847  18.7731
14.8764  18.7187
14.9058  18.664
14.9352  18.6091
14.9646  18.5538
14.994  18.4983
15.0234  18.4424
15.0528  18.3863
15.0822  18.33
15.1116  18.2734
15.141  18.2165
15.1704  18.1594
15.1998  18.1021
15.2292  18.0446
15.2586  17.9868
15.288  17.9288
15.3174  17.8706
15.3468  17.8122
15.3762  17.7536
15.4056  17.6948
15.435  17.6359
15.4644  17.5768
15.4938  17.5175
15.5232  17.458
15.5526  17.3984
15.582  17.3386
15.6114  17.2787
15.6408  17.2187
15.6702  17.1585
15.6996  17.0982
15.729  17.0377
15.7584  16.9772
15.7878  16.9165
15.8172  16.8557
15.8466  16.7948
15.876  16.7338
15.9054  16.6727
15.9348  16.6115
15.9642  16.5502
15.9936  16.4888
16.023  16.4273
16.0524  16.3657
16.0818  16.304
16.1112  16.2423
16.1406  16.1804
16.17  16.1185
16.1994  16.0565
16.2288  15.9944
16.2582  15.9322
16.2876  15.8699
16.317  15.8076
16.3464  15.7452
16.3758  15.6826
16.4052  15.62
16.4346  15.5574
16.464  15.4946
16.4934  15.4317
16.5228  15.3688
16.5522  15.3057
16.5816  15.2426
16.611  15.1794
16.6404  15.1161
16.6698  15.0527
16.6992  14.9891
16.7286  14.9255
16.758  14.8618
16.7874  14.798
16.8168  14.7341
16.8462  14.67
16.8756  14.6059
16.905  14.5417
16.9344  14.4773
16.9638  14.4128
16.9932  14.3482
17.0226  14.2835
17.052  14.2187
17.0814  14.1537
17.1108  14.0887
17.1402  14.0235
17.1696  13.9582
17.199  13.8928
17.2284  13.8272
17.2578  13.7615
17.2872  13.6958
17.3166  13.6298
17.346  13.5638
17.3754  13.4977
17.4048  13.4314
17.4342  13.3651
17.4636  13.2986
17.493  13.232
17.5224  13.1653
17.5518  13.0985
17.5812  13.0316
17.6106  12.9646
17.64  12.8975
17.6694  12.8303
17.6988  12.7631
17.7282  12.6957
17.7576  12.6283
17.787  12.5608
17.8164  12.4933
17.8458  12.4257
17.8752  12.3581
17.9046  12.2904
17.934  12.2227
17.9634  12.1549
17.9928  12.0872
18.0222  12.0194
18.0516  11.9516
18.081  11.8838
18.1104  11.8161
18.1398  11.7484
18.1692  11.6807
18.1986  11.613
18.228  11.5454
18.2574  11.4778
18.2868  11.4103
18.3162  11.3429
18.3456  11.2756
18.375  11.2084
18.4044  11.1413
18.4338  11.0743
18.4632  11.0075
18.4926  10.9408
18.522  10.8742
18.5514  10.8078
18.5808  10.7416
18.6102  10.6755
18.6396  10.6096
18.669  10.544
18.6984  10.4785
18.7278  10.4133
18.7572  10.3482
18.7866  10.2834
18.816  10.2189
18.8454  10.1546
18.8748  10.0906
18.9042  10.0268
18.9336  9.96337
18.963  9.90018
18.9924  9.83728
19.0218  9.77468
19.0512  9.71238
19.0806  9.6504
19.11  9.58873
19.1394  9.52739
19.1688  9.46638
19.1982  9.4057
19.2276  9.34536
19.257  9.28535
19.2864  9.2257
19.3158  9.1664
19.3452  9.10744
19.3746  9.04884
19.404  8.9906
19.4334  8.93272
19.4628  8.8752
19.4922  8.81804
19.5216  8.76124
19.551  8.70481
19.5804  8.64873
19.6098  8.59303
19.6392  8.53768
19.6686  8.48269
19.698  8.42807
19.7274  8.3738
19.7568  8.31989
19.7862  8.26633
19.8156  8.21313
19.845  8.16027
19.8744  8.10776
19.9038  8.0556
19.9332  8.00378
19.9626  7.95229
19.992  7.90114
20.0214  7.85032
20.0508  7.79983
20.0802  7.74966
20.1096  7.69981
20.139  7.65027
20.1684  7.60105
20.1978  7.55213
20.2272  7.50352
20.2566  7.4552
20.286  7.40718
20.3154  7.35946
20.3448  7.31202
20.3742  7.26487
20.4036  7.218
20.433  7.1714
20.4624  7.12509
20.4918  7.07904
20.5212  7.03326
20.5506  6.98775
20.58  6.9425
20.6094  6.89752
20.6388  6.85279
20.6682  6.80833
20.6976  6.76412
20.727  6.72016
20.7564  6.67646
20.7858  6.63302
20.8152  6.58982
20.8446  6.54689
20.874  6.5042
20.9034  6.46177
20.9328  6.4196
20.9622  6.37768
20.9916  6.33602
21.021  6.29462
21.0504  6.25348
21.0798  6.2126
21.1092  6.17199
21.1386  6.13165
21.168  6.09159
21.1974  6.05179
21.2268  6.01228
21.2562  5.97304
21.2856  5.9341
21.315  5.89544
21.3444  5.85708
21.3738  5.81901
21.4032  5.78125
21.4326  5.7438
21.462  5.70666
21.4914  5.66983
21.5208  5.63333
21.5502  5.59715
21.5796  5.56131
21.609  5.5258
21.6384  5.49063
21.6678  5.4558
21.6972  5.42133
21.7266  5.38721
21.756  5.35345
21.7854  5.32006
21.8148  5.28703
21.8442  5.25437
21.8736  5.22209
21.903  5.19018
21.9324  5.15866
21.9618  5.12752
21.9912  5.09677
22.0206  5.06641
22.05  5.03644
22.0794  5.00686
22.1088  4.97768
22.1382  4.9489
22.1676  4.92051
22.197  4.89252
22.2264  4.86492
22.2558  4.83773
22.2852  4.81092
22.3146  4.78451
22.344  4.75849
22.3734  4.73286
22.4028  4.70762
22.4322  4.68276
22.4616  4.65829
22.491  4.63419
22.5204  4.61046
22.5498  4.58709
22.5792  4.56409
22.6086  4.54144
22.638  4.51915
22.6674  4.4972
22.6968  4.47558
22.7262  4.45429
22.7556  4.43333
22.785  4.41268
22.8144  4.39233
22.8438  4.37228
22.8732  4.35252
22.9026  4.33303
22.932  4.31382
22.9614  4.29486
22.9908  4.27616
23.0202  4.25769
23.0496  4.23946
23.079  4.22144
23.1084  4.20364
23.1378  4.18603
23.1672  4.16861
23.1966  4.15136
23.226  4.13428
23.2554  4.11736
23.2848  4.10059
23.3142  4.08395
23.3436  4.06743
23.373  4.05103
23.4024  4.03473
23.4318  4.01853
23.4612  4.00241
23.4906  3.98637
23.52  3.97039
23.5494  3.95447
23.5788  3.9386
23.6082  3.92277
23.6376  3.90696
23.667  3.89119
23.6964  3.87543
23.7258  3.85968
23.7552  3.84393
23.7846  3.82818
23.814  3.81242
23.8434  3.79664
23.8728  3.78085
23.9022  3.76503
23.9316  3.74918
23.961  3.7333
23.9904  3.71739
24.0198  3.70144
24.0492  3.68545
24.0786  3.66942
24.108  3.65335
24.1374  3.63723
24.1668  3.62106
24.1962  3.60486
24.2256  3.58861
24.255  3.57231
24.2844  3.55598
24.3138  3.5396
24.3432  3.52319
24.3726  3.50674
24.402  3.49025
24.4314  3.47374
24.4608  3.45719
24.4902  3.44063
24.5196  3.42404
24.549  3.40743
24.5784  3.39082
24.6078  3.37419
24.6372  3.35757
24.6666  3.34094
24.696  3.32432
24.7254  3.30771
24.7548  3.29111
24.7842  3.27454
24.8136  3.25799
24.843  3.24146
24.8724  3.22498
24.9018  3.20853
24.9312  3.19213
24.9606  3.17577
24.99  3.15947
25.0194  3.14323
25.0488  3.12704
25.0782  3.11092
25.1076  3.09487
25.137  3.07888
25.1664  3.06298
25.1958  3.04714
25.2252  3.03139
25.2546  3.01572
25.284  3.00013
25.3134  2.98462
25.3428  2.9692
25.3722  2.95387
25.4016  2.93862
25.431  2.92345
25.4604  2.90837
25.4898  2.89338
25.5192  2.87846
25.5486  2.86363
25.578  2.84887
25.6074  2.8342
25.6368  2.81959
25.6662  2.80505
25.6956  2.79059
25.725  2.77618
25.7544  2.76183
25.7838  2.74754
25.8132  2.73329
25.8426  2.71909
25.872  2.70492
25.9014  2.69079
25.9308  2.67668
25.9602  2.6626
25.9896  2.64853
26.019  2.63446
26.0484  2.6204
26.0778  2.60633
26.1072  2.59225
26.1366  2.57814
26.166  2.56402
26.1954  2.54985
26.2248  2.53565
26.2542  2.5214
26.2836  2.5071
26.313  2.49273
26.3424  2.4783
26.3718  2.4638
26.4012  2.44921
26.4306  2.43454
26.46  2.41978
26.4894  2.40492
26.5188  2.38996
26.5482  2.3749
26.5776  2.35972
26.607  2.34442
26.6364  2.32901
26.6658  2.31347
26.6952  2.29781
26.7246  2.28202
26.754  2.2661
26.7834  2.25005
26.8128  2.23386
26.8422  2.21754
26.8716  2.20109
26.901  2.1845
26.9304  2.16778
26.9598  2.15093
26.9892  2.13395
27.0186  2.11684
27.048  2.09961
27.0774  2.08225
27.1068  2.06478
27.1362  2.04719
27.1656  2.02949
27.195  2.01169
27.2244  1.99379
27.2538  1.9758
27.2832  1.95773
27.3126  1.93957
27.342  1.92134
27.3714  1.90305
27.4008  1.8847
27.4302  1.8663
27.4596  1.84787
27.489  1.8294
27.5184  1.81091
27.5478  1.79241
27.5772  1.7739
27.6066  1.7554
27.636  1.73691
27.6654  1.71845
27.6948  1.70003
27.7242  1.68164
27.7536  1.66332
27.783  1.64505
27.8124  1.62686
27.8418  1.60875
27.8712  1.59073
27.9006  1.57281
27.93  1.55501
27.9594  1.53732
27.9888  1.51976
28.0182  1.50233
28.0476  1.48505
28.077  1.46792
28.1064  1.45095
28.1358  1.43414
28.1652  1.4175
28.1946  1.40105
28.224  1.38477
28.2534  1.36869
28.2828  1.35279
28.3122  1.3371
28.3416  1.32161
28.371  1.30632
28.4004  1.29124
28.4298  1.27637
28.4592  1.26172
28.4886  1.24728
28.518  1.23305
28.5474  1.21904
28.5768  1.20524
28.6062  1.19166
28.6356  1.17829
28.665  1.16513
28.6944  1.15219
28.7238  1.13945
28.7532  1.12691
28.7826  1.11458
28.812  1.10245
28.8414  1.09051
28.8708  1.07876
28.9002  1.0672
28.9296  1.05581
28.959  1.04461
28.9884  1.03357
29.0178  1.0227
29.0472  1.01198
29.0766  1.00142
29.106  0.991007
29.1354  0.980733
29.1648  0.970593
29.1942  0.96058
29.2236  0.95069
29.253  0.940914
29.2824  0.931247
29.3118  0.921683
29.3412  0.912216
29.3706  0.902839
29.4  0.893547
29.4294  0.884334
29.4588  0.875195
29.4882  0.866124
29.5176  0.857116
29.547  0.848167
29.5764  0.839273
29.6058  0.830428
29.6352  0.821631
29.6646  0.812876
29.694  0.804161
29.7234  0.795484
29.7528  0.786842
29.7822  0.778232
29.8116  0.769654
29.841  0.761107
29.8704  0.752589
29.8998  0.744101
29.9292  0.735642
29.9586  0.727214
29.988  0.718816
30.0174  0.710451
30.0468  0.70212
30.0762  0.693825
30.1056  0.685568
30.135  0.677353
30.1644  0.669182
30.1938  0.661058
30.2232  0.652987
30.2526  0.644971
30.282  0.637016
30.3114  0.629124
30.3408  0.621302
30.3702  0.613555
30.3996  0.605886
30.429  0.598303
30.4584  0.590809
30.4878  0.583411
30.5172  0.576113
30.5466  0.568923
30.576  0.561844
30.6054  0.554883
30.6348  0.548046
30.6642  0.541337
30.6936  0.534761
30.723  0.528325
30.7524  0.522032
30.7818  0.515889
30.8112  0.509899
30.8406  0.504066
30.87  0.498395
30.8994  0.49289
30.9288  0.487554
30.9582  0.48239
30.9876  0.477401
31.017  0.47259
31.0464  0.467958
31.0758  0.463507
31.1052  0.459238
31.1346  0.455152
31.164  0.45125
31.1934  0.447532
31.2228  0.443996
31.2522  0.440642
31.2816  0.43747
31.311  0.434476
31.3404  0.431658
31.3698  0.429014
31.3992  0.426541
31.4286  0.424236
31.458  0.422093
31.4874  0.420109
31.5168  0.418279
31.5462  0.416597
31.5756  0.415059
31.605  0.413658
31.6344  0.412389
31.6638  0.411244
31.6932  0.410217
31.7226  0.409301
31.752  0.408489
31.7814  0.407774
31.8108  0.407146
31.8402  0.4066
31.8696  0.406127
31.899  0.405719
31.9284  0.405367
31.9578  0.405065
31.9872  0.404804
32.0166  0.404575
32.046  0.404371
32.0754  0.404184
32.1048  0.404007
32.1342  0.403831
32.1636  0.403648
32.193  0.403453
32.2224  0.403237
32.2518  0.402994
32.2812  0.402717
32.3106  0.4024
32.34  0.402038
32.3694  0.401623
32.3988  0.401152
32.4282  0.400619
32.4576  0.400021
32.487  0.399351
32.5164  0.398608
32.5458  0.397788
32.5752  0.396888
32.6046  0.395905
32.634  0.394838
32.6634  0.393684
32.6928  0.392444
32.7222  0.391117
32.7516  0.389701
32.781  0.388198
32.8104  0.386608
32.8398  0.384932
32.8692  0.383172
32.8986  0.38133
32.928  0.379407
32.9574  0.377408
32.9868  0.375333
33.0162  0.373188
33.0456  0.370975
33.075  0.368698
33.1044  0.366362
33.1338  0.363971
33.1632  0.361531
33.1926  0.359044
33.222  0.356517
33.2514  0.353956
33.2808  0.351364
33.3102  0.348747
33.3396  0.346112
33.369  0.343463
33.3984  0.340806
33.4278  0.338146
33.4572  0.335489
33.4866  0.332839
33.516  0.330203
33.5454  0.327585
33.5748  0.324991
33.6042  0.322425
33.6336  0.319891
33.663  0.317394
33.6924  0.314937
33.7218  0.312526
33.7512  0.310163
33.7806  0.307852
33.81  0.305595
33.8394  0.303395
33.8688  0.301254
33.8982  0.299175
33.9276  0.297158
33.957  0.295206
33.9864  0.293318
34.0158  0.291496
34.0452  0.289739
34.0746  0.288047
34.104  0.286419
34.1334  0.284855
34.1628  0.283353
34.1922  0.281911
34.2216  0.280527
34.251  0.279199
34.2804  0.277924
34.3098  0.276699
34.3392  0.27552
34.3686  0.274385
34.398  0.273289
34.4274  0.272228
34.4568  0.271198
34.4862  0.270195
34.5156  0.269213
34.545  0.268248
34.5744  0.267296
34.6038  0.26635
34.6332  0.265407
34.6626  0.264461
34.692  0.263506
34.7214  0.262539
34.7508  0.261553
34.7802  0.260544
34.8096  0.259507
34.839  0.258437
34.8684  0.25733
34.8978  0.25618
34.9272  0.254984
34.9566  0.253738
34.986  0.252437
35.0154  0.251078
35.0448  0.249658
35.0742  0.248173
35.1036  0.246621
35.133  0.244999
35.1624  0.243305
35.1918  0.241538
35.2212  0.239696
35.2506  0.237777
35.28  0.235782
35.3094  0.233709
35.3388  0.231558
35.3682  0.229331
35.3976  0.227028
35.427  0.224649
35.4564  0.222197
35.4858  0.219673
35.5152  0.217079
35.5446  0.214418
35.574  0.211693
35.6034  0.208908
35.6328  0.206064
35.6622  0.203167
35.6916  0.200221
35.721  0.197229
35.7504  0.194196
35.7798  0.191127
35.8092  0.188027
35.8386  0.184902
35.868  0.181756
35.8974  0.178595
35.9268  0.175424
35.9562  0.172249
35.9856  0.169076
36.015  0.16591
36.0444  0.162758
36.0738  0.159624
36.1032  0.156515
36.1326  0.153435
36.162  0.150391
36.1914  0.147388
36.2208  0.144431
36.2502  0.141524
36.2796  0.138674
36.309  0.135884
36.3384  0.133158
36.3678  0.130502
36.3972  0.127919
36.4266  0.125412
36.456  0.122985
36.4854  0.120641
36.5148  0.118383
36.5442  0.116212
36.5736  0.114132
36.603  0.112143
36.6324  0.110247
36.6618  0.108445
36.6912  0.106737
36.7206  0.105124
36.75  0.103606
36.7794  0.102182
36.8088  0.100852
36.8382  0.0996136
36.8676  0.0984662
36.897  0.0974077
36.9264  0.0964362
36.9558  0.0955491
36.9852  0.0947437
37.0146  0.0940171
37.044  0.0933661
37.0734  0.0927872
37.1028  0.0922766
37.1322  0.0918306
37.1616  0.091445
37.191  0.0911157
37.2204  0.0908382
37.2498  0.0906081
37.2792  0.0904209
37.3086  0.0902718
37.338  0.0901563
37.3674  0.0900697
37.3968  0.0900072
37.4262  0.0899642
37.4556  0.0899361
37.485  0.0899184
37.5144  0.0899065
37.5438  0.0898961
37.5732  0.0898831
37.6026  0.0898634
37.632  0.0898331
37.6614  0.0897885
37.6908  0.0897263
37.7202  0.089643
37.7496  0.0895358
37.779  0.0894018
37.8084  0.0892386
37.8378  0.0890439
37.8672  0.0888158
37.8966  0.0885526
37.926  0.0882532
37.9554  0.0879162
37.9848  0.087541
38.0142  0.0871273
38.0436  0.0866747
38.073  0.0861836
38.1024  0.0856544
38.1318  0.0850876
38.1612  0.0844846
38.1906  0.0838464
38.22  0.083175
38.2494  0.0824718
38.2788  0.0817391
38.3082  0.0809792
38.3376  0.0801946
38.367  0.0793881
38.3964  0.0785625
38.4258  0.077721
38.4552  0.0768668
38.4846  0.0760032
38.514  0.0751337
38.5434  0.0742618
38.5728  0.0733912
38.6022  0.0725257
38.6316  0.0716686
38.661  0.0708238
38.6904  0.0699951
38.7198  0.069186
38.7492  0.0684002
38.7786  0.0676408
38.808  0.0669116
38.8374  0.0662158
38.8668  0.0655564
38.8962  0.0649364
38.9256  0.0643587
38.955  0.0638258
38.9844  0.0633401
39.0138  0.0629037
39.0432  0.0625188
39.0726  0.0621869
39.102  0.0619094
39.1314  0.0616876
39.1608  0.0615222
39.1902  0.061414
39.2196  0.0613634
39.249  0.0613704
39.2784  0.0614346
39.3078  0.0615555
39.3372  0.0617325
39.3666  0.0619642
39.396  0.0622495
39.4254  0.0625865
39.4548  0.0629735
39.4842  0.0634082
39.5136  0.0638882
39.543  0.0644108
39.5724  0.0649731
39.6018  0.065572
39.6312  0.0662042
39.6606  0.0668664
39.69  0.0675547
39.7194  0.0682653
39.7488  0.0689945
39.7782  0.069738
39.8076  0.070492
39.837  0.0712521
39.8664  0.0720142
39.8958  0.0727739
39.9252  0.073527
39.9546  0.0742692
39.984  0.0749965
40.0134  0.0757044
40.0428  0.0763891
40.0722  0.0770464
40.1016  0.0776726
40.131  0.0782638
40.1604  0.0788167
40.1898  0.0793275
40.2192  0.0797933
40.2486  0.0802109
40.278  0.0805777
40.3074  0.0808908
40.3368  0.0811482
40.3662  0.0813475
40.3956  0.0814873
40.425  0.0815657
40.4544  0.0815816
40.4838  0.081534
40.5132  0.0814223
40.5426  0.0812461
40.572  0.0810052
40.6014  0.0806999
40.6308  0.0803307
40.6602  0.0798983
40.6896  0.0794039
40.719  0.0788488
40.7484  0.0782345
40.7778  0.0775631
40.8072  0.0768367
40.8366  0.0760575
40.866  0.0752283
40.8954  0.074352
40.9248  0.0734314
40.9542  0.0724698
40.9836  0.0714706
41.013  0.0704374
41.0424  0.0693738
41.0718  0.0682836
41.1012  0.0671707
41.1306  0.066039
41.16  0.0648926
41.1894  0.0637356
41.2188  0.0625719
41.2482  0.0614056
41.2776  0.0602407
41.307  0.0590814
41.3364  0.0579315
41.3658  0.0567947
41.3952  0.055675
41.4246  0.0545758
41.454  0.0535007
41.4834  0.052453
41.5128  0.0514359
41.5422  0.0504522
41.5716  0.0495049
41.601  0.0485964
41.6304  0.0477291
41.6598  0.0469049
41.6892  0.0461259
41.7186  0.0453937
41.748  0.0447093
41.7774  0.0440742
41.8068  0.0434889
41.8362  0.042954
41.8656  0.0424698
41.895  0.0420362
41.9244  0.0416531
41.9538  0.0413198
41.9832  0.0410355
42.0126  0.0407991
42.042  0.0406094
42.0714  0.0404647
42.1008  0.0403632
42.1302  0.040303
42.1596  0.0402819
42.189  0.0402974
42.2184  0.0403469
42.2478  0.0404277
42.2772  0.0405368
42.3066  0.0406713
42.336  0.040828
42.3654  0.0410035
42.3948  0.0411946
42.4242  0.041398
42.4536  0.0416101
42.483  0.0418274
42.5124  0.0420467
42.5418  0.0422642
42.5712  0.0424768
42.6006  0.0426809
42.63  0.0428735
42.6594  0.043051
42.6888  0.0432107
42.7182  0.0433494
42.7476  0.0434643
42.777  0.0435528
42.8064  0.0436124
42.8358  0.0436406
42.8652  0.0436355
42.8946  0.0435951
42.924  0.0435175
42.9534  0.0434016
42.9828  0.0432459
43.0122  0.0430494
43.0416  0.0428114
43.071  0.0425313
43.1004  0.042209
43.1298  0.0418444
43.1592  0.0414378
43.1886  0.0409896
43.218  0.0405006
43.2474  0.0399719
43.2768  0.0394045
43.3062  0.0388
43.3356  0.0381601
43.365  0.0374866
43.3944  0.0367817
43.4238  0.0360477
43.4532  0.035287
43.4826  0.0345023
43.512  0.0336964
43.5414  0.0328721
43.5708  0.0320326
43.6002  0.0311811
43.6296  0.0303207
43.659  0.0294547
43.6884  0.0285866
43.7178  0.0277197
43.7472  0.0268575
43.7766  0.0260033
43.806  0.0251606
43.8354  0.0243326
43.8648  0.0235228
43.8942  0.0227343
43.9236  0.0219702
43.953  0.0212336
43.9824  0.0205273
44.0118  0.0198542
44.0412  0.0192167
44.0706  0.0186173
44.1  0.0180584
