-29.4  0.0647965
-29.3804  0.0633404
-29.3608  0.0618745
-29.3412  0.0603998
-29.3216  0.0589174
-29.302  0.0574285
-29.2824  0.0559343
-29.2628  0.0544359
-29.2432  0.0529346
-29.2236  0.0514316
-29.204  0.049928
-29.1844  0.0484251
-29.1648  0.0469241
-29.1452  0.0454262
-29.1256  0.0439326
-29.106  0.0424446
-29.0864  0.0409635
-29.0668  0.0394905
-29.0472  0.0380266
-29.0276  0.0365733
-29.008  0.0351318
-28.9884  0.0337032
-28.9688  0.0322889
-28.9492  0.0308899
-28.9296  0.0295077
-28.91  0.0281433
-28.8904  0.0267979
-28.8708  0.0254728
-28.8512  0.0241692
-28.8316  0.0228882
-28.812  0.0216311
-28.7924  0.0203989
-28.7728  0.0191929
-28.7532  0.018014
-28.7336  0.0168636
-28.714  0.0157427
-28.6944  0.0146523
-28.6748  0.0135936
-28.6552  0.0125677
-28.6356  0.0115755
-28.616  0.0106181
-28.5964  0.00969642
-28.5768  0.00881157
-28.5572  0.0079645
-28.5376  0.0071561
-28.518  0.00638734
-28.4984  0.00565907
-28.4788  0.00497219
-28.4592  0.00432755
-28.4396  0.00372598
-28.42  0.00316828
-28.4004  0.00265523
-28.3808  0.00218758
-28.3612  0.00176601
-28.3416  0.00139126
-28.322  0.00106398
-28.3024  0.000784796
-28.2828  0.00055432
-28.2632  0.000373132
-28.2436  0.00024176
-28.224  0.000160725
-28.2044  0.000130506
-28.1848  0.000151553
-28.1652  0.000224277
-28.1456  0.000349064
-28.126  0.000526254
-28.1064  0.000756179
-28.0868  0.00103911
-28.0672  0.00137529
-28.0476  0.00176491
-28.028  0.0022082
-28.0084  0.00270524
-27.9888  0.00325619
-27.9692  0.00386108
-27.9496  0.00451994
-27.93  0.0052328
-27.9104  0.0059996
-27.8908  0.00682027
-27.8712  0.00769469
-27.8516  0.00862271
-27.832  0.00960416
-27.8124  0.0106388
-27.7928  0.0117264
-27.7732  0.0128666
-27.7536  0.0140591
-27.734  0.0153036
-27.7144  0.0165996
-27.6948  0.0179468
-27.6752  0.0193445
-27.6556  0.0207924
-27.636  0.0222898
-27.6164  0.0238362
-27.5968  0.0254309
-27.5772  0.0270734
-27.5576  0.0287628
-27.538  0.0304986
-27.5184  0.0322799
-27.4988  0.0341059
-27.4792  0.0359759
-27.4596  0.0378889
-27.44  0.0398442
-27.4204  0.0418407
-27.4008  0.0438775
-27.3812  0.0459536
-27.3616  0.0480681
-27.342  0.0502199
-27.3224  0.0524078
-27.3028  0.0546309
-27.2832  0.056888
-27.2636  0.0591779
-27.244  0.0614995
-27.2244  0.0638515
-27.2048  0.0662328
-27.1852  0.068642
-27.1656  0.071078
-27.146  0.0735393
-27.1264  0.0760247
-27.1068  0.0785329
-27.0872  0.0810625
-27.0676  0.083612
-27.048  0.08618
-27.0284  0.0887653
-27.0088  0.0913663
-26.9892  0.0939818
-26.9696  0.0966099
-26.95  0.0992493
-26.9304  0.101899
-26.9108  0.104556
-26.8912  0.107221
-26.8716  0.109891
-26.852  0.112564
-26.8324  0.11524
-26.8128  0.117916
-26.7932  0.120592
-26.7736  0.123265
-26.754  0.125935
-26.7344  0.128598
-26.7148  0.131254
-26.6952  0.133902
-26.6756  0.136539
-26.656  0.139165
-26.6364  0.141777
-26.6168  0.144374
-26.5972  0.146955
-26.5776  0.149517
-26.558  0.15206
-26.5384  0.154581
-26.5188  0.15708
-26.4992  0.159554
-26.4796  0.162003
-26.46  0.164424
-26.4404  0.166816
-26.4208  0.169178
-26.4012  0.171509
-26.3816  0.173806
-26.362  0.176069
-26.3424  0.178295
-26.3228  0.180485
-26.3032  0.182635
-26.2836  0.184745
-26.264  0.186814
-26.2444  0.18884
-26.2248  0.190821
-26.2052  0.192758
-26.1856  0.194648
-26.166  0.196489
-26.1464  0.198282
-26.1268  0.200025
-26.1072  0.201717
-26.0876  0.203356
-26.068  0.204941
-26.0484  0.206472
-26.0288  0.207948
-26.0092  0.209367
-25.9896  0.210728
-25.97  0.212032
-25.9504  0.213276
-25.9308  0.21446
-25.9112  0.215583
-25.8916  0.216644
-25.872  0.217643
-25.8524  0.218579
-25.8328  0.219451
-25.8132  0.22026
-25.7936  0.221003
-25.774  0.22168
-25.7544  0.222292
-25.7348  0.222837
-25.7152  0.223316
-25.6956  0.223727
-25.676  0.224071
-25.6564  0.224347
-25.6368  0.224555
-25.6172  0.224695
-25.5976  0.224766
-25.578  0.224769
-25.5584  0.224703
-25.5388  0.224569
-25.5192  0.224366
-25.4996  0.224094
-25.48  0.223754
-25.4604  0.223346
-25.4408  0.22287
-25.4212  0.222325
-25.4016  0.221713
-25.382  0.221034
-25.3624  0.220288
-25.3428  0.219475
-25.3232  0.218596
-25.3036  0.217651
-25.284  0.216642
-25.2644  0.215568
-25.2448  0.21443
-25.2252  0.213229
-25.2056  0.211965
-25.186  0.210639
-25.1664  0.209253
-25.1468  0.207806
-25.1272  0.2063
-25.1076  0.204735
-25.088  0.203113
-25.0684  0.201435
-25.0488  0.199701
-25.0292  0.197912
-25.0096  0.19607
-24.99  0.194176
-24.9704  0.192231
-24.9508  0.190236
-24.9312  0.188192
-24.9116  0.186101
-24.892  0.183963
-24.8724  0.181781
-24.8528  0.179555
-24.8332  0.177287
-24.8136  0.174979
-24.794  0.172631
-24.7744  0.170245
-24.7548  0.167823
-24.7352  0.165366
-24.7156  0.162876
-24.696  0.160355
-24.6764  0.157803
-24.6568  0.155222
-24.6372  0.152615
-24.6176  0.149982
-24.598  0.147326
-24.5784  0.144647
-24.5588  0.141949
-24.5392  0.139231
-24.5196  0.136497
-24.5  0.133748
-24.4804  0.130985
-24.4608  0.128211
-24.4412  0.125427
-24.4216  0.122634
-24.402  0.119835
-24.3824  0.117031
-24.3628  0.114225
-24.3432  0.111417
-24.3236  0.10861
-24.304  0.105806
-24.2844  0.103006
-24.2648  0.100211
-24.2452  0.097425
-24.2256  0.0946479
-24.206  0.0918821
-24.1864  0.0891294
-24.1668  0.0863915
-24.1472  0.08367
-24.1276  0.0809667
-24.108  0.0782834
-24.0884  0.0756216
-24.0688  0.072983
-24.0492  0.0703695
-24.0296  0.0677825
-24.01  0.0652237
-23.9904  0.0626946
-23.9708  0.060197
-23.9512  0.0577324
-23.9316  0.0553022
-23.912  0.0529081
-23.8924  0.0505513
-23.8728  0.0482337
-23.8532  0.0459564
-23.8336  0.0437208
-23.814  0.0415285
-23.7944  0.0393807
-23.7748  0.0372788
-23.7552  0.035224
-23.7356  0.0332176
-23.716  0.0312608
-23.6964  0.0293549
-23.6768  0.0275008
-23.6572  0.0256998
-23.6376  0.0239529
-23.618  0.0222612
-23.5984  0.0206257
-23.5788  0.0190472
-23.5592  0.0175268
-23.5396  0.0160653
-23.52  0.0146635
-23.5004  0.0133223
-23.4808  0.0120422
-23.4612  0.0108242
-23.4416  0.00966881
-23.422  0.00857663
-23.4024  0.00754826
-23.3828  0.00658422
-23.3632  0.00568498
-23.3436  0.00485095
-23.324  0.00408254
-23.3044  0.00338006
-23.2848  0.00274381
-23.2652  0.00217401
-23.2456  0.00167088
-23.226  0.00123453
-23.2064  0.000865057
-23.1868  0.000562518
-23.1672  0.000326897
-23.1476  0.000158141
-23.128  5.61412e-05
-23.1084  2.07544e-05
-23.0888  5.17752e-05
-23.0692  0.00014895
-23.0496  0.000311984
-23.03  0.00054053
-23.0104  0.000834192
-22.9908  0.00119251
-22.9712  0.00161502
-22.9516  0.00210118
-22.932  0.00265038
-22.9124  0.003262
-22.8928  0.00393537
-22.8732  0.00466973
-22.8536  0.00546436
-22.834  0.00631839
-22.8144  0.007231
-22.7948  0.00820127
-22.7752  0.00922825
-22.7556  0.0103109
-22.736  0.0114483
-22.7164  0.0126393
-22.6968  0.0138828
-22.6772  0.0151776
-22.6576  0.0165226
-22.638  0.0179165
-22.6184  0.0193581
-22.5988  0.020846
-22.5792  0.0223788
-22.5596  0.0239553
-22.54  0.0255741
-22.5204  0.0272335
-22.5008  0.0289323
-22.4812  0.0306689
-22.4616  0.0324417
-22.442  0.0342492
-22.4224  0.0360899
-22.4028  0.037962
-22.3832  0.039864
-22.3636  0.0417942
-22.344  0.0437508
-22.3244  0.0457323
-22.3048  0.0477368
-22.2852  0.0497626
-22.2656  0.0518081
-22.246  0.0538712
-22.2264  0.0559503
-22.2068  0.0580437
-22.1872  0.0601493
-22.1676  0.0622656
-22.148  0.0643904
-22.1284  0.0665221
-22.1088  0.0686589
-22.0892  0.0707987
-22.0696  0.0729396
-22.05  0.0750801
-22.0304  0.0772182
-22.0108  0.0793518
-21.9912  0.0814792
-21.9716  0.0835986
-21.952  0.085708
-21.9324  0.0878058
-21.9128  0.0898898
-21.8932  0.0919584
-21.8736  0.0940099
-21.854  0.0960422
-21.8344  0.0980537
-21.8148  0.100042
-21.7952  0.102007
-21.7756  0.103945
-21.756  0.105856
-21.7364  0.107736
-21.7168  0.109586
-21.6972  0.111403
-21.6776  0.113185
-21.658  0.114931
-21.6384  0.116639
-21.6188  0.118308
-21.5992  0.119936
-21.5796  0.121522
-21.56  0.123064
-21.5404  0.124561
-21.5208  0.126011
-21.5012  0.127414
-21.4816  0.128767
-21.462  0.13007
-21.4424  0.131321
-21.4228  0.132519
-21.4032  0.133663
-21.3836  0.134752
-21.364  0.135785
-21.3444  0.13676
-21.3248  0.137678
-21.3052  0.138536
-21.2856  0.139334
-21.266  0.140071
-21.2464  0.140747
-21.2268  0.14136
-21.2072  0.141911
-21.1876  0.142398
-21.168  0.142821
-21.1484  0.143179
-21.1288  0.143472
-21.1092  0.143699
-21.0896  0.143861
-21.07  0.143956
-21.0504  0.143985
-21.0308  0.143947
-21.0112  0.143843
-20.9916  0.143672
-20.972  0.143435
-20.9524  0.14313
-20.9328  0.142759
-20.9132  0.142322
-20.8936  0.141819
-20.874  0.141249
-20.8544  0.140615
-20.8348  0.139915
-20.8152  0.139151
-20.7956  0.138322
-20.776  0.13743
-20.7564  0.136475
-20.7368  0.135459
-20.7172  0.13438
-20.6976  0.133242
-20.678  0.132044
-20.6584  0.130787
-20.6388  0.129472
-20.6192  0.128101
-20.5996  0.126674
-20.58  0.125193
-20.5604  0.123659
-20.5408  0.122073
-20.5212  0.120437
-20.5016  0.118752
-20.482  0.117019
-20.4624  0.11524
-20.4428  0.113416
-20.4232  0.111549
-20.4036  0.109641
-20.384  0.107694
-20.3644  0.105708
-20.3448  0.103686
-20.3252  0.10163
-20.3056  0.0995419
-20.286  0.0974231
-20.2664  0.0952757
-20.2468  0.0931018
-20.2272  0.0909034
-20.2076  0.0886827
-20.188  0.0864416
-20.1684  0.0841824
-20.1488  0.0819074
-20.1292  0.0796186
-20.1096  0.0773181
-20.09  0.0750087
-20.0704  0.0726923
-20.0508  0.0703712
-20.0312  0.068048
-20.0116  0.0657251
-19.992  0.0634046
-19.9724  0.0610892
-19.9528  0.0587811
-19.9332  0.0564829
-19.9136  0.0541972
-19.894  0.0519263
-19.8744  0.0496727
-19.8548  0.047439
-19.8352  0.0452276
-19.8156  0.0430411
-19.796  0.040882
-19.7764  0.0387529
-19.7568  0.0366562
-19.7372  0.0345944
-19.7176  0.0325701
-19.698  0.0305859
-19.6784  0.0286441
-19.6588  0.0267474
-19.6392  0.0248982
-19.6196  0.0230989
-19.6  0.0213521
-19.5804  0.0196602
-19.5608  0.0180256
-19.5412  0.0164507
-19.5216  0.0149378
-19.502  0.0134895
-19.4824  0.0121079
-19.4628  0.0107954
-19.4432  0.0095543
-19.4236  0.00838681
-19.404  0.00729512
-19.3844  0.00628145
-19.3648  0.00534791
-19.3452  0.00449662
-19.3256  0.00372961
-19.306  0.00304891
-19.2864  0.00245652
-19.2668  0.00195432
-19.2472  0.00154423
-19.2276  0.00122806
-19.208  0.00100759
-19.1884  0.000884557
-19.1688  0.000860631
-19.1492  0.000937433
-19.1296  0.00111652
-19.11  0.00139939
-19.0904  0.00178748
-19.0708  0.00228222
-19.0512  0.00288486
-19.0316  0.00359668
-19.012  0.00441889
-18.9924  0.00535262
-18.9728  0.00639887
-18.9532  0.00755868
-18.9336  0.00883291
-18.914  0.0102225
-18.8944  0.0117281
-18.8748  0.0133505
-18.8552  0.0150903
-18.8356  0.016948
-18.816  0.0189241
-18.7964  0.021019
-18.7768  0.023233
-18.7572  0.0255664
-18.7376  0.0280193
-18.718  0.0305918
-18.6984  0.0332839
-18.6788  0.0360954
-18.6592  0.0390264
-18.6396  0.0420764
-18.62  0.0452452
-18.6004  0.0485323
-18.5808  0.0519373
-18.5612  0.0554596
-18.5416  0.0590984
-18.522  0.0628532
-18.5024  0.066723
-18.4828  0.0707069
-18.4632  0.0748039
-18.4436  0.079013
-18.424  0.0833331
-18.4044  0.0877627
-18.3848  0.0923006
-18.3652  0.0969455
-18.3456  0.101696
-18.326  0.10655
-18.3064  0.111506
-18.2868  0.116563
-18.2672  0.121718
-18.2476  0.126971
-18.228  0.132318
-18.2084  0.137757
-18.1888  0.143288
-18.1692  0.148906
-18.1496  0.154611
-18.13  0.1604
-18.1104  0.16627
-18.0908  0.172219
-18.0712  0.178245
-18.0516  0.184344
-18.032  0.190514
-18.0124  0.196752
-17.9928  0.203056
-17.9732  0.209423
-17.9536  0.215849
-17.934  0.222332
-17.9144  0.228868
-17.8948  0.235455
-17.8752  0.242089
-17.8556  0.248767
-17.836  0.255485
-17.8164  0.262242
-17.7968  0.269032
-17.7772  0.275853
-17.7576  0.282701
-17.738  0.289573
-17.7184  0.296465
-17.6988  0.303374
-17.6792  0.310295
-17.6596  0.317226
-17.64  0.324163
-17.6204  0.331101
-17.6008  0.338038
-17.5812  0.344969
-17.5616  0.351891
-17.542  0.3588
-17.5224  0.365692
-17.5028  0.372563
-17.4832  0.37941
-17.4636  0.386228
-17.444  0.393014
-17.4244  0.399764
-17.4048  0.406474
-17.3852  0.413141
-17.3656  0.419759
-17.346  0.426327
-17.3264  0.432839
-17.3068  0.439291
-17.2872  0.445682
-17.2676  0.452005
-17.248  0.458258
-17.2284  0.464436
-17.2088  0.470537
-17.1892  0.476556
-17.1696  0.48249
-17.15  0.488335
-17.1304  0.494087
-17.1108  0.499743
-17.0912  0.505299
-17.0716  0.510753
-17.052  0.5161
-17.0324  0.521337
-17.0128  0.526461
-16.9932  0.531468
-16.9736  0.536355
-16.954  0.54112
-16.9344  0.545758
-16.9148  0.550268
-16.8952  0.554645
-16.8756  0.558887
-16.856  0.562991
-16.8364  0.566955
-16.8168  0.570775
-16.7972  0.57445
-16.7776  0.577975
-16.758  0.58135
-16.7384  0.584571
-16.7188  0.587637
-16.6992  0.590544
-16.6796  0.593292
-16.66  0.595877
-16.6404  0.598298
-16.6208  0.600553
-16.6012  0.602641
-16.5816  0.604558
-16.562  0.606305
-16.5424  0.607879
-16.5228  0.60928
-16.5032  0.610505
-16.4836  0.611554
-16.464  0.612425
-16.4444  0.613118
-16.4248  0.613631
-16.4052  0.613965
-16.3856  0.614118
-16.366  0.61409
-16.3464  0.61388
-16.3268  0.613489
-16.3072  0.612915
-16.2876  0.612159
-16.268  0.611221
-16.2484  0.6101
-16.2288  0.608798
-16.2092  0.607314
-16.1896  0.60565
-16.17  0.603805
-16.1504  0.601781
-16.1308  0.599577
-16.1112  0.597196
-16.0916  0.594638
-16.072  0.591904
-16.0524  0.588996
-16.0328  0.585915
-16.0132  0.582663
-15.9936  0.57924
-15.974  0.57565
-15.9544  0.571894
-15.9348  0.567973
-15.9152  0.56389
-15.8956  0.559647
-15.876  0.555246
-15.8564  0.55069
-15.8368  0.545981
-15.8172  0.541123
-15.7976  0.536116
-15.778  0.530965
-15.7584  0.525672
-15.7388  0.520241
-15.7192  0.514674
-15.6996  0.508975
-15.68  0.503146
-15.6604  0.497192
-15.6408  0.491116
-15.6212  0.484921
-15.6016  0.478612
-15.582  0.472191
-15.5624  0.465663
-15.5428  0.459031
-15.5232  0.452301
-15.5036  0.445474
-15.484  0.438557
-15.4644  0.431553
-15.4448  0.424466
-15.4252  0.417301
-15.4056  0.410062
-15.386  0.402754
-15.3664  0.39538
-15.3468  0.387947
-15.3272  0.380458
-15.3076  0.372918
-15.288  0.365331
-15.2684  0.357704
-15.2488  0.350039
-15.2292  0.342343
-15.2096  0.33462
-15.19  0.326876
-15.1704  0.319114
-15.1508  0.311341
-15.1312  0.30356
-15.1116  0.295777
-15.092  0.287998
-15.0724  0.280227
-15.0528  0.272468
-15.0332  0.264728
-15.0136  0.257012
-14.994  0.249323
-14.9744  0.241668
-14.9548  0.234052
-14.9352  0.226479
-14.9156  0.218955
-14.896  0.211484
-14.8764  0.204071
-14.8568  0.196722
-14.8372  0.189441
-14.8176  0.182233
-14.798  0.175104
-14.7784  0.168057
-14.7588  0.161097
-14.7392  0.154231
-14.7196  0.147461
-14.7  0.140792
-14.6804  0.13423
-14.6608  0.127778
-14.6412  0.121442
-14.6216  0.115225
-14.602  0.109131
-14.5824  0.103166
-14.5628  0.0973322
-14.5432  0.0916349
-14.5236  0.0860775
-14.504  0.0806641
-14.4844  0.0753985
-14.4648  0.0702843
-14.4452  0.0653253
-14.4256  0.0605249
-14.406  0.0558864
-14.3864  0.0514132
-14.3668  0.0471086
-14.3472  0.0429755
-14.3276  0.039017
-14.308  0.0352361
-14.2884  0.0316353
-14.2688  0.0282173
-14.2492  0.0249847
-14.2296  0.0219398
-14.21  0.0190849
-14.1904  0.0164221
-14.1708  0.0139535
-14.1512  0.0116808
-14.1316  0.00960587
-14.112  0.00773027
-14.0924  0.00605546
-14.0728  0.0045828
-14.0532  0.00331346
-14.0336  0.00224847
-14.014  0.00138875
-13.9944  0.000735056
-13.9748  0.000287992
-13.9552  4.80382e-05
-13.9356  1.55091e-05
-13.916  0.000190579
-13.8964  0.000573279
-13.8768  0.00116348
-13.8572  0.0019609
-13.8376  0.00296512
-13.818  0.00417559
-13.7984  0.00559157
-13.7788  0.00721215
-13.7592  0.00903634
-13.7396  0.011063
-13.72  0.0132907
-13.7004  0.0157181
-13.6808  0.0183434
-13.6612  0.021165
-13.6416  0.0241808
-13.622  0.027389
-13.6024  0.0307871
-13.5828  0.0343729
-13.5632  0.0381438
-13.5436  0.0420973
-13.524  0.0462304
-13.5044  0.0505403
-13.4848  0.0550239
-13.4652  0.059678
-13.4456  0.0644992
-13.426  0.0694841
-13.4064  0.0746291
-13.3868  0.0799304
-13.3672  0.0853841
-13.3476  0.0909863
-13.328  0.0967329
-13.3084  0.102619
-13.2888  0.108642
-13.2692  0.114796
-13.2496  0.121076
-13.23  0.127478
-13.2104  0.133998
-13.1908  0.14063
-13.1712  0.147369
-13.1516  0.15421
-13.132  0.161149
-13.1124  0.168179
-13.0928  0.175295
-13.0732  0.182493
-13.0536  0.189766
-13.034  0.197108
-13.0144  0.204515
-12.9948  0.21198
-12.9752  0.219497
-12.9556  0.227062
-12.936  0.234667
-12.9164  0.242306
-12.8968  0.249975
-12.8772  0.257666
-12.8576  0.265374
-12.838  0.273092
-12.8184  0.280814
-12.7988  0.288535
-12.7792  0.296247
-12.7596  0.303945
-12.74  0.311622
-12.7204  0.319272
-12.7008  0.326889
-12.6812  0.334467
-12.6616  0.341999
-12.642  0.349479
-12.6224  0.356901
-12.6028  0.364258
-12.5832  0.371545
-12.5636  0.378756
-12.544  0.385884
-12.5244  0.392923
-12.5048  0.399868
-12.4852  0.406711
-12.4656  0.413448
-12.446  0.420073
-12.4264  0.426579
-12.4068  0.432962
-12.3872  0.439215
-12.3676  0.445332
-12.348  0.451309
-12.3284  0.457141
-12.3088  0.462821
-12.2892  0.468345
-12.2696  0.473707
-12.25  0.478902
-12.2304  0.483927
-12.2108  0.488775
-12.1912  0.493443
-12.1716  0.497926
-12.152  0.502219
-12.1324  0.506319
-12.1128  0.510221
-12.0932  0.513921
-12.0736  0.517415
-12.054  0.520701
-12.0344  0.523774
-12.0148  0.526631
-11.9952  0.52927
-11.9756  0.531686
-11.956  0.533877
-11.9364  0.535841
-11.9168  0.537575
-11.8972  0.539077
-11.8776  0.540344
-11.858  0.541376
-11.8384  0.542169
-11.8188  0.542723
-11.7992  0.543036
-11.7796  0.543107
-11.76  0.542936
-11.7404  0.542521
-11.7208  0.541861
-11.7012  0.540958
-11.6816  0.53981
-11.662  0.538417
-11.6424  0.536781
-11.6228  0.5349
-11.6032  0.532777
-11.5836  0.530412
-11.564  0.527807
-11.5444  0.524962
-11.5248  0.521879
-11.5052  0.518561
-11.4856  0.515008
-11.466  0.511225
-11.4464  0.507212
-11.4268  0.502973
-11.4072  0.498511
-11.3876  0.493829
-11.368  0.488929
-11.3484  0.483817
-11.3288  0.478495
-11.3092  0.472968
-11.2896  0.46724
-11.27  0.461315
-11.2504  0.455199
-11.2308  0.448895
-11.2112  0.442409
-11.1916  0.435747
-11.172  0.428913
-11.1524  0.421915
-11.1328  0.414756
-11.1132  0.407445
-11.0936  0.399986
-11.074  0.392387
-11.0544  0.384654
-11.0348  0.376794
-11.0152  0.368815
-10.9956  0.360722
-10.976  0.352525
-10.9564  0.34423
-10.9368  0.335845
-10.9172  0.327378
-10.8976  0.318837
-10.878  0.310231
-10.8584  0.301567
-10.8388  0.292855
-10.8192  0.284103
-10.7996  0.275319
-10.78  0.266513
-10.7604  0.257694
-10.7408  0.248871
-10.7212  0.240053
-10.7016  0.231249
-10.682  0.22247
-10.6624  0.213724
-10.6428  0.205022
-10.6232  0.196372
-10.6036  0.187786
-10.584  0.179272
-10.5644  0.170841
-10.5448  0.162503
-10.5252  0.154267
-10.5056  0.146145
-10.486  0.138145
-10.4664  0.130279
-10.4468  0.122556
-10.4272  0.114986
-10.4076  0.10758
-10.388  0.100348
-10.3684  0.0933
-10.3488  0.0864463
-10.3292  0.0797968
-10.3096  0.0733617
-10.29  0.0671511
-10.2704  0.0611749
-10.2508  0.0554432
-10.2312  0.0499657
-10.2116  0.0447522
-10.192  0.0398126
-10.1724  0.0351564
-10.1528  0.0307931
-10.1332  0.0267321
-10.1136  0.0229828
-10.094  0.0195543
-10.0744  0.0164557
-10.0548  0.0136959
-10.0352  0.0112836
-10.0156  0.0092275
-9.996  0.00753605
-9.9764  0.00621745
-9.9568  0.00527984
-9.9372  0.00473111
-9.9176  0.00457899
-9.898  0.00483097
-9.8784  0.00549438
-9.8588  0.00657627
-9.8392  0.00808354
-9.8196  0.0100228
-9.8  0.0124004
-9.7804  0.0152224
-9.7608  0.0184949
-9.7412  0.0222234
-9.7216  0.0264132
-9.702  0.0310694
-9.6824  0.0361968
-9.6628  0.0417999
-9.6432  0.047883
-9.6236  0.0544499
-9.604  0.0615041
-9.5844  0.0690491
-9.5648  0.0770877
-9.5452  0.0856226
-9.5256  0.0946561
-9.506  0.10419
-9.4864  0.114226
-9.4668  0.124766
-9.4472  0.13581
-9.4276  0.147359
-9.408  0.159413
-9.3884  0.171972
-9.3688  0.185036
-9.3492  0.198603
-9.3296  0.212672
-9.31  0.227242
-9.2904  0.242311
-9.2708  0.257875
-9.2512  0.273933
-9.2316  0.290481
-9.212  0.307516
-9.1924  0.325033
-9.1728  0.343028
-9.1532  0.361497
-9.1336  0.380433
-9.114  0.399832
-9.0944  0.419687
-9.0748  0.439993
-9.0552  0.460742
-9.0356  0.481927
-9.016  0.50354
-8.9964  0.525574
-8.9768  0.54802
-8.9572  0.570869
-8.9376  0.594112
-8.918  0.61774
-8.8984  0.641742
-8.8788  0.666108
-8.8592  0.690828
-8.8396  0.71589
-8.82  0.741282
-8.8004  0.766994
-8.7808  0.793011
-8.7612  0.819323
-8.7416  0.845915
-8.722  0.872775
-8.7024  0.899889
-8.6828  0.927243
-8.6632  0.954821
-8.6436  0.982611
-8.624  1.0106
-8.6044  1.03876
-8.5848  1.06709
-8.5652  1.09557
-8.5456  1.12418
-8.526  1.1529
-8.5064  1.18173
-8.4868  1.21064
-8.4672  1.23961
-8.4476  1.26862
-8.428  1.29767
-8.4084  1.32672
-8.3888  1.35577
-8.3692  1.38479
-8.3496  1.41377
-8.33  1.44268
-8.3104  1.47151
-8.2908  1.50024
-8.2712  1.52884
-8.2516  1.5573
-8.232  1.5856
-8.2124  1.61372
-8.1928  1.64164
-8.1732  1.66934
-8.1536  1.69679
-8.134  1.72399
-8.1144  1.7509
-8.0948  1.77751
-8.0752  1.8038
-8.0556  1.82974
-8.036  1.85532
-8.0164  1.88052
-7.9968  1.90531
-7.9772  1.92968
-7.9576  1.95361
-7.938  1.97707
-7.9184  2.00005
-7.8988  2.02253
-7.8792  2.04448
-7.8596  2.06589
-7.84  2.08674
-7.8204  2.107
-7.8008  2.12667
-7.7812  2.14572
-7.7616  2.16412
-7.742  2.18188
-7.7224  2.19896
-7.7028  2.21535
-7.6832  2.23103
-7.6636  2.24598
-7.644  2.2602
-7.6244  2.27365
-7.6048  2.28633
-7.5852  2.29822
-7.5656  2.30931
-7.546  2.31957
-7.5264  2.329
-7.5068  2.33759
-7.4872  2.34531
-7.4676  2.35216
-7.448  2.35813
-7.4284  2.36319
-7.4088  2.36735
-7.3892  2.37059
-7.3696  2.3729
-7.35  2.37427
-7.3304  2.3747
-7.3108  2.37417
-7.2912  2.37268
-7.2716  2.37022
-7.252  2.36679
-7.2324  2.36237
-7.2128  2.35697
-7.1932  2.35059
-7.1736  2.34321
-7.154  2.33484
-7.1344  2.32548
-7.1148  2.31512
-7.0952  2.30377
-7.0756  2.29142
-7.056  2.27808
-7.0364  2.26376
-7.0168  2.24845
-6.9972  2.23216
-6.9776  2.2149
-6.958  2.19667
-6.9384  2.17748
-6.9188  2.15734
-6.8992  2.13626
-6.8796  2.11425
-6.86  2.09132
-6.8404  2.06749
-6.8208  2.04276
-6.8012  2.01716
-6.7816  1.99069
-6.762  1.96338
-6.7424  1.93524
-6.7228  1.90629
-6.7032  1.87655
-6.6836  1.84605
-6.664  1.8148
-6.6444  1.78284
-6.6248  1.75017
-6.6052  1.71684
-6.5856  1.68286
-6.566  1.64826
-6.5464  1.61309
-6.5268  1.57735
-6.5072  1.54109
-6.4876  1.50434
-6.468  1.46713
-6.4484  1.4295
-6.4288  1.39148
-6.4092  1.35312
-6.3896  1.31445
-6.37  1.2755
-6.3504  1.23633
-6.3308  1.19697
-6.3112  1.15747
-6.2916  1.11787
-6.272  1.07821
-6.2524  1.03855
-6.2328  0.998938
-6.2132  0.959415
-6.1936  0.920035
-6.174  0.88085
-6.1544  0.841913
-6.1348  0.803278
-6.1152  0.765
-6.0956  0.727135
-6.076  0.689742
-6.0564  0.652879
-6.0368  0.616606
-6.0172  0.580984
-5.9976  0.546075
-5.978  0.511942
-5.9584  0.47865
-5.9388  0.446263
-5.9192  0.414849
-5.8996  0.384474
-5.88  0.355208
-5.8604  0.327119
-5.8408  0.300279
-5.8212  0.274759
-5.8016  0.250631
-5.782  0.227968
-5.7624  0.206846
-5.7428  0.18734
-5.7232  0.169526
-5.7036  0.15348
-5.684  0.139282
-5.6644  0.127009
-5.6448  0.116742
-5.6252  0.10856
-5.6056  0.102546
-5.586  0.0987816
-5.5664  0.0973489
-5.5468  0.0983316
-5.5272  0.101814
-5.5076  0.107881
-5.488  0.116617
-5.4684  0.12811
-5.4488  0.142445
-5.4292  0.159709
-5.4096  0.179992
-5.39  0.20338
-5.3704  0.229962
-5.3508  0.259828
-5.3312  0.293067
-5.3116  0.329769
-5.292  0.370025
-5.2724  0.413924
-5.2528  0.461559
-5.2332  0.513019
-5.2136  0.568396
-5.194  0.627783
-5.1744  0.69127
-5.1548  0.75895
-5.1352  0.830914
-5.1156  0.907254
-5.096  0.988063
-5.0764  1.07343
-5.0568  1.16345
-5.0372  1.25822
-5.0176  1.35782
-4.998  1.46235
-4.9784  1.5719
-4.9588  1.68656
-4.9392  1.80642
-4.9196  1.93157
-4.9  2.0621
-4.8804  2.1981
-4.8608  2.33967
-4.8412  2.48688
-4.8216  2.63984
-4.802  2.79862
-4.7824  2.96331
-4.7628  3.134
-4.7432  3.31078
-4.7236  3.49373
-4.704  3.68294
-4.6844  3.87848
-4.6648  4.08045
-4.6452  4.28893
-4.6256  4.50399
-4.606  4.72571
-4.5864  4.95419
-4.5668  5.18949
-4.5472  5.43168
-4.5276  5.68086
-4.508  5.93709
-4.4884  6.20045
-4.4688  6.471
-4.4492  6.74883
-4.4296  7.034
-4.41  7.32657
-4.3904  7.62663
-4.3708  7.93423
-4.3512  8.24943
-4.3316  8.57231
-4.312  8.90291
-4.2924  9.24132
-4.2728  9.58757
-4.2532  9.94172
-4.2336  10.3038
-4.214  10.674
-4.1944  11.0522
-4.1748  11.4385
-4.1552  11.833
-4.1356  12.2357
-4.116  12.6467
-4.0964  13.0659
-4.0768  13.4935
-4.0572  13.9295
-4.0376  14.3739
-4.018  14.8267
-3.9984  15.288
-3.9788  15.7578
-3.9592  16.2362
-3.9396  16.7231
-3.92  17.2186
-3.9004  17.7228
-3.8808  18.2355
-3.8612  18.7569
-3.8416  19.287
-3.822  19.8257
-3.8024  20.3732
-3.7828  20.9293
-3.7632  21.4941
-3.7436  22.0676
-3.724  22.6498
-3.7044  23.2407
-3.6848  23.8403
-3.6652  24.4486
-3.6456  25.0656
-3.626  25.6912
-3.6064  26.3255
-3.5868  26.9684
-3.5672  27.6199
-3.5476  28.28
-3.528  28.9487
-3.5084  29.6259
-3.4888  30.3116
-3.4692  31.0058
-3.4496  31.7084
-3.43  32.4194
-3.4104  33.1388
-3.3908  33.8665
-3.3712  34.6024
-3.3516  35.3466
-3.332  36.0989
-3.3124  36.8594
-3.2928  37.6279
-3.2732  38.4043
-3.2536  39.1887
-3.234  39.981
-3.2144  40.7811
-3.1948  41.5888
-3.1752  42.4043
-3.1556  43.2273
-3.136  44.0578
-3.1164  44.8957
-3.0968  45.7409
-3.0772  46.5933
-3.0576  47.4529
-3.038  48.3196
-3.0184  49.1932
-2.9988  50.0736
-2.9792  50.9608
-2.9596  51.8547
-2.94  52.7551
-2.9204  53.662
-2.9008  54.5752
-2.8812  55.4945
-2.8616  56.42
-2.842  57.3515
-2.8224  58.2888
-2.8028  59.2318
-2.7832  60.1804
-2.7636  61.1345
-2.744  62.094
-2.7244  63.0586
-2.7048  64.0283
-2.6852  65.003
-2.6656  65.9824
-2.646  66.9665
-2.6264  67.9551
-2.6068  68.948
-2.5872  69.9451
-2.5676  70.9463
-2.548  71.9514
-2.5284  72.9602
-2.5088  73.9726
-2.4892  74.9884
-2.4696  76.0074
-2.45  77.0296
-2.4304  78.0546
-2.4108  79.0825
-2.3912  80.1129
-2.3716  81.1457
-2.352  82.1807
-2.3324  83.2178
-2.3128  84.2568
-2.2932  85.2975
-2.2736  86.3398
-2.254  87.3833
-2.2344  88.4281
-2.2148  89.4738
-2.1952  90.5203
-2.1756  91.5674
-2.156  92.6149
-2.1364  93.6626
-2.1168  94.7103
-2.0972  95.7579
-2.0776  96.8052
-2.058  97.8519
-2.0384  98.8978
-2.0188  99.9428
-1.9992  100.987
-1.9796  102.029
-1.96  103.07
-1.9404  104.109
-1.9208  105.147
-1.9012  106.182
-1.8816  107.215
-1.862  108.245
-1.8424  109.272
-1.8228  110.297
-1.8032  111.319
-1.7836  112.337
-1.764  113.351
-1.7444  114.362
-1.7248  115.369
-1.7052  116.371
-1.6856  117.37
-1.666  118.363
-1.6464  119.352
-1.6268  120.336
-1.6072  121.315
-1.5876  122.288
-1.568  123.256
-1.5484  124.218
-1.5288  125.174
-1.5092  126.124
-1.4896  127.067
-1.47  128.004
-1.4504  128.934
-1.4308  129.857
-1.4112  130.773
-1.3916  131.682
-1.372  132.583
-1.3524  133.476
-1.3328  134.361
-1.3132  135.238
-1.2936  136.107
-1.274  136.967
-1.2544  137.818
-1.2348  138.661
-1.2152  139.495
-1.1956  140.319
-1.176  141.134
-1.1564  141.939
-1.1368  142.734
-1.1172  143.52
-1.0976  144.295
-1.078  145.06
-1.0584  145.814
-1.0388  146.558
-1.0192  147.291
-0.9996  148.013
-0.98  148.724
-0.9604  149.424
-0.9408  150.112
-0.9212  150.788
-0.9016  151.453
-0.882  152.105
-0.8624  152.746
-0.8428  153.375
-0.8232  153.991
-0.8036  154.594
-0.784  155.185
-0.7644  155.763
-0.7448  156.329
-0.7252  156.881
-0.7056  157.42
-0.686  157.946
-0.6664  158.458
-0.6468  158.957
-0.6272  159.442
-0.6076  159.914
-0.588  160.371
-0.5684  160.815
-0.5488  161.245
-0.5292  161.66
-0.5096  162.061
-0.49  162.448
-0.4704  162.82
-0.4508  163.178
-0.4312  163.522
-0.4116  163.85
-0.392  164.164
-0.3724  164.463
-0.3528  164.747
-0.3332  165.016
-0.3136  165.27
-0.294  165.509
-0.2744  165.733
-0.2548  165.941
-0.2352  166.135
-0.2156  166.313
-0.196  166.475
-0.1764  166.623
-0.1568  166.755
-0.1372  166.871
-0.1176  166.972
-0.098  167.057
-0.0784  167.127
-0.0588  167.182
-0.0392  167.221
-0.0196  167.244
0  167.252
0.0196  167.244
0.0392  167.221
0.0588  167.182
0.0784  167.127
0.098  167.057
0.1176  166.972
0.1372  166.871
0.1568  166.755
0.1764  166.623
0.196  166.475
0.2156  166.313
0.2352  166.135
0.2548  165.941
0.2744  165.733
0.294  165.509
0.3136  165.27
0.3332  165.016
0.3528  164.747
0.3724  164.463
0.392  164.164
0.4116  163.85
0.4312  163.522
0.4508  163.178
0.4704  162.821
0.49  162.448
0.5096  162.061
0.5292  161.66
0.5488  161.245
0.5684  160.815
0.588  160.371
0.6076  159.914
0.6272  159.442
0.6468  158.957
0.6664  158.458
0.686  157.946
0.7056  157.42
0.7252  156.881
0.7448  156.329
0.7644  155.763
0.784  155.185
0.8036  154.594
0.8232  153.991
0.8428  153.375
0.8624  152.746
0.882  152.106
0.9016  151.453
0.9212  150.788
0.9408  150.112
0.9604  149.424
0.98  148.724
0.9996  148.013
1.0192  147.291
1.0388  146.558
1.0584  145.815
1.078  145.06
1.0976  144.295
1.1172  143.52
1.1368  142.734
1.1564  141.939
1.176  141.134
1.1956  140.319
1.2152  139.495
1.2348  138.661
1.2544  137.819
1.274  136.967
1.2936  136.107
1.3132  135.238
1.3328  134.361
1.3524  133.476
1.372  132.583
1.3916  131.682
1.4112  130.773
1.4308  129.857
1.4504  128.934
1.47  128.004
1.4896  127.067
1.5092  126.124
1.5288  125.174
1.5484  124.218
1.568  123.256
1.5876  122.288
1.6072  121.315
1.6268  120.336
1.6464  119.352
1.666  118.363
1.6856  117.37
1.7052  116.372
1.7248  115.369
1.7444  114.362
1.764  113.351
1.7836  112.337
1.8032  111.319
1.8228  110.297
1.8424  109.273
1.862  108.245
1.8816  107.215
1.9012  106.182
1.9208  105.147
1.9404  104.11
1.96  103.07
1.9796  102.029
1.9992  100.987
2.0188  99.943
2.0384  98.898
2.058  97.8521
2.0776  96.8054
2.0972  95.7582
2.1168  94.7106
2.1364  93.6628
2.156  92.6151
2.1756  91.5676
2.1952  90.5205
2.2148  89.474
2.2344  88.4283
2.254  87.3836
2.2736  86.34
2.2932  85.2978
2.3128  84.2571
2.3324  83.2181
2.352  82.181
2.3716  81.1459
2.3912  80.1131
2.4108  79.0827
2.4304  78.0549
2.45  77.0298
2.4696  76.0077
2.4892  74.9886
2.5088  73.9728
2.5284  72.9604
2.548  71.9516
2.5676  70.9466
2.5872  69.9454
2.6068  68.9483
2.6264  67.9553
2.646  66.9668
2.6656  65.9827
2.6852  65.0032
2.7048  64.0286
2.7244  63.0589
2.744  62.0942
2.7636  61.1348
2.7832  60.1807
2.8028  59.2321
2.8224  58.289
2.842  57.3517
2.8616  56.4203
2.8812  55.4948
2.9008  54.5754
2.9204  53.6622
2.94  52.7554
2.9596  51.855
2.9792  50.9611
2.9988  50.0739
3.0184  49.1934
3.038  48.3198
3.0576  47.4532
3.0772  46.5936
3.0968  45.7411
3.1164  44.8959
3.136  44.058
3.1556  43.2275
3.1752  42.4045
3.1948  41.5891
3.2144  40.7813
3.234  39.9813
3.2536  39.189
3.2732  38.4046
3.2928  37.6281
3.3124  36.8596
3.332  36.0992
3.3516  35.3469
3.3712  34.6027
3.3908  33.8667
3.4104  33.1391
3.43  32.4197
3.4496  31.7087
3.4692  31.006
3.4888  30.3119
3.5084  29.6261
3.528  28.9489
3.5476  28.2803
3.5672  27.6202
3.5868  26.9686
3.6064  26.3257
3.626  25.6914
3.6456  25.0658
3.6652  24.4489
3.6848  23.8406
3.7044  23.241
3.724  22.6501
3.7436  22.0678
3.7632  21.4943
3.7828  20.9295
3.8024  20.3734
3.822  19.826
3.8416  19.2872
3.8612  18.7572
3.8808  18.2358
3.9004  17.723
3.92  17.2189
3.9396  16.7233
3.9592  16.2364
3.9788  15.7581
3.9984  15.2882
4.018  14.8269
4.0376  14.3741
4.0572  13.9297
4.0768  13.4937
4.0964  13.0661
4.116  12.6469
4.1356  12.2359
4.1552  11.8332
4.1748  11.4387
4.1944  11.0524
4.214  10.6742
4.2336  10.3041
4.2532  9.94193
4.2728  9.58777
4.2924  9.24152
4.312  8.90311
4.3316  8.5725
4.3512  8.24963
4.3708  7.93442
4.3904  7.62682
4.41  7.32676
4.4296  7.03418
4.4492  6.74901
4.4688  6.47119
4.4884  6.20063
4.508  5.93727
4.5276  5.68104
4.5472  5.43186
4.5668  5.18966
4.5864  4.95436
4.606  4.72588
4.6256  4.50415
4.6452  4.28909
4.6648  4.08061
4.6844  3.87864
4.704  3.68309
4.7236  3.49388
4.7432  3.31093
4.7628  3.13415
4.7824  2.96345
4.802  2.79876
4.8216  2.63997
4.8412  2.48702
4.8608  2.3398
4.8804  2.19823
4.9  2.06223
4.9196  1.93169
4.9392  1.80654
4.9588  1.68667
4.9784  1.57201
4.998  1.46246
5.0176  1.35793
5.0372  1.25832
5.0568  1.16355
5.0764  1.07353
5.096  0.988157
5.1156  0.907344
5.1352  0.831
5.1548  0.759033
5.1744  0.69135
5.194  0.627859
5.2136  0.568469
5.2332  0.513088
5.2528  0.461624
5.2724  0.413987
5.292  0.370083
5.3116  0.329824
5.3312  0.293119
5.3508  0.259876
5.3704  0.230006
5.39  0.20342
5.4096  0.180028
5.4292  0.159742
5.4488  0.142474
5.4684  0.128135
5.488  0.116639
5.5076  0.107898
5.5272  0.101828
5.5468  0.0983418
5.5664  0.0973553
5.586  0.0987842
5.6056  0.102545
5.6252  0.108555
5.6448  0.116732
5.6644  0.126996
5.684  0.139265
5.7036  0.153459
5.7232  0.169501
5.7428  0.187311
5.7624  0.206814
5.782  0.227932
5.8016  0.25059
5.8212  0.274714
5.8408  0.30023
5.8604  0.327066
5.88  0.355151
5.8996  0.384414
5.9192  0.414784
5.9388  0.446194
5.9584  0.478577
5.978  0.511866
5.9976  0.545994
6.0172  0.5809
6.0368  0.616518
6.0564  0.652787
6.076  0.689646
6.0956  0.727035
6.1152  0.764895
6.1348  0.80317
6.1544  0.841801
6.174  0.880734
6.1936  0.919916
6.2132  0.959292
6.2328  0.998811
6.2524  1.03842
6.272  1.07808
6.2916  1.11773
6.3112  1.15732
6.3308  1.19682
6.3504  1.23618
6.37  1.27535
6.3896  1.31429
6.4092  1.35296
6.4288  1.39132
6.4484  1.42933
6.468  1.46696
6.4876  1.50417
6.5072  1.54091
6.5268  1.57717
6.5464  1.6129
6.566  1.64808
6.5856  1.68267
6.6052  1.71664
6.6248  1.74997
6.6444  1.78263
6.664  1.8146
6.6836  1.84584
6.7032  1.87634
6.7228  1.90607
6.7424  1.93502
6.762  1.96316
6.7816  1.99047
6.8012  2.01693
6.8208  2.04253
6.8404  2.06726
6.86  2.09109
6.8796  2.11402
6.8992  2.13603
6.9188  2.1571
6.9384  2.17724
6.958  2.19643
6.9776  2.21465
6.9972  2.23191
7.0168  2.2482
7.0364  2.2635
7.056  2.27783
7.0756  2.29116
7.0952  2.30351
7.1148  2.31486
7.1344  2.32521
7.154  2.33458
7.1736  2.34294
7.1932  2.35032
7.2128  2.3567
7.2324  2.3621
7.252  2.36651
7.2716  2.36995
7.2912  2.3724
7.3108  2.37389
7.3304  2.37442
7.35  2.37399
7.3696  2.37262
7.3892  2.37031
7.4088  2.36707
7.4284  2.36291
7.448  2.35784
7.4676  2.35188
7.4872  2.34503
7.5068  2.3373
7.5264  2.32872
7.546  2.31929
7.5656  2.30902
7.5852  2.29793
7.6048  2.28604
7.6244  2.27336
7.644  2.25991
7.6636  2.2457
7.6832  2.23074
7.7028  2.21506
7.7224  2.19867
7.742  2.18159
7.7616  2.16384
7.7812  2.14543
7.8008  2.12638
7.8204  2.10672
7.84  2.08645
7.8596  2.06561
7.8792  2.0442
7.8988  2.02225
7.9184  1.99977
7.938  1.97679
7.9576  1.95333
7.9772  1.92941
7.9968  1.90504
8.0164  1.88024
8.036  1.85505
8.0556  1.82947
8.0752  1.80352
8.0948  1.77724
8.1144  1.75063
8.134  1.72372
8.1536  1.69653
8.1732  1.66907
8.1928  1.64138
8.2124  1.61346
8.232  1.58535
8.2516  1.55705
8.2712  1.52859
8.2908  1.49998
8.3104  1.47126
8.33  1.44243
8.3496  1.41352
8.3692  1.38455
8.3888  1.35553
8.4084  1.32649
8.428  1.29743
8.4476  1.26839
8.4672  1.23938
8.4868  1.21041
8.5064  1.1815
8.526  1.15268
8.5456  1.12396
8.5652  1.09535
8.5848  1.06688
8.6044  1.03855
8.624  1.01039
8.6436  0.982406
8.6632  0.954619
8.6828  0.927043
8.7024  0.899693
8.722  0.872582
8.7416  0.845725
8.7612  0.819136
8.7808  0.792828
8.8004  0.766813
8.82  0.741105
8.8396  0.715716
8.8592  0.690657
8.8788  0.665941
8.8984  0.641578
8.918  0.617579
8.9376  0.593955
8.9572  0.570715
8.9768  0.547869
8.9964  0.525426
9.016  0.503396
9.0356  0.481786
9.0552  0.460605
9.0748  0.439859
9.0944  0.419557
9.114  0.399705
9.1336  0.38031
9.1532  0.361377
9.1728  0.342912
9.1924  0.32492
9.212  0.307406
9.2316  0.290375
9.2512  0.273831
9.2708  0.257776
9.2904  0.242215
9.31  0.22715
9.3296  0.212583
9.3492  0.198517
9.3688  0.184953
9.3884  0.171893
9.408  0.159337
9.4276  0.147287
9.4472  0.135741
9.4668  0.1247
9.4864  0.114164
9.506  0.104131
9.5256  0.0946
9.5452  0.0855697
9.5648  0.077038
9.5844  0.0690025
9.604  0.0614607
9.6236  0.0544096
9.6432  0.0478458
9.6628  0.0417657
9.6824  0.0361656
9.702  0.0310412
9.7216  0.0263879
9.7412  0.022201
9.7608  0.0184754
9.7804  0.0152058
9.8  0.0123865
9.8196  0.0100117
9.8392  0.00807515
9.8588  0.00657056
9.8784  0.0054913
9.898  0.00483049
9.9176  0.00458106
9.9372  0.00473568
9.9568  0.00528688
9.9764  0.00622691
9.996  0.00754789
10.0156  0.00924166
10.0352  0.0113
10.0548  0.0137146
10.0744  0.0164765
10.094  0.0195773
10.1136  0.0230079
10.1332  0.0267592
10.1528  0.0308222
10.1724  0.0351875
10.192  0.0398456
10.2116  0.044787
10.2312  0.0500023
10.2508  0.0554814
10.2704  0.0612149
10.29  0.0671927
10.3096  0.0734048
10.3292  0.0798415
10.3488  0.0864924
10.3684  0.0933476
10.388  0.100397
10.4076  0.10763
10.4272  0.115038
10.4468  0.122608
10.4664  0.130333
10.486  0.1382
10.5056  0.146201
10.5252  0.154324
10.5448  0.162561
10.5644  0.1709
10.584  0.179332
10.6036  0.187846
10.6232  0.196433
10.6428  0.205083
10.6624  0.213786
10.682  0.222533
10.7016  0.231313
10.7212  0.240116
10.7408  0.248935
10.7604  0.257758
10.78  0.266578
10.7996  0.275384
10.8192  0.284168
10.8388  0.29292
10.8584  0.301632
10.878  0.310296
10.8976  0.318903
10.9172  0.327443
10.9368  0.33591
10.9564  0.344295
10.976  0.35259
10.9956  0.360787
11.0152  0.368879
11.0348  0.376859
11.0544  0.384718
11.074  0.392451
11.0936  0.400049
11.1132  0.407507
11.1328  0.414818
11.1524  0.421976
11.172  0.428974
11.1916  0.435807
11.2112  0.442468
11.2308  0.448953
11.2504  0.455256
11.27  0.461372
11.2896  0.467296
11.3092  0.473024
11.3288  0.47855
11.3484  0.483871
11.368  0.488982
11.3876  0.49388
11.4072  0.498562
11.4268  0.503023
11.4464  0.507261
11.466  0.511272
11.4856  0.515055
11.5052  0.518606
11.5248  0.521923
11.5444  0.525005
11.564  0.527848
11.5836  0.530453
11.6032  0.532816
11.6228  0.534938
11.6424  0.536817
11.662  0.538453
11.6816  0.539844
11.7012  0.540991
11.7208  0.541893
11.7404  0.542551
11.76  0.542965
11.7796  0.543135
11.7992  0.543063
11.8188  0.542748
11.8384  0.542193
11.858  0.541398
11.8776  0.540366
11.8972  0.539097
11.9168  0.537594
11.9364  0.535858
11.956  0.533893
11.9756  0.5317
11.9952  0.529283
12.0148  0.526643
12.0344  0.523785
12.054  0.52071
12.0736  0.517423
12.0932  0.513927
12.1128  0.510226
12.1324  0.506323
12.152  0.502222
12.1716  0.497927
12.1912  0.493443
12.2108  0.488774
12.2304  0.483925
12.25  0.478899
12.2696  0.473702
12.2892  0.468339
12.3088  0.462814
12.3284  0.457133
12.348  0.451301
12.3676  0.445322
12.3872  0.439204
12.4068  0.43295
12.4264  0.426566
12.446  0.420059
12.4656  0.413433
12.4852  0.406695
12.5048  0.399851
12.5244  0.392906
12.544  0.385865
12.5636  0.378737
12.5832  0.371525
12.6028  0.364237
12.6224  0.356879
12.642  0.349456
12.6616  0.341975
12.6812  0.334443
12.7008  0.326864
12.7204  0.319247
12.74  0.311596
12.7596  0.303918
12.7792  0.29622
12.7988  0.288507
12.8184  0.280787
12.838  0.273064
12.8576  0.265345
12.8772  0.257637
12.8968  0.249946
12.9164  0.242277
12.936  0.234637
12.9556  0.227032
12.9752  0.219468
12.9948  0.21195
13.0144  0.204485
13.034  0.197078
13.0536  0.189735
13.0732  0.182463
13.0928  0.175265
13.1124  0.168149
13.132  0.161119
13.1516  0.15418
13.1712  0.147339
13.1908  0.1406
13.2104  0.133969
13.23  0.127449
13.2496  0.121047
13.2692  0.114767
13.2888  0.108614
13.3084  0.102592
13.328  0.0967058
13.3476  0.0909597
13.3672  0.085358
13.3868  0.0799048
13.4064  0.0746041
13.426  0.0694597
13.4456  0.0644754
13.4652  0.0596548
13.4848  0.0550014
13.5044  0.0505185
13.524  0.0462094
13.5436  0.042077
13.5632  0.0381243
13.5828  0.0343542
13.6024  0.0307693
13.622  0.027372
13.6416  0.0241647
13.6612  0.0211498
13.6808  0.0183291
13.7004  0.0157047
13.72  0.0132783
13.7396  0.0110516
13.7592  0.00902598
13.7788  0.00720283
13.7984  0.00558331
13.818  0.0041684
13.8376  0.00295903
13.8572  0.00195592
13.8768  0.00115963
13.8964  0.000570579
13.916  0.000189041
13.9356  1.51478e-05
13.9552  4.88677e-05
13.9748  0.000290026
13.9944  0.000738306
14.014  0.00139323
14.0336  0.00225419
14.0532  0.00332043
14.0728  0.00459103
14.0924  0.00606496
14.112  0.00774105
14.1316  0.00961793
14.1512  0.0116942
14.1708  0.0139681
14.1904  0.0164381
14.21  0.0191021
14.2296  0.0219584
14.2492  0.0250045
14.2688  0.0282385
14.2884  0.0316578
14.308  0.03526
14.3276  0.0390422
14.3472  0.043002
14.3668  0.0471364
14.3864  0.0514423
14.406  0.0559168
14.4256  0.0605566
14.4452  0.0653583
14.4648  0.0703187
14.4844  0.0754341
14.504  0.0807011
14.5236  0.0861157
14.5432  0.0916743
14.5628  0.097373
14.5824  0.103208
14.602  0.109175
14.6216  0.115269
14.6412  0.121488
14.6608  0.127825
14.6804  0.134278
14.7  0.140842
14.7196  0.147511
14.7392  0.154282
14.7588  0.16115
14.7784  0.168111
14.798  0.175159
14.8176  0.182289
14.8372  0.189498
14.8568  0.19678
14.8764  0.20413
14.896  0.211544
14.9156  0.219016
14.9352  0.226542
14.9548  0.234115
14.9744  0.241733
14.994  0.249389
15.0136  0.257078
15.0332  0.264796
15.0528  0.272536
15.0724  0.280295
15.092  0.288068
15.1116  0.295848
15.1312  0.303631
15.1508  0.311413
15.1704  0.319187
15.19  0.32695
15.2096  0.334695
15.2292  0.342418
15.2488  0.350115
15.2684  0.35778
15.288  0.365408
15.3076  0.372995
15.3272  0.380536
15.3468  0.388025
15.3664  0.39546
15.386  0.402833
15.4056  0.410142
15.4252  0.417382
15.4448  0.424547
15.4644  0.431635
15.484  0.438639
15.5036  0.445557
15.5232  0.452383
15.5428  0.459114
15.5624  0.465746
15.582  0.472274
15.6016  0.478695
15.6212  0.485005
15.6408  0.4912
15.6604  0.497276
15.68  0.503231
15.6996  0.509059
15.7192  0.514759
15.7388  0.520326
15.7584  0.525757
15.778  0.53105
15.7976  0.536201
15.8172  0.541207
15.8368  0.546066
15.8564  0.550775
15.876  0.555331
15.8956  0.559731
15.9152  0.563974
15.9348  0.568057
15.9544  0.571978
15.974  0.575734
15.9936  0.579324
16.0132  0.582747
16.0328  0.585998
16.0524  0.589079
16.072  0.591987
16.0916  0.594721
16.1112  0.597278
16.1308  0.599659
16.1504  0.601862
16.17  0.603886
16.1896  0.605731
16.2092  0.607395
16.2288  0.608878
16.2484  0.61018
16.268  0.6113
16.2876  0.612238
16.3072  0.612994
16.3268  0.613567
16.3464  0.613958
16.366  0.614168
16.3856  0.614195
16.4052  0.614042
16.4248  0.613707
16.4444  0.613193
16.464  0.6125
16.4836  0.611628
16.5032  0.610579
16.5228  0.609353
16.5424  0.607952
16.562  0.606377
16.5816  0.60463
16.6012  0.602711
16.6208  0.600623
16.6404  0.598368
16.66  0.595946
16.6796  0.59336
16.6992  0.590612
16.7188  0.587704
16.7384  0.584638
16.758  0.581416
16.7776  0.578041
16.7972  0.574515
16.8168  0.57084
16.8364  0.567019
16.856  0.563055
16.8756  0.55895
16.8952  0.554707
16.9148  0.550329
16.9344  0.545819
16.954  0.54118
16.9736  0.536415
16.9932  0.531527
17.0128  0.526519
17.0324  0.521394
17.052  0.516157
17.0716  0.510809
17.0912  0.505355
17.1108  0.499798
17.1304  0.494141
17.15  0.488388
17.1696  0.482543
17.1892  0.476608
17.2088  0.470589
17.2284  0.464487
17.248  0.458308
17.2676  0.452055
17.2872  0.445731
17.3068  0.43934
17.3264  0.432887
17.346  0.426374
17.3656  0.419806
17.3852  0.413187
17.4048  0.40652
17.4244  0.399809
17.444  0.393059
17.4636  0.386272
17.4832  0.379453
17.5028  0.372606
17.5224  0.365734
17.542  0.358842
17.5616  0.351932
17.5812  0.34501
17.6008  0.338078
17.6204  0.331141
17.64  0.324202
17.6596  0.317265
17.6792  0.310333
17.6988  0.303411
17.7184  0.296502
17.738  0.28961
17.7576  0.282737
17.7772  0.275889
17.7968  0.269067
17.8164  0.262276
17.836  0.25552
17.8556  0.2488
17.8752  0.242122
17.8948  0.235487
17.9144  0.2289
17.934  0.222363
17.9536  0.21588
17.9732  0.209454
17.9928  0.203086
18.0124  0.196782
18.032  0.190543
18.0516  0.184373
18.0712  0.178273
18.0908  0.172247
18.1104  0.166298
18.13  0.160427
18.1496  0.154638
18.1692  0.148932
18.1888  0.143313
18.2084  0.137782
18.228  0.132342
18.2476  0.126995
18.2672  0.121742
18.2868  0.116586
18.3064  0.111529
18.326  0.106572
18.3456  0.101718
18.3652  0.0969667
18.3848  0.0923214
18.4044  0.0877829
18.424  0.0833529
18.4436  0.0790324
18.4632  0.0748228
18.4828  0.0707252
18.5024  0.0667409
18.522  0.0628706
18.5416  0.0591153
18.5612  0.055476
18.5808  0.0519532
18.6004  0.0485477
18.62  0.0452601
18.6396  0.0420908
18.6592  0.0390403
18.6788  0.0361088
18.6984  0.0332968
18.718  0.0306042
18.7376  0.0280311
18.7572  0.0255777
18.7768  0.0232438
18.7964  0.0210292
18.816  0.0189338
18.8356  0.0169572
18.8552  0.0150989
18.8748  0.0133586
18.8944  0.0117356
18.914  0.0102295
18.9336  0.00883938
18.9532  0.00756459
18.9728  0.00640423
18.9924  0.00535742
19.012  0.00442313
19.0316  0.00360036
19.0512  0.00288797
19.0708  0.00228476
19.0904  0.00178946
19.11  0.00140079
19.1296  0.00111735
19.1492  0.00093769
19.1688  0.000860313
19.1884  0.000883663
19.208  0.00100612
19.2276  0.00122602
19.2472  0.00154161
19.2668  0.00195113
19.2864  0.00245275
19.306  0.00304457
19.3256  0.00372469
19.3452  0.00449113
19.3648  0.00534185
19.3844  0.00627482
19.404  0.00728793
19.4236  0.00837906
19.4432  0.009546
19.4628  0.0107866
19.4824  0.0120985
19.502  0.0134795
19.5216  0.0149273
19.5412  0.0164396
19.5608  0.018014
19.5804  0.0196481
19.6  0.0213395
19.6196  0.0230858
19.6392  0.0248846
19.6588  0.0267334
19.6784  0.0286296
19.698  0.0305709
19.7176  0.0325547
19.7372  0.0345785
19.7568  0.0366398
19.7764  0.0387361
19.796  0.0408649
19.8156  0.0430236
19.8352  0.0452097
19.8548  0.0474207
19.8744  0.0496541
19.894  0.0519073
19.9136  0.0541779
19.9332  0.0564633
19.9528  0.0587612
19.9724  0.061069
19.992  0.0633841
20.0116  0.0657044
20.0312  0.0680272
20.0508  0.0703502
20.0704  0.072671
20.09  0.0749873
20.1096  0.0772966
20.1292  0.0795969
20.1488  0.0818857
20.1684  0.0841607
20.188  0.0864198
20.2076  0.0886609
20.2272  0.0908817
20.2468  0.0930801
20.2664  0.095254
20.286  0.0974015
20.3056  0.0995205
20.3252  0.101609
20.3448  0.103665
20.3644  0.105687
20.384  0.107673
20.4036  0.109621
20.4232  0.111529
20.4428  0.113396
20.4624  0.11522
20.482  0.117
20.5016  0.118733
20.5212  0.120419
20.5408  0.122056
20.5604  0.123642
20.58  0.125177
20.5996  0.126658
20.6192  0.128086
20.6388  0.129458
20.6584  0.130773
20.678  0.13203
20.6976  0.133229
20.7172  0.134369
20.7368  0.135448
20.7564  0.136465
20.776  0.137421
20.7956  0.138314
20.8152  0.139143
20.8348  0.139909
20.8544  0.14061
20.874  0.141245
20.8936  0.141816
20.9132  0.14232
20.9328  0.142759
20.9524  0.143131
20.972  0.143436
20.9916  0.143675
21.0112  0.143848
21.0308  0.143953
21.0504  0.143992
21.07  0.143964
21.0896  0.14387
21.1092  0.14371
21.1288  0.143484
21.1484  0.143193
21.168  0.142836
21.1876  0.142415
21.2072  0.14193
21.2268  0.141381
21.2464  0.140769
21.266  0.140095
21.2856  0.139359
21.3052  0.138563
21.3248  0.137707
21.3444  0.136791
21.364  0.135817
21.3836  0.134786
21.4032  0.133699
21.4228  0.132557
21.4424  0.131361
21.462  0.130111
21.4816  0.12881
21.5012  0.127459
21.5208  0.126058
21.5404  0.12461
21.56  0.123115
21.5796  0.121574
21.5992  0.119991
21.6188  0.118364
21.6384  0.116697
21.658  0.114991
21.6776  0.113247
21.6972  0.111466
21.7168  0.109651
21.7364  0.107804
21.756  0.105925
21.7756  0.104016
21.7952  0.102079
21.8148  0.100117
21.8344  0.0981296
21.854  0.0961198
21.8736  0.0940891
21.8932  0.0920393
21.9128  0.0899723
21.9324  0.0878898
21.952  0.0857935
21.9716  0.0836855
21.9912  0.0815675
22.0108  0.0794415
22.0304  0.0773092
22.05  0.0751724
22.0696  0.0730331
22.0892  0.0708932
22.1088  0.0687545
22.1284  0.0666188
22.148  0.064488
22.1676  0.0623641
22.1872  0.0602486
22.2068  0.0581437
22.2264  0.056051
22.246  0.0539725
22.2656  0.0519098
22.2852  0.0498648
22.3048  0.0478393
22.3244  0.0458349
22.344  0.0438536
22.3636  0.041897
22.3832  0.0399668
22.4028  0.0380646
22.4224  0.0361921
22.442  0.0343511
22.4616  0.032543
22.4812  0.0307695
22.5008  0.0290322
22.5204  0.0273325
22.54  0.025672
22.5596  0.0240522
22.5792  0.0224744
22.5988  0.0209401
22.6184  0.0194506
22.638  0.0180074
22.6576  0.0166116
22.6772  0.0152646
22.6968  0.0139676
22.7164  0.0127218
22.736  0.0115283
22.7556  0.0103883
22.7752  0.0093028
22.7948  0.00827284
22.8144  0.00729942
22.834  0.00638349
22.8536  0.00552596
22.8732  0.00472765
22.8928  0.00398942
22.9124  0.003312
22.932  0.00269614
22.9516  0.00214251
22.9712  0.00165172
22.9908  0.00122438
23.0104  0.000861032
23.03  0.00056214
23.0496  0.000328157
23.0692  0.000159479
23.0888  5.64493e-05
23.1084  1.93604e-05
23.128  4.84638e-05
23.1476  0.000143962
23.1672  0.000305997
23.1868  0.000534675
23.2064  0.000830046
23.226  0.00119212
23.2456  0.00162085
23.2652  0.00211613
23.2848  0.00267785
23.3044  0.00330577
23.324  0.0039997
23.3436  0.00475931
23.3632  0.00558432
23.3828  0.00647429
23.4024  0.00742881
23.422  0.00844743
23.4416  0.0095296
23.4612  0.0106748
23.4808  0.0118823
23.5004  0.0131516
23.52  0.0144818
23.5396  0.0158724
23.5592  0.0173224
23.5788  0.0188311
23.5984  0.0203975
23.618  0.0220209
23.6376  0.0237001
23.6572  0.0254342
23.6768  0.0272222
23.6964  0.029063
23.716  0.0309555
23.7356  0.0328985
23.7552  0.0348909
23.7748  0.0369315
23.7944  0.0390189
23.814  0.0411519
23.8336  0.0433293
23.8532  0.0455495
23.8728  0.0478113
23.8924  0.0501133
23.912  0.052454
23.9316  0.054832
23.9512  0.0572457
23.9708  0.0596937
23.9904  0.0621743
24.01  0.0646862
24.0296  0.0672276
24.0492  0.069797
24.0688  0.0723926
24.0884  0.0750131
24.108  0.0776566
24.1276  0.0803213
24.1472  0.083006
24.1668  0.0857085
24.1864  0.0884272
24.206  0.0911605
24.2256  0.0939067
24.2452  0.096664
24.2648  0.0994305
24.2844  0.102205
24.304  0.104984
24.3236  0.107768
24.3432  0.110554
24.3628  0.113341
24.3824  0.116127
24.402  0.118909
24.4216  0.121686
24.4412  0.124457
24.4608  0.12722
24.4804  0.129973
24.5  0.132713
24.5196  0.13544
24.5392  0.138152
24.5588  0.140847
24.5784  0.143523
24.598  0.146179
24.6176  0.148812
24.6372  0.151422
24.6568  0.154007
24.6764  0.156564
24.696  0.159093
24.7156  0.161591
24.7352  0.164058
24.7548  0.166491
24.7744  0.16889
24.794  0.171252
24.8136  0.173576
24.8332  0.175861
24.8528  0.178106
24.8724  0.180308
24.892  0.182466
24.9116  0.18458
24.9312  0.186648
24.9508  0.188668
24.9704  0.19064
24.99  0.192561
25.0096  0.194432
25.0292  0.19625
25.0488  0.198015
25.0684  0.199726
25.088  0.201381
25.1076  0.20298
25.1272  0.204521
25.1468  0.206004
25.1664  0.207428
25.186  0.208791
25.2056  0.210094
25.2252  0.211335
25.2448  0.212514
25.2644  0.213629
25.284  0.214681
25.3036  0.215668
25.3232  0.216591
25.3428  0.217448
25.3624  0.218239
25.382  0.218964
25.4016  0.219622
25.4212  0.220214
25.4408  0.220737
25.4604  0.221193
25.48  0.221581
25.4996  0.221901
25.5192  0.222153
25.5388  0.222336
25.5584  0.222452
25.578  0.222498
25.5976  0.222477
25.6172  0.222387
25.6368  0.222229
25.6564  0.222004
25.676  0.22171
25.6956  0.221349
25.7152  0.220921
25.7348  0.220427
25.7544  0.219865
25.774  0.219238
25.7936  0.218545
25.8132  0.217787
25.8328  0.216965
25.8524  0.216079
25.872  0.215129
25.8916  0.214117
25.9112  0.213043
25.9308  0.211907
25.9504  0.210712
25.97  0.209456
25.9896  0.208142
26.0092  0.20677
26.0288  0.205341
26.0484  0.203856
26.068  0.202317
26.0876  0.200722
26.1072  0.199076
26.1268  0.197377
26.1464  0.195627
26.166  0.193828
26.1856  0.19198
26.2052  0.190086
26.2248  0.188145
26.2444  0.186159
26.264  0.184129
26.2836  0.182058
26.3032  0.179945
26.3228  0.177793
26.3424  0.175603
26.362  0.173376
26.3816  0.171113
26.4012  0.168817
26.4208  0.166488
26.4404  0.164127
26.46  0.161738
26.4796  0.159319
26.4992  0.156875
26.5188  0.154405
26.5384  0.151911
26.558  0.149396
26.5776  0.146859
26.5972  0.144304
26.6168  0.141731
26.6364  0.139143
26.656  0.13654
26.6756  0.133924
26.6952  0.131297
26.7148  0.12866
26.7344  0.126016
26.754  0.123364
26.7736  0.120708
26.7932  0.118049
26.8128  0.115388
26.8324  0.112727
26.852  0.110066
26.8716  0.107409
26.8912  0.104757
26.9108  0.10211
26.9304  0.0994709
26.95  0.0968408
26.9696  0.0942212
26.9892  0.0916137
27.0088  0.0890195
27.0284  0.0864404
27.048  0.0838777
27.0676  0.0813329
27.0872  0.0788073
27.1068  0.0763023
27.1264  0.0738194
27.146  0.07136
27.1656  0.0689252
27.1852  0.0665164
27.2048  0.0641351
27.2244  0.0617823
27.244  0.0594594
27.2636  0.0571677
27.2832  0.0549082
27.3028  0.0526821
27.3224  0.0504907
27.342  0.048335
27.3616  0.0462162
27.3812  0.0441352
27.4008  0.0420932
27.4204  0.0400911
27.44  0.0381298
27.4596  0.0362104
27.4792  0.0343338
27.4988  0.0325008
27.5184  0.0307123
27.538  0.0289691
27.5576  0.0272719
27.5772  0.0256216
27.5968  0.0240188
27.6164  0.0224642
27.636  0.0209585
27.6556  0.0195023
27.6752  0.0180961
27.6948  0.0167405
27.7144  0.0154359
27.734  0.0141829
27.7536  0.012982
27.7732  0.0118333
27.7928  0.0107374
27.8124  0.00969458
27.832  0.00870509
27.8516  0.00776917
27.8712  0.00688705
27.8908  0.00605888
27.9104  0.00528483
27.93  0.00456498
27.9496  0.0038994
27.9692  0.00328813
27.9888  0.00273113
28.0084  0.00222835
28.028  0.00177976
28.0476  0.00138518
28.0672  0.00104452
28.0868  0.000757527
28.1064  0.000524012
28.126  0.000343706
28.1456  0.000216324
28.1652  0.000141524
28.1848  0.00011895
28.2044  0.000148204
28.224  0.000228856
28.2436  0.000360447
28.2632  0.000542479
28.2828  0.000774415
28.3024  0.00105572
28.322  0.00138578
28.3416  0.00176399
28.3612  0.0021897
28.3808  0.00266225
28.4004  0.00318087
28.42  0.00374489
28.4396  0.00435352
28.4592  0.00500596
28.4788  0.00570142
28.4984  0.00643904
28.518  0.00721796
28.5376  0.00803726
28.5572  0.00889607
28.5768  0.00979342
28.5964  0.0107284
28.616  0.0117
28.6356  0.0127071
28.6552  0.0137489
28.6748  0.0148242
28.6944  0.015932
28.714  0.0170712
28.7336  0.0182407
28.7532  0.0194395
28.7728  0.0206663
28.7924  0.02192
28.812  0.0231996
28.8316  0.0245038
28.8512  0.0258314
28.8708  0.0271814
28.8904  0.0285524
28.91  0.0299432
28.9296  0.0313527
28.9492  0.0327796
28.9688  0.0342228
28.9884  0.0356809
29.008  0.0371527
29.0276  0.0386371
29.0472  0.0401326
29.0668  0.0416383
29.0864  0.0431526
29.106  0.0446744
29.1256  0.0462025
29.1452  0.0477356
29.1648  0.0492725
29.1844  0.0508119
29.204  0.0523526
29.2236  0.0538934
29.2432  0.055433
29.2628  0.0569701
29.2824  0.0585038
29.302  0.0600325
29.3216  0.0615553
29.3412  0.0630709
29.3608  0.0645781
29.3804  0.0660757
29.4  0.0675628
