-29.4  0.000338335
-29.3804  0.000338859
-29.3608  0.000339518
-29.3412  0.000340324
-29.3216  0.000341272
-29.302  0.000342353
-29.2824  0.000343565
-29.2628  0.000344908
-29.2432  0.000346375
-29.2236  0.00034796
-29.204  0.000349665
-29.1844  0.000351479
-29.1648  0.000353402
-29.1452  0.00035543
-29.1256  0.000357562
-29.106  0.000359782
-29.0864  0.000362092
-29.0668  0.00036449
-29.0472  0.000366976
-29.0276  0.000369535
-29.008  0.000372163
-28.9884  0.000374858
-28.9688  0.000377615
-28.9492  0.000380437
-28.9296  0.000383298
-28.91  0.000386206
-28.8904  0.000389157
-28.8708  0.000392144
-28.8512  0.000395155
-28.8316  0.00039819
-28.812  0.000401238
-28.7924  0.000404296
-28.7728  0.000407358
-28.7532  0.000410421
-28.7336  0.000413475
-28.714  0.000416512
-28.6944  0.000419523
-28.6748  0.000422509
-28.6552  0.000425456
-28.6356  0.000428364
-28.616  0.000431218
-28.5964  0.000434023
-28.5768  0.000436764
-28.5572  0.000439432
-28.5376  0.000442023
-28.518  0.000444527
-28.4984  0.000446947
-28.4788  0.000449268
-28.4592  0.000451485
-28.4396  0.000453592
-28.42  0.000455583
-28.4004  0.000457446
-28.3808  0.000459176
-28.3612  0.00046078
-28.3416  0.000462236
-28.322  0.000463538
-28.3024  0.00046469
-28.2828  0.00046568
-28.2632  0.000466496
-28.2436  0.00046715
-28.224  0.000467627
-28.2044  0.000467915
-28.1848  0.000468021
-28.1652  0.000467933
-28.1456  0.000467645
-28.126  0.000467153
-28.1064  0.000466466
-28.0868  0.000465563
-28.0672  0.000464455
-28.0476  0.000463122
-28.028  0.000461586
-28.0084  0.000459818
-27.9888  0.000457838
-27.9692  0.000455631
-27.9496  0.000453193
-27.93  0.000450534
-27.9104  0.00044765
-27.8908  0.00044454
-27.8712  0.000441197
-27.8516  0.000437633
-27.832  0.000433845
-27.8124  0.000429827
-27.7928  0.000425591
-27.7732  0.000421137
-27.7536  0.000416463
-27.734  0.000411572
-27.7144  0.000406477
-27.6948  0.000401165
-27.6752  0.000395652
-27.6556  0.00038994
-27.636  0.000384034
-27.6164  0.000377937
-27.5968  0.000371657
-27.5772  0.0003652
-27.5576  0.000358569
-27.538  0.00035177
-27.5184  0.00034482
-27.4988  0.000337718
-27.4792  0.000330469
-27.4596  0.000323092
-27.44  0.000315586
-27.4204  0.000307963
-27.4008  0.000300223
-27.3812  0.000292393
-27.3616  0.000284469
-27.342  0.000276463
-27.3224  0.000268387
-27.3028  0.000260255
-27.2832  0.000252072
-27.2636  0.000243845
-27.244  0.000235592
-27.2244  0.000227319
-27.2048  0.000219041
-27.1852  0.000210765
-27.1656  0.000202509
-27.146  0.00019427
-27.1264  0.000186072
-27.1068  0.000177922
-27.0872  0.000169836
-27.0676  0.000161817
-27.048  0.000153879
-27.0284  0.000146036
-27.0088  0.000138295
-26.9892  0.000130677
-26.9696  0.000123176
-26.95  0.000115813
-26.9304  0.000108599
-26.9108  0.000101544
-26.8912  9.46528e-05
-26.8716  8.79416e-05
-26.852  8.1415e-05
-26.8324  7.50851e-05
-26.8128  6.8961e-05
-26.7932  6.30532e-05
-26.7736  5.73687e-05
-26.754  5.19133e-05
-26.7344  4.66967e-05
-26.7148  4.1727e-05
-26.6952  3.70098e-05
-26.6756  3.2554e-05
-26.656  2.83638e-05
-26.6364  2.44476e-05
-26.6168  2.0809e-05
-26.5972  1.74525e-05
-26.5776  1.43847e-05
-26.558  1.16073e-05
-26.5384  9.12658e-06
-26.5188  6.94445e-06
-26.4992  5.06416e-06
-26.4796  3.48757e-06
-26.46  2.21667e-06
-26.4404  1.25283e-06
-26.4208  5.96738e-07
-26.4012  2.49353e-07
-26.3816  2.09741e-07
-26.362  4.77733e-07
-26.3424  1.05204e-06
-26.3228  1.93135e-06
-26.3032  3.11362e-06
-26.2836  4.59613e-06
-26.264  6.37523e-06
-26.2444  8.44879e-06
-26.2248  1.08123e-05
-26.2052  1.34606e-05
-26.1856  1.6391e-05
-26.166  1.95971e-05
-26.1464  2.30716e-05
-26.1268  2.68119e-05
-26.1072  3.08089e-05
-26.0876  3.50584e-05
-26.068  3.95479e-05
-26.0484  4.42763e-05
-26.0288  4.92324e-05
-26.0092  5.44078e-05
-25.9896  5.9798e-05
-25.97  6.53899e-05
-25.9504  7.1176e-05
-25.9308  7.71454e-05
-25.9112  8.32953e-05
-25.8916  8.96076e-05
-25.872  9.60762e-05
-25.8524  0.000102695
-25.8328  0.000109445
-25.8132  0.000116323
-25.7936  0.000123319
-25.774  0.000130418
-25.7544  0.000137609
-25.7348  0.000144891
-25.7152  0.000152244
-25.6956  0.000159661
-25.676  0.000167129
-25.6564  0.000174641
-25.6368  0.000182185
-25.6172  0.00018975
-25.5976  0.000197331
-25.578  0.000204911
-25.5584  0.00021248
-25.5388  0.000220032
-25.5192  0.00022756
-25.4996  0.000235044
-25.48  0.000242485
-25.4604  0.000249871
-25.4408  0.000257199
-25.4212  0.000264443
-25.4016  0.000271615
-25.382  0.000278697
-25.3624  0.000285683
-25.3428  0.000292557
-25.3232  0.000299326
-25.3036  0.000305981
-25.284  0.000312509
-25.2644  0.000318908
-25.2448  0.00032517
-25.2252  0.000331294
-25.2056  0.000337264
-25.186  0.000343096
-25.1664  0.000348769
-25.1468  0.000354279
-25.1272  0.000359629
-25.1076  0.000364819
-25.088  0.000369837
-25.0684  0.000374686
-25.0488  0.000379367
-25.0292  0.000383863
-25.0096  0.000388195
-24.99  0.000392349
-24.9704  0.000396327
-24.9508  0.000400124
-24.9312  0.000403754
-24.9116  0.000407201
-24.892  0.000410479
-24.8724  0.000413586
-24.8528  0.000416516
-24.8332  0.000419275
-24.8136  0.000421866
-24.794  0.000424298
-24.7744  0.000426564
-24.7548  0.000428668
-24.7352  0.000430624
-24.7156  0.000432419
-24.696  0.000434069
-24.6764  0.000435575
-24.6568  0.000436938
-24.6372  0.000438165
-24.6176  0.000439256
-24.598  0.000440225
-24.5784  0.000441068
-24.5588  0.000441791
-24.5392  0.000442408
-24.5196  0.000442911
-24.5  0.000443312
-24.4804  0.000443616
-24.4608  0.000443827
-24.4412  0.000443946
-24.4216  0.00044399
-24.402  0.000443955
-24.3824  0.000443847
-24.3628  0.000443678
-24.3432  0.000443444
-24.3236  0.000443156
-24.304  0.000442815
-24.2844  0.00044243
-24.2648  0.000442009
-24.2452  0.000441545
-24.2256  0.000441059
-24.206  0.000440543
-24.1864  0.000440003
-24.1668  0.00043945
-24.1472  0.000438887
-24.1276  0.000438313
-24.108  0.00043773
-24.0884  0.000437147
-24.0688  0.000436575
-24.0492  0.000435999
-24.0296  0.000435445
-24.01  0.000434898
-23.9904  0.000434367
-23.9708  0.000433854
-23.9512  0.000433371
-23.9316  0.000432903
-23.912  0.000432465
-23.8924  0.000432057
-23.8728  0.000431673
-23.8532  0.000431328
-23.8336  0.000431022
-23.814  0.000430742
-23.7944  0.000430498
-23.7748  0.000430302
-23.7552  0.000430138
-23.7356  0.000430015
-23.716  0.000429933
-23.6964  0.000429894
-23.6768  0.000429891
-23.6572  0.000429934
-23.6376  0.000430027
-23.618  0.00043015
-23.5984  0.00043032
-23.5788  0.000430528
-23.5592  0.000430787
-23.5396  0.000431079
-23.52  0.000431417
-23.5004  0.000431798
-23.4808  0.000432225
-23.4612  0.000432686
-23.4416  0.000433192
-23.422  0.000433736
-23.4024  0.000434325
-23.3828  0.000434943
-23.3632  0.000435609
-23.3436  0.000436314
-23.324  0.000437059
-23.3044  0.000437841
-23.2848  0.000438666
-23.2652  0.000439528
-23.2456  0.000440427
-23.226  0.000441372
-23.2064  0.000442356
-23.1868  0.000443373
-23.1672  0.000444439
-23.1476  0.000445551
-23.128  0.000446695
-23.1084  0.000447888
-23.0888  0.000449126
-23.0692  0.000450408
-23.0496  0.000451742
-23.03  0.00045312
-23.0104  0.000454549
-22.9908  0.00045603
-22.9712  0.000457573
-22.9516  0.000459162
-22.932  0.000460817
-22.9124  0.000462536
-22.8928  0.00046431
-22.8732  0.000466152
-22.8536  0.000468067
-22.834  0.000470053
-22.8144  0.000472116
-22.7948  0.000474249
-22.7752  0.000476474
-22.7556  0.000478776
-22.736  0.000481173
-22.7164  0.000483661
-22.6968  0.000486245
-22.6772  0.000488928
-22.6576  0.00049171
-22.638  0.000494604
-22.6184  0.000497611
-22.5988  0.000500724
-22.5792  0.000503969
-22.5596  0.00050733
-22.54  0.000510817
-22.5204  0.000514436
-22.5008  0.000518189
-22.4812  0.000522078
-22.4616  0.000526114
-22.442  0.000530292
-22.4224  0.000534617
-22.4028  0.000539101
-22.3832  0.000543735
-22.3636  0.000548531
-22.344  0.00055349
-22.3244  0.000558609
-22.3048  0.000563904
-22.2852  0.000569359
-22.2656  0.000574996
-22.246  0.000580799
-22.2264  0.000586784
-22.2068  0.000592939
-22.1872  0.000599282
-22.1676  0.000605798
-22.148  0.000612494
-22.1284  0.000619372
-22.1088  0.000626432
-22.0892  0.000633666
-22.0696  0.000641091
-22.05  0.00064869
-22.0304  0.000656469
-22.0108  0.000664421
-21.9912  0.000672548
-21.9716  0.000680842
-21.952  0.000689312
-21.9324  0.000697948
-21.9128  0.000706738
-21.8932  0.00071569
-21.8736  0.000724809
-21.854  0.000734061
-21.8344  0.000743465
-21.8148  0.000753011
-21.7952  0.000762687
-21.7756  0.00077249
-21.756  0.00078242
-21.7364  0.000792464
-21.7168  0.000802612
-21.6972  0.000812861
-21.6776  0.000823211
-21.658  0.000833632
-21.6384  0.000844139
-21.6188  0.000854709
-21.5992  0.000865337
-21.5796  0.00087601
-21.56  0.000886727
-21.5404  0.000897476
-21.5208  0.00090825
-21.5012  0.00091903
-21.4816  0.000929807
-21.462  0.00094057
-21.4424  0.000951322
-21.4228  0.000962028
-21.4032  0.000972698
-21.3836  0.000983315
-21.364  0.000993862
-21.3444  0.00100433
-21.3248  0.00101472
-21.3052  0.00102501
-21.2856  0.00103518
-21.266  0.00104524
-21.2464  0.00105517
-21.2268  0.00106494
-21.2072  0.00107457
-21.1876  0.00108404
-21.168  0.00109332
-21.1484  0.00110242
-21.1288  0.00111133
-21.1092  0.00112004
-21.0896  0.00112852
-21.07  0.00113678
-21.0504  0.0011448
-21.0308  0.00115258
-21.0112  0.00116012
-20.9916  0.0011674
-20.972  0.0011744
-20.9524  0.00118114
-20.9328  0.00118759
-20.9132  0.00119375
-20.8936  0.00119963
-20.874  0.00120519
-20.8544  0.00121046
-20.8348  0.0012154
-20.8152  0.00122005
-20.7956  0.00122436
-20.776  0.00122836
-20.7564  0.00123203
-20.7368  0.00123537
-20.7172  0.00123839
-20.6976  0.00124107
-20.678  0.00124343
-20.6584  0.00124546
-20.6388  0.00124714
-20.6192  0.00124851
-20.5996  0.00124954
-20.58  0.00125025
-20.5604  0.00125063
-20.5408  0.00125069
-20.5212  0.00125043
-20.5016  0.00124986
-20.482  0.00124897
-20.4624  0.00124778
-20.4428  0.00124629
-20.4232  0.0012445
-20.4036  0.00124244
-20.384  0.00124009
-20.3644  0.00123745
-20.3448  0.00123457
-20.3252  0.00123141
-20.3056  0.00122801
-20.286  0.00122435
-20.2664  0.00122048
-20.2468  0.00121637
-20.2272  0.00121206
-20.2076  0.00120752
-20.188  0.0012028
-20.1684  0.0011979
-20.1488  0.00119281
-20.1292  0.00118756
-20.1096  0.00118216
-20.09  0.00117661
-20.0704  0.00117094
-20.0508  0.00116514
-20.0312  0.00115921
-20.0116  0.00115319
-19.992  0.00114709
-19.9724  0.0011409
-19.9528  0.00113464
-19.9332  0.00112831
-19.9136  0.00112195
-19.894  0.00111553
-19.8744  0.0011091
-19.8548  0.00110264
-19.8352  0.00109616
-19.8156  0.00108969
-19.796  0.00108323
-19.7764  0.00107678
-19.7568  0.00107035
-19.7372  0.00106396
-19.7176  0.0010576
-19.698  0.00105129
-19.6784  0.00104504
-19.6588  0.00103884
-19.6392  0.00103271
-19.6196  0.00102664
-19.6  0.00102065
-19.5804  0.00101474
-19.5608  0.00100892
-19.5412  0.00100318
-19.5216  0.000997528
-19.502  0.000991966
-19.4824  0.000986507
-19.4628  0.000981137
-19.4432  0.000975868
-19.4236  0.000970696
-19.404  0.000965612
-19.3844  0.000960631
-19.3648  0.000955746
-19.3452  0.000950959
-19.3256  0.00094626
-19.306  0.000941647
-19.2864  0.000937128
-19.2668  0.000932683
-19.2472  0.000928334
-19.2276  0.000924054
-19.208  0.000919832
-19.1884  0.000915685
-19.1688  0.000911597
-19.1492  0.000907571
-19.1296  0.000903591
-19.11  0.000899648
-19.0904  0.000895738
-19.0708  0.000891872
-19.0512  0.000888019
-19.0316  0.000884182
-19.012  0.000880354
-18.9924  0.000876534
-18.9728  0.0008727
-18.9532  0.000868851
-18.9336  0.000864982
-18.914  0.000861077
-18.8944  0.000857141
-18.8748  0.000853158
-18.8552  0.000849125
-18.8356  0.000845024
-18.816  0.000840853
-18.7964  0.000836612
-18.7768  0.000832283
-18.7572  0.00082787
-18.7376  0.000823351
-18.718  0.00081874
-18.6984  0.000814017
-18.6788  0.000809168
-18.6592  0.000804212
-18.6396  0.000799126
-18.62  0.000793911
-18.6004  0.000788556
-18.5808  0.000783066
-18.5612  0.000777439
-18.5416  0.000771657
-18.522  0.000765732
-18.5024  0.000759657
-18.4828  0.000753426
-18.4632  0.000747047
-18.4436  0.000740523
-18.424  0.000733846
-18.4044  0.000727012
-18.3848  0.00072003
-18.3652  0.0007129
-18.3456  0.000705629
-18.326  0.000698207
-18.3064  0.000690665
-18.2868  0.000682972
-18.2672  0.000675161
-18.2476  0.000667216
-18.228  0.000659166
-18.2084  0.000651004
-18.1888  0.000642732
-18.1692  0.000634365
-18.1496  0.000625926
-18.13  0.0006174
-18.1104  0.000608811
-18.0908  0.000600166
-18.0712  0.000591466
-18.0516  0.000582729
-18.032  0.000573978
-18.0124  0.000565205
-17.9928  0.000556434
-17.9732  0.000547675
-17.9536  0.00053894
-17.934  0.000530238
-17.9144  0.000521593
-17.8948  0.000513009
-17.8752  0.000504501
-17.8556  0.000496089
-17.836  0.000487781
-17.8164  0.000479598
-17.7968  0.000471545
-17.7772  0.000463644
-17.7576  0.0004559
-17.738  0.000448336
-17.7184  0.000440965
-17.6988  0.000433802
-17.6792  0.000426854
-17.6596  0.000420134
-17.64  0.000413668
-17.6204  0.000407452
-17.6008  0.000401512
-17.5812  0.000395858
-17.5616  0.000390493
-17.542  0.000385436
-17.5224  0.000380699
-17.5028  0.000376289
-17.4832  0.000372219
-17.4636  0.000368494
-17.444  0.000365118
-17.4244  0.000362113
-17.4048  0.000359476
-17.3852  0.000357221
-17.3656  0.000355344
-17.346  0.000353857
-17.3264  0.000352764
-17.3068  0.000352064
-17.2872  0.00035177
-17.2676  0.000351872
-17.248  0.000352373
-17.2284  0.000353273
-17.2088  0.000354581
-17.1892  0.000356287
-17.1696  0.000358389
-17.15  0.000360885
-17.1304  0.000363767
-17.1108  0.000367036
-17.0912  0.000370681
-17.0716  0.000374696
-17.052  0.000379075
-17.0324  0.00038381
-17.0128  0.000388889
-16.9932  0.000394299
-16.9736  0.000400032
-16.954  0.000406069
-16.9344  0.00041241
-16.9148  0.000419033
-16.8952  0.000425923
-16.8756  0.000433066
-16.856  0.000440443
-16.8364  0.000448042
-16.8168  0.000455841
-16.7972  0.00046383
-16.7776  0.000471987
-16.758  0.00048029
-16.7384  0.000488719
-16.7188  0.000497256
-16.6992  0.000505878
-16.6796  0.000514571
-16.66  0.000523312
-16.6404  0.000532072
-16.6208  0.000540837
-16.6012  0.000549583
-16.5816  0.000558295
-16.562  0.00056694
-16.5424  0.000575497
-16.5228  0.000583951
-16.5032  0.000592276
-16.4836  0.000600459
-16.464  0.000608466
-16.4444  0.000616288
-16.4248  0.000623892
-16.4052  0.000631263
-16.3856  0.000638375
-16.366  0.000645221
-16.3464  0.000651776
-16.3268  0.000658021
-16.3072  0.000663937
-16.2876  0.000669506
-16.268  0.000674705
-16.2484  0.000679536
-16.2288  0.000683974
-16.2092  0.000688008
-16.1896  0.000691612
-16.17  0.00069479
-16.1504  0.000697517
-16.1308  0.000699789
-16.1112  0.000701598
-16.0916  0.000702931
-16.072  0.000703791
-16.0524  0.00070416
-16.0328  0.000704032
-16.0132  0.000703401
-15.9936  0.000702278
-15.974  0.00070065
-15.9544  0.000698517
-15.9348  0.000695886
-15.9152  0.000692748
-15.8956  0.000689115
-15.876  0.000684986
-15.8564  0.000680374
-15.8368  0.000675273
-15.8172  0.000669691
-15.7976  0.000663644
-15.778  0.000657143
-15.7584  0.000650195
-15.7388  0.000642814
-15.7192  0.000635004
-15.6996  0.000626788
-15.68  0.000618188
-15.6604  0.000609196
-15.6408  0.000599853
-15.6212  0.000590167
-15.6016  0.000580149
-15.582  0.000569837
-15.5624  0.000559236
-15.5428  0.000548377
-15.5232  0.000537274
-15.5036  0.000525952
-15.484  0.000514433
-15.4644  0.000502741
-15.4448  0.000490901
-15.4252  0.000478939
-15.4056  0.000466879
-15.386  0.000454744
-15.3664  0.000442558
-15.3468  0.000430352
-15.3272  0.000418145
-15.3076  0.000405969
-15.288  0.000393845
-15.2684  0.000381793
-15.2488  0.000369854
-15.2292  0.000358042
-15.2096  0.000346383
-15.19  0.000334906
-15.1704  0.00032363
-15.1508  0.000312583
-15.1312  0.000301784
-15.1116  0.000291256
-15.092  0.000281029
-15.0724  0.000271118
-15.0528  0.000261542
-15.0332  0.000252324
-15.0136  0.00024348
-14.994  0.000235032
-14.9744  0.000226992
-14.9548  0.000219385
-14.9352  0.000212214
-14.9156  0.000205503
-14.896  0.000199257
-14.8764  0.000193496
-14.8568  0.000188225
-14.8372  0.000183457
-14.8176  0.000179199
-14.798  0.000175456
-14.7784  0.000172235
-14.7588  0.000169535
-14.7392  0.000167368
-14.7196  0.000165731
-14.7  0.000164626
-14.6804  0.000164048
-14.6608  0.000163997
-14.6412  0.000164472
-14.6216  0.000165463
-14.602  0.000166967
-14.5824  0.000168976
-14.5628  0.000171475
-14.5432  0.000174465
-14.5236  0.000177925
-14.504  0.000181845
-14.4844  0.000186212
-14.4648  0.000191011
-14.4452  0.000196227
-14.4256  0.000201837
-14.406  0.000207827
-14.3864  0.000214175
-14.3668  0.000220864
-14.3472  0.000227869
-14.3276  0.000235171
-14.308  0.000242752
-14.2884  0.000250574
-14.2688  0.000258623
-14.2492  0.000266871
-14.2296  0.000275297
-14.21  0.000283869
-14.1904  0.000292565
-14.1708  0.000301357
-14.1512  0.000310213
-14.1316  0.000319111
-14.112  0.000328023
-14.0924  0.000336917
-14.0728  0.000345772
-14.0532  0.000354563
-14.0336  0.00036325
-14.014  0.000371817
-13.9944  0.000380236
-13.9748  0.000388473
-13.9552  0.000396512
-13.9356  0.000404324
-13.916  0.000411882
-13.8964  0.000419158
-13.8768  0.000426135
-13.8572  0.000432794
-13.8376  0.000439104
-13.818  0.000445044
-13.7984  0.000450596
-13.7788  0.000455751
-13.7592  0.000460479
-13.7396  0.000464767
-13.72  0.000468593
-13.7004  0.000471948
-13.6808  0.000474824
-13.6612  0.000477202
-13.6416  0.000479077
-13.622  0.000480426
-13.6024  0.000481251
-13.5828  0.000481549
-13.5632  0.000481314
-13.5436  0.000480534
-13.524  0.00047921
-13.5044  0.000477348
-13.4848  0.000474945
-13.4652  0.000472001
-13.4456  0.000468516
-13.426  0.000464505
-13.4064  0.000459969
-13.3868  0.000454911
-13.3672  0.000449355
-13.3476  0.000443298
-13.328  0.000436754
-13.3084  0.000429746
-13.2888  0.000422281
-13.2692  0.000414378
-13.2496  0.000406056
-13.23  0.000397334
-13.2104  0.000388227
-13.1908  0.000378763
-13.1712  0.000368954
-13.1516  0.000358829
-13.132  0.000348414
-13.1124  0.000337739
-13.0928  0.000326818
-13.0732  0.00031568
-13.0536  0.000304359
-13.034  0.000292875
-13.0144  0.000281263
-12.9948  0.000269548
-12.9752  0.000257762
-12.9556  0.000245931
-12.936  0.000234086
-12.9164  0.000222257
-12.8968  0.000210475
-12.8772  0.000198773
-12.8576  0.000187172
-12.838  0.00017571
-12.8184  0.000164414
-12.7988  0.000153308
-12.7792  0.000142428
-12.7596  0.000131797
-12.74  0.000121448
-12.7204  0.000111405
-12.7008  0.000101692
-12.6812  9.23372e-05
-12.6616  8.33626e-05
-12.642  7.47969e-05
-12.6224  6.6659e-05
-12.6028  5.89693e-05
-12.5832  5.17523e-05
-12.5636  4.50232e-05
-12.544  3.88011e-05
-12.5244  3.31031e-05
-12.5048  2.79448e-05
-12.4852  2.33408e-05
-12.4656  1.93012e-05
-12.446  1.5839e-05
-12.4264  1.29618e-05
-12.4068  1.06795e-05
-12.3872  8.99709e-06
-12.3676  7.92047e-06
-12.348  7.45166e-06
-12.3284  7.59157e-06
-12.3088  8.34229e-06
-12.2892  9.70041e-06
-12.2696  1.16621e-05
-12.25  1.4223e-05
-12.2304  1.7376e-05
-12.2108  2.11135e-05
-12.1912  2.54252e-05
-12.1716  3.02984e-05
-12.152  3.57232e-05
-12.1324  4.16831e-05
-12.1128  4.81591e-05
-12.0932  5.51368e-05
-12.0736  6.25981e-05
-12.054  7.05205e-05
-12.0344  7.88828e-05
-12.0148  8.76636e-05
-11.9952  9.68362e-05
-11.9756  0.000106376
-11.956  0.000116263
-11.9364  0.000126462
-11.9168  0.000136947
-11.8972  0.000147688
-11.8776  0.000158656
-11.858  0.000169827
-11.8384  0.000181162
-11.8188  0.000192629
-11.7992  0.000204199
-11.7796  0.000215837
-11.76  0.00022752
-11.7404  0.000239202
-11.7208  0.000250855
-11.7012  0.000262447
-11.6816  0.000273944
-11.662  0.000285319
-11.6424  0.000296537
-11.6228  0.000307558
-11.6032  0.000318358
-11.5836  0.000328906
-11.564  0.000339173
-11.5444  0.000349121
-11.5248  0.000358728
-11.5052  0.000367968
-11.4856  0.00037681
-11.466  0.000385233
-11.4464  0.000393203
-11.4268  0.000400708
-11.4072  0.000407716
-11.3876  0.000414215
-11.368  0.000420182
-11.3484  0.000425595
-11.3288  0.00043044
-11.3092  0.000434706
-11.2896  0.000438376
-11.27  0.000441435
-11.2504  0.000443881
-11.2308  0.000445698
-11.2112  0.000446888
-11.1916  0.000447443
-11.172  0.000447359
-11.1524  0.000446635
-11.1328  0.000445269
-11.1132  0.000443271
-11.0936  0.000440641
-11.074  0.000437391
-11.0544  0.000433516
-11.0348  0.000429044
-11.0152  0.000423966
-10.9956  0.000418314
-10.976  0.000412095
-10.9564  0.000405329
-10.9368  0.000398029
-10.9172  0.000390217
-10.8976  0.000381923
-10.878  0.000373159
-10.8584  0.000363952
-10.8388  0.000354337
-10.8192  0.000344331
-10.7996  0.000333969
-10.78  0.000323275
-10.7604  0.000312282
-10.7408  0.00030102
-10.7212  0.000289527
-10.7016  0.000277836
-10.682  0.000265973
-10.6624  0.000253976
-10.6428  0.000241884
-10.6232  0.000229729
-10.6036  0.000217548
-10.584  0.000205377
-10.5644  0.000193254
-10.5448  0.000181213
-10.5252  0.000169289
-10.5056  0.000157517
-10.486  0.000145938
-10.4664  0.000134581
-10.4468  0.000123482
-10.4272  0.000112678
-10.4076  0.000102198
-10.388  9.20768e-05
-10.3684  8.23439e-05
-10.3488  7.30337e-05
-10.3292  6.41708e-05
-10.3096  5.57821e-05
-10.29  4.78999e-05
-10.2704  4.05444e-05
-10.2508  3.37424e-05
-10.2312  2.75157e-05
-10.2116  2.18822e-05
-10.192  1.68648e-05
-10.1724  1.24787e-05
-10.1528  8.73761e-06
-10.1332  5.6564e-06
-10.1136  3.24735e-06
-10.094  1.51901e-06
-10.0744  4.79588e-07
-10.0548  1.34122e-07
-10.0352  4.86447e-07
-10.0156  1.53793e-06
-9.996  3.28703e-06
-9.9764  5.73222e-06
-9.9568  8.8681e-06
-9.9372  1.2688e-05
-9.9176  1.71827e-05
-9.898  2.23394e-05
-9.8784  2.81473e-05
-9.8588  3.45903e-05
-9.8392  4.16511e-05
-9.8196  4.93128e-05
-9.8  5.75489e-05
-9.7804  6.63425e-05
-9.7608  7.56665e-05
-9.7412  8.54968e-05
-9.7216  9.58011e-05
-9.702  0.000106552
-9.6824  0.000117718
-9.6628  0.000129272
-9.6432  0.000141175
-9.6236  0.000153394
-9.604  0.000165894
-9.5844  0.00017864
-9.5648  0.000191591
-9.5452  0.000204709
-9.5256  0.000217962
-9.506  0.000231301
-9.4864  0.000244698
-9.4668  0.000258104
-9.4472  0.000271487
-9.4276  0.000284799
-9.408  0.000298007
-9.3884  0.000311072
-9.3688  0.000323959
-9.3492  0.000336624
-9.3296  0.000349035
-9.31  0.000361159
-9.2904  0.000372958
-9.2708  0.000384401
-9.2512  0.000395454
-9.2316  0.000406094
-9.212  0.000416286
-9.1924  0.000426008
-9.1728  0.000435242
-9.1532  0.000443961
-9.1336  0.000452146
-9.114  0.00045978
-9.0944  0.000466861
-9.0748  0.000473361
-9.0552  0.000479295
-9.0356  0.00048464
-9.016  0.000489406
-8.9964  0.000493592
-8.9768  0.000497209
-8.9572  0.000500268
-8.9376  0.00050278
-8.918  0.000504765
-8.8984  0.000506253
-8.8788  0.000507261
-8.8592  0.000507826
-8.8396  0.000507981
-8.82  0.000507774
-8.8004  0.000507248
-8.7808  0.000506462
-8.7612  0.000505457
-8.7416  0.0005043
-8.722  0.000503063
-8.7024  0.000501821
-8.6828  0.000500641
-8.6632  0.000499611
-8.6436  0.000498822
-8.624  0.000498368
-8.6044  0.00049835
-8.5848  0.000498871
-8.5652  0.000500045
-8.5456  0.000502003
-8.526  0.000504847
-8.5064  0.000508731
-8.4868  0.000513783
-8.4672  0.000520144
-8.4476  0.000527972
-8.428  0.000537427
-8.4084  0.000548671
-8.3888  0.000561873
-8.3692  0.000577221
-8.3496  0.000594898
-8.33  0.000615088
-8.3104  0.000638009
-8.2908  0.000663866
-8.2712  0.000692874
-8.2516  0.000725259
-8.232  0.000761256
-8.2124  0.00080111
-8.1928  0.000845071
-8.1732  0.000893393
-8.1536  0.000946353
-8.134  0.00100422
-8.1144  0.0010673
-8.0948  0.00113587
-8.0752  0.00121027
-8.0556  0.00129078
-8.036  0.00137775
-8.0164  0.00147152
-7.9968  0.00157245
-7.9772  0.00168089
-7.9576  0.00179722
-7.938  0.00192184
-7.9184  0.00205515
-7.8988  0.00219756
-7.8792  0.0023495
-7.8596  0.00251142
-7.84  0.0026838
-7.8204  0.00286711
-7.8008  0.00306181
-7.7812  0.00326846
-7.7616  0.00348758
-7.742  0.0037197
-7.7224  0.00396541
-7.7028  0.00422529
-7.6832  0.00449995
-7.6636  0.00479003
-7.644  0.00509618
-7.6244  0.00541911
-7.6048  0.00575949
-7.5852  0.00611807
-7.5656  0.00649561
-7.546  0.00689292
-7.5264  0.0073108
-7.5068  0.00775011
-7.4872  0.0082117
-7.4676  0.00869656
-7.448  0.00920562
-7.4284  0.00973986
-7.4088  0.0103003
-7.3892  0.010888
-7.3696  0.0115042
-7.35  0.0121499
-7.3304  0.0128264
-7.3108  0.0135348
-7.2912  0.0142767
-7.2716  0.0150532
-7.252  0.0158658
-7.2324  0.0167161
-7.2128  0.0176054
-7.1932  0.0185353
-7.1736  0.0195077
-7.154  0.0205241
-7.1344  0.0215863
-7.1148  0.0226963
-7.0952  0.0238559
-7.0756  0.0250673
-7.056  0.0263323
-7.0364  0.0276533
-7.0168  0.0290326
-6.9972  0.0304725
-6.9776  0.0319754
-6.958  0.0335439
-6.9384  0.0351807
-6.9188  0.0368886
-6.8992  0.0386704
-6.8796  0.0405291
-6.86  0.0424679
-6.8404  0.0444899
-6.8208  0.0465987
-6.8012  0.0487975
-6.7816  0.0510902
-6.762  0.0534805
-6.7424  0.0559723
-6.7228  0.0585697
-6.7032  0.061277
-6.6836  0.0640987
-6.664  0.0670393
-6.6444  0.0701035
-6.6248  0.0732964
-6.6052  0.0766231
-6.5856  0.080089
-6.566  0.0836995
-6.5464  0.0874606
-6.5268  0.0913781
-6.5072  0.0954583
-6.4876  0.0997078
-6.468  0.104133
-6.4484  0.108741
-6.4288  0.113539
-6.4092  0.118535
-6.3896  0.123736
-6.37  0.129151
-6.3504  0.134787
-6.3308  0.140654
-6.3112  0.14676
-6.2916  0.153114
-6.272  0.159728
-6.2524  0.166609
-6.2328  0.17377
-6.2132  0.181219
-6.1936  0.18897
-6.174  0.197032
-6.1544  0.205419
-6.1348  0.214143
-6.1152  0.223215
-6.0956  0.23265
-6.076  0.242462
-6.0564  0.252663
-6.0368  0.26327
-6.0172  0.274297
-5.9976  0.28576
-5.978  0.297676
-5.9584  0.31006
-5.9388  0.322931
-5.9192  0.336305
-5.8996  0.350203
-5.88  0.364642
-5.8604  0.379643
-5.8408  0.395226
-5.8212  0.411413
-5.8016  0.428224
-5.782  0.445682
-5.7624  0.463811
-5.7428  0.482635
-5.7232  0.502177
-5.7036  0.522464
-5.684  0.543522
-5.6644  0.565377
-5.6448  0.588058
-5.6252  0.611593
-5.6056  0.636012
-5.586  0.661345
-5.5664  0.687624
-5.5468  0.714881
-5.5272  0.743149
-5.5076  0.772463
-5.488  0.802857
-5.4684  0.834368
-5.4488  0.867033
-5.4292  0.90089
-5.4096  0.935979
-5.39  0.97234
-5.3704  1.01002
-5.3508  1.04905
-5.3312  1.08948
-5.3116  1.13135
-5.292  1.17472
-5.2724  1.21963
-5.2528  1.26613
-5.2332  1.31426
-5.2136  1.36408
-5.194  1.41564
-5.1744  1.469
-5.1548  1.52421
-5.1352  1.58132
-5.1156  1.6404
-5.096  1.7015
-5.0764  1.76469
-5.0568  1.83002
-5.0372  1.89757
-5.0176  1.96738
-4.998  2.03954
-4.9784  2.11411
-4.9588  2.19116
-4.9392  2.27076
-4.9196  2.35298
-4.9  2.43789
-4.8804  2.52558
-4.8608  2.61611
-4.8412  2.70957
-4.8216  2.80604
-4.802  2.9056
-4.7824  3.00833
-4.7628  3.11432
-4.7432  3.22365
-4.7236  3.33642
-4.704  3.4527
-4.6844  3.5726
-4.6648  3.69621
-4.6452  3.82362
-4.6256  3.95492
-4.606  4.09022
-4.5864  4.22962
-4.5668  4.37321
-4.5472  4.52109
-4.5276  4.67338
-4.508  4.83018
-4.4884  4.99159
-4.4688  5.15772
-4.4492  5.32869
-4.4296  5.50461
-4.41  5.68558
-4.3904  5.87172
-4.3708  6.06316
-4.3512  6.26
-4.3316  6.46237
-4.312  6.67038
-4.2924  6.88416
-4.2728  7.10383
-4.2532  7.32952
-4.2336  7.56134
-4.214  7.79943
-4.1944  8.04392
-4.1748  8.29492
-4.1552  8.55258
-4.1356  8.81702
-4.116  9.08838
-4.0964  9.36678
-4.0768  9.65236
-4.0572  9.94525
-4.0376  10.2456
-4.018  10.5535
-3.9984  10.8692
-3.9788  11.1927
-3.9592  11.5242
-3.9396  11.8638
-3.92  12.2117
-3.9004  12.568
-3.8808  12.9328
-3.8612  13.3064
-3.8416  13.6887
-3.822  14.0801
-3.8024  14.4805
-3.7828  14.8901
-3.7632  15.3092
-3.7436  15.7377
-3.724  16.1759
-3.7044  16.6238
-3.6848  17.0817
-3.6652  17.5497
-3.6456  18.0278
-3.626  18.5162
-3.6064  19.0151
-3.5868  19.5246
-3.5672  20.0448
-3.5476  20.5758
-3.528  21.1178
-3.5084  21.6709
-3.4888  22.2352
-3.4692  22.8108
-3.4496  23.3979
-3.43  23.9965
-3.4104  24.6068
-3.3908  25.2289
-3.3712  25.8629
-3.3516  26.509
-3.332  27.1671
-3.3124  27.8374
-3.2928  28.5201
-3.2732  29.2151
-3.2536  29.9227
-3.234  30.6428
-3.2144  31.3757
-3.1948  32.1212
-3.1752  32.8796
-3.1556  33.6509
-3.136  34.4352
-3.1164  35.2325
-3.0968  36.0429
-3.0772  36.8665
-3.0576  37.7032
-3.038  38.5533
-3.0184  39.4166
-2.9988  40.2933
-2.9792  41.1833
-2.9596  42.0868
-2.94  43.0036
-2.9204  43.9339
-2.9008  44.8777
-2.8812  45.8349
-2.8616  46.8056
-2.842  47.7897
-2.8224  48.7872
-2.8028  49.7982
-2.7832  50.8226
-2.7636  51.8604
-2.744  52.9114
-2.7244  53.9758
-2.7048  55.0535
-2.6852  56.1443
-2.6656  57.2482
-2.646  58.3652
-2.6264  59.4952
-2.6068  60.6381
-2.5872  61.7937
-2.5676  62.9621
-2.548  64.1431
-2.5284  65.3366
-2.5088  66.5425
-2.4892  67.7606
-2.4696  68.9909
-2.45  70.2331
-2.4304  71.4871
-2.4108  72.7528
-2.3912  74.0301
-2.3716  75.3186
-2.352  76.6183
-2.3324  77.929
-2.3128  79.2505
-2.2932  80.5825
-2.2736  81.9249
-2.254  83.2774
-2.2344  84.6399
-2.2148  86.0121
-2.1952  87.3937
-2.1756  88.7845
-2.156  90.1843
-2.1364  91.5927
-2.1168  93.0096
-2.0972  94.4346
-2.0776  95.8674
-2.058  97.3078
-2.0384  98.7555
-2.0188  100.21
-1.9992  101.671
-1.9796  103.139
-1.96  104.613
-1.9404  106.092
-1.9208  107.576
-1.9012  109.066
-1.8816  110.56
-1.862  112.058
-1.8424  113.56
-1.8228  115.066
-1.8032  116.575
-1.7836  118.087
-1.764  119.601
-1.7444  121.117
-1.7248  122.634
-1.7052  124.153
-1.6856  125.672
-1.666  127.191
-1.6464  128.711
-1.6268  130.23
-1.6072  131.748
-1.5876  133.264
-1.568  134.779
-1.5484  136.291
-1.5288  137.801
-1.5092  139.307
-1.4896  140.81
-1.47  142.309
-1.4504  143.803
-1.4308  145.292
-1.4112  146.775
-1.3916  148.253
-1.372  149.724
-1.3524  151.188
-1.3328  152.645
-1.3132  154.094
-1.2936  155.535
-1.274  156.966
-1.2544  158.389
-1.2348  159.801
-1.2152  161.204
-1.1956  162.596
-1.176  163.976
-1.1564  165.345
-1.1368  166.702
-1.1172  168.046
-1.0976  169.377
-1.078  170.694
-1.0584  171.998
-1.0388  173.287
-1.0192  174.561
-0.9996  175.819
-0.98  177.062
-0.9604  178.288
-0.9408  179.498
-0.9212  180.691
-0.9016  181.865
-0.882  183.022
-0.8624  184.16
-0.8428  185.28
-0.8232  186.38
-0.8036  187.46
-0.784  188.52
-0.7644  189.559
-0.7448  190.578
-0.7252  191.575
-0.7056  192.55
-0.686  193.504
-0.6664  194.434
-0.6468  195.342
-0.6272  196.227
-0.6076  197.088
-0.588  197.926
-0.5684  198.739
-0.5488  199.528
-0.5292  200.291
-0.5096  201.03
-0.49  201.743
-0.4704  202.431
-0.4508  203.093
-0.4312  203.728
-0.4116  204.337
-0.392  204.919
-0.3724  205.474
-0.3528  206.002
-0.3332  206.503
-0.3136  206.976
-0.294  207.421
-0.2744  207.838
-0.2548  208.227
-0.2352  208.588
-0.2156  208.921
-0.196  209.225
-0.1764  209.5
-0.1568  209.746
-0.1372  209.964
-0.1176  210.152
-0.098  210.311
-0.0784  210.442
-0.0588  210.543
-0.0392  210.614
-0.0196  210.657
0  210.67
0.0196  210.654
0.0392  210.609
0.0588  210.535
0.0784  210.431
0.098  210.298
0.1176  210.136
0.1372  209.945
0.1568  209.725
0.1764  209.476
0.196  209.198
0.2156  208.892
0.2352  208.557
0.2548  208.193
0.2744  207.802
0.294  207.382
0.3136  206.934
0.3332  206.459
0.3528  205.956
0.3724  205.425
0.392  204.868
0.4116  204.283
0.4312  203.672
0.4508  203.035
0.4704  202.371
0.49  201.681
0.5096  200.966
0.5292  200.225
0.5488  199.459
0.5684  198.668
0.588  197.853
0.6076  197.014
0.6272  196.151
0.6468  195.264
0.6664  194.354
0.686  193.422
0.7056  192.467
0.7252  191.49
0.7448  190.491
0.7644  189.471
0.784  188.43
0.8036  187.369
0.8232  186.287
0.8428  185.186
0.8624  184.065
0.882  182.926
0.9016  181.768
0.9212  180.592
0.9408  179.398
0.9604  178.188
0.98  176.961
0.9996  175.717
1.0192  174.458
1.0388  173.183
1.0584  171.893
1.078  170.589
1.0976  169.271
1.1172  167.94
1.1368  166.595
1.1564  165.238
1.176  163.869
1.1956  162.488
1.2152  161.096
1.2348  159.693
1.2544  158.28
1.274  156.858
1.2936  155.426
1.3132  153.986
1.3328  152.537
1.3524  151.08
1.372  149.616
1.3916  148.145
1.4112  146.668
1.4308  145.185
1.4504  143.697
1.47  142.203
1.4896  140.705
1.5092  139.203
1.5288  137.697
1.5484  136.188
1.568  134.676
1.5876  133.162
1.6072  131.647
1.6268  130.13
1.6464  128.612
1.666  127.093
1.6856  125.574
1.7052  124.056
1.7248  122.539
1.7444  121.022
1.764  119.508
1.7836  117.995
1.8032  116.485
1.8228  114.977
1.8424  113.472
1.862  111.972
1.8816  110.475
1.9012  108.982
1.9208  107.494
1.9404  106.011
1.96  104.533
1.9796  103.061
1.9992  101.595
2.0188  100.135
2.0384  98.6817
2.058  97.2356
2.0776  95.7968
2.0972  94.3655
2.1168  92.9421
2.1364  91.5268
2.156  90.12
2.1756  88.7219
2.1952  87.3327
2.2148  85.9527
2.2344  84.5822
2.254  83.2214
2.2736  81.8705
2.2932  80.5297
2.3128  79.1994
2.3324  77.8796
2.352  76.5705
2.3716  75.2725
2.3912  73.9856
2.4108  72.71
2.4304  71.446
2.45  70.1936
2.4696  68.953
2.4892  67.7244
2.5088  66.5078
2.5284  65.3036
2.548  64.1117
2.5676  62.9322
2.5872  61.7654
2.6068  60.6113
2.6264  59.4699
2.646  58.3415
2.6656  57.226
2.6852  56.1235
2.7048  55.0342
2.7244  53.958
2.744  52.895
2.7636  51.8453
2.7832  50.809
2.8028  49.786
2.8224  48.7763
2.842  47.7801
2.8616  46.7972
2.8812  45.8278
2.9008  44.8719
2.9204  43.9293
2.94  43.0002
2.9596  42.0845
2.9792  41.1822
2.9988  40.2933
3.0184  39.4177
3.038  38.5554
3.0576  37.7064
3.0772  36.8706
3.0968  36.0481
3.1164  35.2386
3.136  34.4422
3.1556  33.6588
3.1752  32.8884
3.1948  32.1308
3.2144  31.386
3.234  30.654
3.2536  29.9346
3.2732  29.2278
3.2928  28.5334
3.3124  27.8514
3.332  27.1817
3.3516  26.5241
3.3712  25.8787
3.3908  25.2452
3.4104  24.6236
3.43  24.0138
3.4496  23.4156
3.4692  22.829
3.4888  22.2538
3.5084  21.6899
3.528  21.1371
3.5476  20.5955
3.5672  20.0647
3.5868  19.5448
3.6064  19.0356
3.626  18.5369
3.6456  18.0487
3.6652  17.5707
3.6848  17.1029
3.7044  16.6452
3.724  16.1973
3.7436  15.7592
3.7632  15.3307
3.7828  14.9117
3.8024  14.5021
3.822  14.1017
3.8416  13.7104
3.8612  13.328
3.8808  12.9544
3.9004  12.5895
3.92  12.2331
3.9396  11.885
3.9592  11.5453
3.9788  11.2137
3.9984  10.89
4.018  10.5742
4.0376  10.2661
4.0572  9.96552
4.0768  9.67241
4.0964  9.38661
4.116  9.10797
4.1356  8.83637
4.1552  8.57167
4.1748  8.31374
4.1944  8.06246
4.214  7.81768
4.2336  7.57929
4.2532  7.34716
4.2728  7.12116
4.2924  6.90117
4.312  6.68706
4.3316  6.47872
4.3512  6.27601
4.3708  6.07882
4.3904  5.88704
4.41  5.70054
4.4296  5.51921
4.4492  5.34293
4.4688  5.1716
4.4884  5.0051
4.508  4.84332
4.5276  4.68615
4.5472  4.53349
4.5668  4.38524
4.5864  4.24127
4.606  4.10151
4.6256  3.96584
4.6452  3.83416
4.6648  3.70639
4.6844  3.58241
4.704  3.46214
4.7236  3.34549
4.7432  3.23237
4.7628  3.12268
4.7824  3.01633
4.802  2.91325
4.8216  2.81334
4.8412  2.71653
4.8608  2.62273
4.8804  2.53185
4.9  2.44384
4.9196  2.35859
4.9392  2.27605
4.9588  2.19614
4.9784  2.11878
4.998  2.0439
5.0176  1.97144
5.0372  1.90133
5.0568  1.8335
5.0764  1.76788
5.096  1.70442
5.1156  1.64304
5.1352  1.5837
5.1548  1.52633
5.1744  1.47087
5.194  1.41726
5.2136  1.36546
5.2332  1.31541
5.2528  1.26705
5.2724  1.22034
5.292  1.17522
5.3116  1.13164
5.3312  1.08957
5.3508  1.04894
5.3704  1.00973
5.39  0.971874
5.4096  0.935341
5.4292  0.900086
5.4488  0.86607
5.4684  0.833253
5.488  0.801596
5.5076  0.771062
5.5272  0.741616
5.5468  0.713221
5.5664  0.685843
5.586  0.65945
5.6056  0.634008
5.6252  0.609486
5.6448  0.585855
5.6644  0.563083
5.684  0.541142
5.7036  0.520005
5.7232  0.499644
5.7428  0.480032
5.7624  0.461145
5.782  0.442958
5.8016  0.425446
5.8212  0.408586
5.8408  0.392356
5.8604  0.376733
5.88  0.361697
5.8996  0.347228
5.9192  0.333304
5.9388  0.319907
5.9584  0.307019
5.978  0.294621
5.9976  0.282695
6.0172  0.271225
6.0368  0.260195
6.0564  0.249588
6.076  0.23939
6.0956  0.229585
6.1152  0.22016
6.1348  0.2111
6.1544  0.202392
6.174  0.194023
6.1936  0.18598
6.2132  0.178253
6.2328  0.170828
6.2524  0.163695
6.272  0.156842
6.2916  0.15026
6.3112  0.143938
6.3308  0.137867
6.3504  0.132036
6.37  0.126438
6.3896  0.121063
6.4092  0.115902
6.4288  0.110948
6.4484  0.106192
6.468  0.101627
6.4876  0.0972467
6.5072  0.0930425
6.5268  0.0890084
6.5464  0.0851375
6.566  0.0814236
6.5856  0.0778608
6.6052  0.074443
6.6248  0.0711647
6.6444  0.0680204
6.664  0.065005
6.6836  0.0621134
6.7032  0.0593407
6.7228  0.0566824
6.7424  0.0541338
6.762  0.0516908
6.7816  0.0493492
6.8012  0.0471048
6.8208  0.044954
6.8404  0.042893
6.86  0.0409183
6.8796  0.0390265
6.8992  0.0372143
6.9188  0.0354785
6.9384  0.033816
6.958  0.0322241
6.9776  0.0306999
6.9972  0.0292407
7.0168  0.0278438
7.0364  0.0265069
7.056  0.0252275
7.0756  0.0240034
7.0952  0.0228322
7.1148  0.021712
7.1344  0.0206407
7.154  0.0196163
7.1736  0.018637
7.1932  0.0177009
7.2128  0.0168064
7.2324  0.0159518
7.252  0.0151354
7.2716  0.0143557
7.2912  0.0136113
7.3108  0.0129008
7.3304  0.0122227
7.35  0.0115759
7.3696  0.010959
7.3892  0.0103708
7.4088  0.00981017
7.4284  0.00927604
7.448  0.00876728
7.4676  0.0082829
7.4872  0.0078219
7.5068  0.00738339
7.5264  0.00696636
7.546  0.00656999
7.5656  0.00619341
7.5852  0.00583586
7.6048  0.00549651
7.6244  0.00517463
7.644  0.00486948
7.6636  0.0045804
7.6832  0.0043067
7.7028  0.00404774
7.7224  0.00380289
7.742  0.00357155
7.7616  0.00335316
7.7812  0.00314715
7.8008  0.00295299
7.8204  0.00277019
7.84  0.0025982
7.8596  0.00243658
7.8792  0.00228485
7.8988  0.00214258
7.9184  0.00200932
7.938  0.00188465
7.9576  0.00176817
7.9772  0.00165951
7.9968  0.00155829
8.0164  0.00146413
8.036  0.00137669
8.0556  0.00129564
8.0752  0.00122065
8.0948  0.00115138
8.1144  0.00108757
8.134  0.00102889
8.1536  0.000975066
8.1732  0.000925824
8.1928  0.000880902
8.2124  0.000840035
8.232  0.000802981
8.2516  0.000769504
8.2712  0.000739372
8.2908  0.00071236
8.3104  0.000688256
8.33  0.000666856
8.3496  0.000647964
8.3692  0.000631377
8.3888  0.00061692
8.4084  0.000604421
8.428  0.000593702
8.4476  0.000584603
8.4672  0.000576974
8.4868  0.000570662
8.5064  0.000565521
8.526  0.000561415
8.5456  0.000558229
8.5652  0.000555815
8.5848  0.000554079
8.6044  0.000552899
8.624  0.000552168
8.6436  0.00055179
8.6632  0.000551671
8.6828  0.000551726
8.7024  0.000551868
8.722  0.000552015
8.7416  0.00055211
8.7612  0.000552079
8.7808  0.000551858
8.8004  0.000551385
8.82  0.000550625
8.8396  0.000549522
8.8592  0.00054804
8.8788  0.000546134
8.8984  0.000543775
8.918  0.000540931
8.9376  0.000537589
8.9572  0.00053372
8.9768  0.000529311
8.9964  0.000524352
9.016  0.000518836
9.0356  0.000512755
9.0552  0.000506111
9.0748  0.000498899
9.0944  0.000491143
9.114  0.000482828
9.1336  0.000473988
9.1532  0.000464625
9.1728  0.000454756
9.1924  0.000444404
9.212  0.000433597
9.2316  0.000422353
9.2512  0.000410694
9.2708  0.000398659
9.2904  0.00038627
9.31  0.000373561
9.3296  0.000360564
9.3492  0.000347318
9.3688  0.000333856
9.3884  0.00032021
9.408  0.000306421
9.4276  0.000292529
9.4472  0.00027857
9.4668  0.000264578
9.4864  0.000250597
9.506  0.000236663
9.5256  0.00022282
9.5452  0.000209099
9.5648  0.000195547
9.5844  0.000182194
9.604  0.000169076
9.6236  0.000156237
9.6432  0.000143706
9.6628  0.00013152
9.6824  0.00011971
9.702  0.000108312
9.7216  9.73534e-05
9.7412  8.68636e-05
9.7608  7.68682e-05
9.7804  6.73987e-05
9.8  5.84762e-05
9.8196  5.01272e-05
9.8392  4.23663e-05
9.8588  3.52186e-05
9.8784  2.86987e-05
9.898  2.28223e-05
9.9176  1.76036e-05
9.9372  1.30517e-05
9.9568  9.17734e-06
9.9764  5.98791e-06
9.996  3.4882e-06
10.0156  1.68179e-06
10.0352  5.68174e-07
10.0548  1.47097e-07
10.0744  4.15345e-07
10.094  1.36726e-06
10.1136  2.99592e-06
10.1332  5.29143e-06
10.1528  8.24342e-06
10.1724  1.18381e-05
10.192  1.60587e-05
10.2116  2.08898e-05
10.2312  2.63148e-05
10.2508  3.23095e-05
10.2704  3.88543e-05
10.29  4.59258e-05
10.3096  5.34962e-05
10.3292  6.15439e-05
10.3488  7.00357e-05
10.3684  7.89432e-05
10.388  8.82412e-05
10.4076  9.78943e-05
10.4272  0.000107871
10.4468  0.000118137
10.4664  0.000128663
10.486  0.000139411
10.5056  0.000150344
10.5252  0.000161433
10.5448  0.000172636
10.5644  0.00018392
10.584  0.000195247
10.6036  0.000206585
10.6232  0.000217897
10.6428  0.000229145
10.6624  0.000240294
10.682  0.000251312
10.7016  0.00026216
10.7212  0.000272803
10.7408  0.000283213
10.7604  0.00029336
10.78  0.000303206
10.7996  0.000312723
10.8192  0.00032188
10.8388  0.000330652
10.8584  0.000339008
10.878  0.000346932
10.8976  0.00035439
10.9172  0.000361358
10.9368  0.000367825
10.9564  0.000373764
10.976  0.000379154
10.9956  0.000383987
11.0152  0.000388242
11.0348  0.000391917
11.0544  0.000394981
11.074  0.000397448
11.0936  0.00039929
11.1132  0.000400516
11.1328  0.000401117
11.1524  0.000401096
11.172  0.000400447
11.1916  0.000399172
11.2112  0.00039728
11.2308  0.000394775
11.2504  0.000391668
11.27  0.000387962
11.2896  0.000383674
11.3092  0.000378812
11.3288  0.000373394
11.3484  0.000367439
11.368  0.000360963
11.3876  0.000353983
11.4072  0.000346523
11.4268  0.00033861
11.4464  0.000330262
11.466  0.00032151
11.4856  0.000312373
11.5052  0.000302886
11.5248  0.000293075
11.5444  0.000282973
11.564  0.00027261
11.5836  0.000262012
11.6032  0.000251218
11.6228  0.000240261
11.6424  0.000229175
11.662  0.000217987
11.6816  0.000206741
11.7012  0.00019547
11.7208  0.000184209
11.7404  0.000172992
11.76  0.000161853
11.7796  0.000150824
11.7992  0.000139951
11.8188  0.000129261
11.8384  0.000118788
11.858  0.000108567
11.8776  9.86289e-05
11.8972  8.90132e-05
11.9168  7.97469e-05
11.9364  7.08593e-05
11.956  6.23827e-05
11.9756  5.4344e-05
11.9952  4.67761e-05
12.0148  3.9702e-05
12.0344  3.31467e-05
12.054  2.71361e-05
12.0736  2.16924e-05
12.0932  1.68364e-05
12.1128  1.25898e-05
12.1324  8.9699e-06
12.152  5.99247e-06
12.1716  3.6745e-06
12.1912  2.02937e-06
12.2108  1.06824e-06
12.2304  8.01559e-07
12.25  1.23755e-06
12.2696  2.38269e-06
12.2892  4.2416e-06
12.3088  6.81792e-06
12.3284  1.01132e-05
12.348  1.41242e-05
12.3676  1.885e-05
12.3872  2.42876e-05
12.4068  3.04295e-05
12.4264  3.72673e-05
12.446  4.47918e-05
12.4656  5.29939e-05
12.4852  6.18554e-05
12.5048  7.13677e-05
12.5244  8.15095e-05
12.544  9.22669e-05
12.5636  0.000103616
12.5832  0.000115538
12.6028  0.000128009
12.6224  0.000141007
12.642  0.000154506
12.6616  0.000168481
12.6812  0.000182905
12.7008  0.000197746
12.7204  0.000212975
12.74  0.000228561
12.7596  0.000244474
12.7792  0.000260684
12.7988  0.000277152
12.8184  0.000293849
12.838  0.000310734
12.8576  0.00032778
12.8772  0.000344952
12.8968  0.000362204
12.9164  0.000379511
12.936  0.000396836
12.9556  0.000414136
12.9752  0.000431383
12.9948  0.000448531
13.0144  0.000465561
13.034  0.000482421
13.0536  0.000499092
13.0732  0.000515526
13.0928  0.000531697
13.1124  0.000547565
13.132  0.000563101
13.1516  0.000578282
13.1712  0.000593065
13.1908  0.000607424
13.2104  0.00062133
13.23  0.000634759
13.2496  0.00064768
13.2692  0.00066007
13.2888  0.000671905
13.3084  0.000683165
13.328  0.000693815
13.3476  0.000703854
13.3672  0.000713255
13.3868  0.000721991
13.4064  0.000730065
13.426  0.000737446
13.4456  0.000744132
13.4652  0.000750111
13.4848  0.000755366
13.5044  0.000759894
13.524  0.000763686
13.5436  0.00076675
13.5632  0.000769071
13.5828  0.000770648
13.6024  0.000771488
13.622  0.000771587
13.6416  0.000770956
13.6612  0.000769582
13.6808  0.000767492
13.7004  0.000764685
13.72  0.000761169
13.7396  0.000756973
13.7592  0.000752082
13.7788  0.000746524
13.7984  0.000740316
13.818  0.000733475
13.8376  0.000726018
13.8572  0.000717956
13.8768  0.000709312
13.8964  0.000700119
13.916  0.000690392
13.9356  0.000680154
13.9552  0.000669423
13.9748  0.000658232
13.9944  0.000646607
14.014  0.000634566
14.0336  0.000622148
14.0532  0.000609376
14.0728  0.000596271
14.0924  0.000582869
14.112  0.000569203
14.1316  0.0005553
14.1512  0.000541177
14.1708  0.000526875
14.1904  0.00051242
14.21  0.000497839
14.2296  0.000483169
14.2492  0.000468431
14.2688  0.000453665
14.2884  0.000438894
14.308  0.000424137
14.3276  0.000409425
14.3472  0.000394798
14.3668  0.000380272
14.3864  0.000365877
14.406  0.000351634
14.4256  0.000337576
14.4452  0.000323712
14.4648  0.000310083
14.4844  0.000296698
14.504  0.000283588
14.5236  0.000270762
14.5432  0.000258248
14.5628  0.000246058
14.5824  0.000234211
14.602  0.000222724
14.6216  0.000211613
14.6412  0.000200893
14.6608  0.00019057
14.6804  0.000180659
14.7  0.000171167
14.7196  0.000162109
14.7392  0.000153487
14.7588  0.000145308
14.7784  0.000137577
14.798  0.000130299
14.8176  0.000123477
14.8372  0.000117114
14.8568  0.000111204
14.8764  0.000105749
14.896  0.000100749
14.9156  9.61954e-05
14.9352  9.20899e-05
14.9548  8.8422e-05
14.9744  8.51914e-05
14.994  8.23825e-05
15.0136  7.99923e-05
15.0332  7.80077e-05
15.0528  7.64207e-05
15.0724  7.52182e-05
15.092  7.43925e-05
15.1116  7.39246e-05
15.1312  7.38012e-05
15.1508  7.401e-05
15.1704  7.45397e-05
15.19  7.53694e-05
15.2096  7.6487e-05
15.2292  7.78736e-05
15.2488  7.9512e-05
15.2684  8.13871e-05
15.288  8.34784e-05
15.3076  8.57706e-05
15.3272  8.82472e-05
15.3468  9.08917e-05
15.3664  9.36794e-05
15.386  9.65975e-05
15.4056  9.96287e-05
15.4252  0.000102751
15.4448  0.000105951
15.4644  0.000109211
15.484  0.000112512
15.5036  0.000115837
15.5232  0.000119172
15.5428  0.000122505
15.5624  0.000125812
15.582  0.000129083
15.6016  0.000132302
15.6212  0.00013546
15.6408  0.000138542
15.6604  0.000141533
15.68  0.000144423
15.6996  0.000147204
15.7192  0.000149863
15.7388  0.000152395
15.7584  0.000154791
15.778  0.000157037
15.7976  0.000159136
15.8172  0.000161077
15.8368  0.000162861
15.8564  0.000164479
15.876  0.00016593
15.8956  0.000167216
15.9152  0.000168334
15.9348  0.000169284
15.9544  0.000170065
15.974  0.000170686
15.9936  0.000171146
16.0132  0.000171449
16.0328  0.000171607
16.0524  0.000171616
16.072  0.000171487
16.0916  0.000171234
16.1112  0.000170858
16.1308  0.000170372
16.1504  0.00016979
16.17  0.000169118
16.1896  0.000168369
16.2092  0.000167559
16.2288  0.000166694
16.2484  0.000165797
16.268  0.000164876
16.2876  0.000163956
16.3072  0.000163039
16.3268  0.00016215
16.3464  0.000161303
16.366  0.000160518
16.3856  0.000159807
16.4052  0.000159193
16.4248  0.000158691
16.4444  0.000158318
16.464  0.000158093
16.4836  0.000158035
16.5032  0.000158162
16.5228  0.00015849
16.5424  0.000159035
16.562  0.000159822
16.5816  0.000160863
16.6012  0.000162175
16.6208  0.000163782
16.6404  0.000165691
16.66  0.000167922
16.6796  0.000170494
16.6992  0.000173418
16.7188  0.000176712
16.7384  0.000180383
16.758  0.000184453
16.7776  0.000188934
16.7972  0.000193833
16.8168  0.000199166
16.8364  0.000204937
16.856  0.000211163
16.8756  0.000217846
16.8952  0.000225001
16.9148  0.000232632
16.9344  0.000240747
16.954  0.000249348
16.9736  0.000258435
16.9932  0.000268019
17.0128  0.000278099
17.0324  0.000288678
17.052  0.000299756
17.0716  0.000311326
17.0912  0.000323389
17.1108  0.000335944
17.1304  0.000348986
17.15  0.000362507
17.1696  0.000376503
17.1892  0.000390967
17.2088  0.000405892
17.2284  0.000421267
17.248  0.000437073
17.2676  0.00045331
17.2872  0.000469964
17.3068  0.000487022
17.3264  0.000504462
17.346  0.000522277
17.3656  0.000540444
17.3852  0.000558951
17.4048  0.000577782
17.4244  0.00059691
17.444  0.000616325
17.4636  0.000635993
17.4832  0.000655912
17.5028  0.000676051
17.5224  0.000696391
17.542  0.000716906
17.5616  0.000737571
17.5812  0.000758362
17.6008  0.000779268
17.6204  0.000800259
17.64  0.000821296
17.6596  0.000842379
17.6792  0.000863462
17.6988  0.000884526
17.7184  0.000905558
17.738  0.00092652
17.7576  0.000947385
17.7772  0.000968133
17.7968  0.000988737
17.8164  0.00100918
17.836  0.00102943
17.8556  0.00104946
17.8752  0.00106925
17.8948  0.00108878
17.9144  0.00110802
17.934  0.00112695
17.9536  0.00114554
17.9732  0.00116378
17.9928  0.00118163
18.0124  0.00119909
18.032  0.00121615
18.0516  0.00123276
18.0712  0.00124891
18.0908  0.00126459
18.1104  0.00127977
18.13  0.00129445
18.1496  0.00130861
18.1692  0.00132222
18.1888  0.00133529
18.2084  0.00134779
18.228  0.00135971
18.2476  0.00137103
18.2672  0.00138176
18.2868  0.00139189
18.3064  0.00140139
18.326  0.00141029
18.3456  0.00141854
18.3652  0.00142615
18.3848  0.00143313
18.4044  0.00143947
18.424  0.00144516
18.4436  0.00145021
18.4632  0.00145461
18.4828  0.00145836
18.5024  0.00146148
18.522  0.00146394
18.5416  0.00146577
18.5612  0.00146698
18.5808  0.00146755
18.6004  0.0014675
18.62  0.00146684
18.6396  0.00146557
18.6592  0.00146371
18.6788  0.00146126
18.6984  0.00145823
18.718  0.00145464
18.7376  0.0014505
18.7572  0.00144582
18.7768  0.00144061
18.7964  0.00143488
18.816  0.00142866
18.8356  0.00142196
18.8552  0.00141478
18.8748  0.00140716
18.8944  0.0013991
18.914  0.00139064
18.9336  0.00138174
18.9532  0.00137249
18.9728  0.00136286
18.9924  0.00135289
19.012  0.00134259
19.0316  0.00133198
19.0512  0.00132108
19.0708  0.00130991
19.0904  0.00129847
19.11  0.0012868
19.1296  0.00127491
19.1492  0.00126283
19.1688  0.00125057
19.1884  0.00123815
19.208  0.00122558
19.2276  0.00121289
19.2472  0.00120009
19.2668  0.00118722
19.2864  0.00117425
19.306  0.00116125
19.3256  0.0011482
19.3452  0.00113513
19.3648  0.00112206
19.3844  0.00110899
19.404  0.00109595
19.4236  0.00108295
19.4432  0.00107001
19.4628  0.00105713
19.4824  0.00104434
19.502  0.00103164
19.5216  0.00101904
19.5412  0.00100656
19.5608  0.000994218
19.5804  0.000982015
19.6  0.000969956
19.6196  0.00095806
19.6392  0.000946326
19.6588  0.000934767
19.6784  0.000923401
19.698  0.000912225
19.7176  0.000901239
19.7372  0.000890462
19.7568  0.000879893
19.7764  0.000869535
19.796  0.000859404
19.8156  0.000849489
19.8352  0.000839798
19.8548  0.000830332
19.8744  0.000821101
19.894  0.000812105
19.9136  0.000803331
19.9332  0.000794806
19.9528  0.000786503
19.9724  0.000778437
19.992  0.00077061
20.0116  0.000763018
20.0312  0.00075565
20.0508  0.000748511
20.0704  0.000741608
20.09  0.000734933
20.1096  0.00072848
20.1292  0.00072225
20.1488  0.000716229
20.1684  0.000710423
20.188  0.000704836
20.2076  0.000699454
20.2272  0.000694271
20.2468  0.0006893
20.2664  0.00068451
20.286  0.000679932
20.3056  0.000675524
20.3252  0.000671311
20.3448  0.00066727
20.3644  0.000663411
20.384  0.000659717
20.4036  0.000656196
20.4232  0.000652837
20.4428  0.000649631
20.4624  0.000646582
20.482  0.00064368
20.5016  0.000640927
20.5212  0.000638319
20.5408  0.000635848
20.5604  0.000633512
20.58  0.000631309
20.5996  0.000629235
20.6192  0.000627288
20.6388  0.000625466
20.6584  0.000623754
20.678  0.000622168
20.6976  0.000620698
20.7172  0.000619335
20.7368  0.000618088
20.7564  0.000616949
20.776  0.000615918
20.7956  0.000614996
20.8152  0.000614173
20.8348  0.000613463
20.8544  0.000612847
20.874  0.000612344
20.8936  0.000611934
20.9132  0.000611636
20.9328  0.000611432
20.9524  0.000611333
20.972  0.000611342
20.9916  0.00061145
21.0112  0.000611657
21.0308  0.000611976
21.0504  0.000612397
21.07  0.000612919
21.0896  0.000613546
21.1092  0.000614288
21.1288  0.00061514
21.1484  0.000616097
21.168  0.000617167
21.1876  0.000618341
21.2072  0.000619642
21.2268  0.000621056
21.2464  0.000622572
21.266  0.000624217
21.2856  0.000625974
21.3052  0.00062785
21.3248  0.000629846
21.3444  0.000631965
21.364  0.000634197
21.3836  0.000636554
21.4032  0.000639034
21.4228  0.000641636
21.4424  0.000644353
21.462  0.000647202
21.4816  0.000650165
21.5012  0.00065325
21.5208  0.00065646
21.5404  0.00065979
21.56  0.000663234
21.5796  0.000666794
21.5992  0.000670464
21.6188  0.000674253
21.6384  0.000678151
21.658  0.000682161
21.6776  0.000686268
21.6972  0.00069049
21.7168  0.000694805
21.7364  0.000699213
21.756  0.000703718
21.7756  0.000708311
21.7952  0.000712983
21.8148  0.000717733
21.8344  0.000722562
21.854  0.000727457
21.8736  0.000732408
21.8932  0.000737433
21.9128  0.000742498
21.9324  0.000747604
21.952  0.000752756
21.9716  0.00075794
21.9912  0.000763141
22.0108  0.000768366
22.0304  0.000773599
22.05  0.000778838
22.0696  0.000784069
22.0892  0.000789292
22.1088  0.000794481
22.1284  0.000799648
22.148  0.000804775
22.1676  0.000809854
22.1872  0.000814879
22.2068  0.000819847
22.2264  0.000824733
22.246  0.000829545
22.2656  0.00083426
22.2852  0.000838887
22.3048  0.000843395
22.3244  0.000847798
22.344  0.000852066
22.3636  0.000856207
22.3832  0.000860204
22.4028  0.000864048
22.4224  0.000867741
22.442  0.000871259
22.4616  0.000874604
22.4812  0.000877773
22.5008  0.000880743
22.5204  0.00088352
22.54  0.000886093
22.5596  0.000888453
22.5792  0.000890596
22.5988  0.000892522
22.6184  0.000894203
22.638  0.000895658
22.6576  0.000896869
22.6772  0.000897828
22.6968  0.000898541
22.7164  0.000898997
22.736  0.000899193
22.7556  0.000899128
22.7752  0.000898785
22.7948  0.000898186
22.8144  0.000897301
22.834  0.00089615
22.8536  0.000894722
22.8732  0.000893018
22.8928  0.00089103
22.9124  0.000888764
22.932  0.000886229
22.9516  0.000883411
22.9712  0.000880309
22.9908  0.000876944
23.0104  0.000873293
23.03  0.000869373
23.0496  0.000865183
23.0692  0.000860731
23.0888  0.00085601
23.1084  0.000851036
23.128  0.000845804
23.1476  0.000840316
23.1672  0.000834596
23.1868  0.00082863
23.2064  0.000822418
23.226  0.00081599
23.2456  0.000809341
23.2652  0.000802466
23.2848  0.000795388
23.3044  0.00078811
23.324  0.000780634
23.3436  0.000772972
23.3632  0.000765134
23.3828  0.000757125
23.4024  0.000748942
23.422  0.000740621
23.4416  0.000732148
23.4612  0.000723544
23.4808  0.000714805
23.5004  0.000705959
23.52  0.000696997
23.5396  0.000687934
23.5592  0.000678774
23.5788  0.000669546
23.5984  0.000660233
23.618  0.000650864
23.6376  0.000641436
23.6572  0.000631977
23.6768  0.000622474
23.6964  0.000612941
23.716  0.000603396
23.7356  0.000593841
23.7552  0.000584286
23.7748  0.000574737
23.7944  0.000565213
23.814  0.000555704
23.8336  0.000546228
23.8532  0.000536803
23.8728  0.000527422
23.8924  0.00051809
23.912  0.000508824
23.9316  0.00049963
23.9512  0.000490504
23.9708  0.000481472
23.9904  0.00047252
24.01  0.00046366
24.0296  0.000454899
24.0492  0.000446247
24.0688  0.000437694
24.0884  0.000429259
24.108  0.000420935
24.1276  0.000412731
24.1472  0.00040465
24.1668  0.0003967
24.1864  0.000388875
24.206  0.000381178
24.2256  0.000373614
24.2452  0.000366184
24.2648  0.000358885
24.2844  0.000351727
24.304  0.000344701
24.3236  0.000337814
24.3432  0.000331063
24.3628  0.000324443
24.3824  0.000317965
24.402  0.000311613
24.4216  0.000305397
24.4412  0.000299312
24.4608  0.000293357
24.4804  0.000287528
24.5  0.000281823
24.5196  0.000276241
24.5392  0.000270777
24.5588  0.000265437
24.5784  0.000260201
24.598  0.000255079
24.6176  0.00025006
24.6372  0.000245146
24.6568  0.000240329
24.6764  0.00023561
24.696  0.000230988
24.7156  0.000226447
24.7352  0.000221989
24.7548  0.000217613
24.7744  0.000213308
24.794  0.000209075
24.8136  0.000204914
24.8332  0.000200813
24.8528  0.000196771
24.8724  0.000192779
24.892  0.000188847
24.9116  0.000184957
24.9312  0.00018111
24.9508  0.000177306
24.9704  0.000173535
24.99  0.000169798
25.0096  0.000166088
25.0292  0.000162409
25.0488  0.000158752
25.0684  0.000155114
25.088  0.000151497
25.1076  0.00014789
25.1272  0.000144303
25.1468  0.000140728
25.1664  0.000137161
25.186  0.000133603
25.2056  0.000130053
25.2252  0.00012651
25.2448  0.000122972
25.2644  0.000119441
25.284  0.000115915
25.3036  0.000112395
25.3232  0.000108878
25.3428  0.00010537
25.3624  0.000101867
25.382  9.83721e-05
25.4016  9.48869e-05
25.4212  9.14115e-05
25.4408  8.79512e-05
25.4604  8.45043e-05
25.48  8.10752e-05
25.4996  7.76653e-05
25.5192  7.42768e-05
25.5388  7.09154e-05
25.5584  6.75793e-05
25.578  6.42759e-05
25.5976  6.10069e-05
25.6172  5.77781e-05
25.6368  5.45923e-05
25.6564  5.14511e-05
25.676  4.83617e-05
25.6956  4.53272e-05
25.7152  4.23525e-05
25.7348  3.94403e-05
25.7544  3.65975e-05
25.774  3.38272e-05
25.7936  3.1134e-05
25.8132  2.85231e-05
25.8328  2.60008e-05
25.8524  2.35697e-05
25.872  2.1233e-05
25.8916  1.90001e-05
25.9112  1.68724e-05
25.9308  1.48561e-05
25.9504  1.29553e-05
25.97  1.11737e-05
25.9896  9.51683e-06
26.0092  7.98849e-06
26.0288  6.59363e-06
26.0484  5.33599e-06
26.068  4.21855e-06
26.0876  3.2471e-06
26.1072  2.42282e-06
26.1268  1.7512e-06
26.1464  1.23442e-06
26.166  8.76088e-07
26.1856  6.78378e-07
26.2052  6.44294e-07
26.2248  7.76345e-07
26.2444  1.07611e-06
26.264  1.54593e-06
26.2836  2.18653e-06
26.3032  2.99988e-06
26.3228  3.98759e-06
26.3424  5.14884e-06
26.362  6.48592e-06
26.3816  7.99736e-06
26.4012  9.68376e-06
26.4208  1.1543e-05
26.4404  1.35775e-05
26.46  1.57841e-05
26.4796  1.81616e-05
26.4992  2.07092e-05
26.5188  2.34216e-05
26.5384  2.63012e-05
26.558  2.93429e-05
26.5776  3.25456e-05
26.5972  3.59024e-05
26.6168  3.94147e-05
26.6364  4.30737e-05
26.656  4.68758e-05
26.6756  5.08227e-05
26.6952  5.49039e-05
26.7148  5.9117e-05
26.7344  6.34574e-05
26.754  6.79198e-05
26.7736  7.24947e-05
26.7932  7.71802e-05
26.8128  8.19684e-05
26.8324  8.68594e-05
26.852  9.18373e-05
26.8716  9.69047e-05
26.8912  0.000102046
26.9108  0.000107261
26.9304  0.000112542
26.95  0.000117881
26.9696  0.000123272
26.9892  0.000128707
27.0088  0.000134175
27.0284  0.000139677
27.048  0.0001452
27.0676  0.000150743
27.0872  0.00015629
27.1068  0.000161835
27.1264  0.000167378
27.146  0.00017291
27.1656  0.00017842
27.1852  0.0001839
27.2048  0.00018935
27.2244  0.000194757
27.244  0.000200119
27.2636  0.000205427
27.2832  0.000210677
27.3028  0.000215857
27.3224  0.000220967
27.342  0.000226004
27.3616  0.000230956
27.3812  0.00023582
27.4008  0.00024059
27.4204  0.000245266
27.44  0.000249835
27.4596  0.000254298
27.4792  0.000258654
27.4988  0.000262895
27.5184  0.000267019
27.538  0.000271022
27.5576  0.000274906
27.5772  0.000278661
27.5968  0.000282286
27.6164  0.000285785
27.636  0.000289153
27.6556  0.000292389
27.6752  0.000295491
27.6948  0.000298461
27.7144  0.000301296
27.734  0.000303998
27.7536  0.000306571
27.7732  0.000309011
27.7928  0.000311313
27.8124  0.000313492
27.832  0.000315547
27.8516  0.000317472
27.8712  0.000319275
27.8908  0.000320954
27.9104  0.000322519
27.93  0.00032397
27.9496  0.000325309
27.9692  0.000326543
27.9888  0.000327672
28.0084  0.000328697
28.028  0.000329639
28.0476  0.000330482
28.0672  0.00033125
28.0868  0.000331929
28.1064  0.000332537
28.126  0.000333073
28.1456  0.000333554
28.1652  0.000333974
28.1848  0.000334342
28.2044  0.000334661
28.224  0.000334948
28.2436  0.000335191
28.2632  0.00033541
28.2828  0.000335617
28.3024  0.000335804
28.322  0.000335987
28.3416  0.000336166
28.3612  0.000336349
28.3808  0.000336539
28.4004  0.000336755
28.42  0.000336991
28.4396  0.000337258
28.4592  0.000337565
28.4788  0.000337906
28.4984  0.0003383
28.518  0.00033875
28.5376  0.000339262
28.5572  0.000339837
28.5768  0.000340489
28.5964  0.00034121
28.616  0.00034201
28.6356  0.000342908
28.6552  0.00034389
28.6748  0.000344972
28.6944  0.000346157
28.714  0.000347452
28.7336  0.000348846
28.7532  0.000350361
28.7728  0.000351988
28.7924  0.000353745
28.812  0.000355616
28.8316  0.000357623
28.8512  0.000359749
28.8708  0.000362012
28.8904  0.000364414
28.91  0.000366949
28.9296  0.000369623
28.9492  0.000372437
28.9688  0.000375391
28.9884  0.000378488
29.008  0.000381728
29.0276  0.000385116
29.0472  0.000388646
29.0668  0.000392314
29.0864  0.000396131
29.106  0.000400098
29.1256  0.0004042
29.1452  0.000408449
29.1648  0.000412841
29.1844  0.000417374
29.204  0.000422049
29.2236  0.00042686
29.2432  0.00043181
29.2628  0.000436896
29.2824  0.000442114
29.302  0.000447473
29.3216  0.000452953
29.3412  0.000458562
29.3608  0.000464302
29.3804  0.000470162
29.4  0.000476141
